0.0,1.0323,0.0,0.8247,0.0,1.57,0.0
0.002222232658615869,1.0323312389663324,0.004276304386200628,0.8268918335833,0.0010130835980066027,1.5678701696530646,0.006443831537053752
0.0076601404974328095,1.03241161809484,0.014717364218395347,0.832251067491841,0.003478822760221837,1.56267092374629,0.022181973814355306
0.016280345006923522,1.0325466626609698,0.03122873711049584,0.8407405637971639,0.007361016937304801,1.5544514607335362,0.04708005678130325
0.02733612303120214,1.0327308800040207,0.052342068628416324,0.8516186793843655,0.012299182329586192,1.5439442533383012,0.07893227271157835
0.03970368715846162,1.0329524365920717,0.07587040821161542,0.8637719910019739,0.017766302808259277,1.5322399207009916,0.11444688763258015
0.05218491362296268,1.0331963352719302,0.09949622944792189,0.8760160342786278,0.023209424831850355,1.5204931097302283,0.1501323397574994
0.06374069532617249,1.0334482510409995,0.121217612524826,0.8873250175060972,0.028155356550952058,1.5097008635445794,0.18297214195967337
0.07363274921380523,1.033696594455884,0.1396217684200147,0.8969716388155738,0.03227449717821681,1.5005662382149436,0.2108347982209445
0.08147778840475085,1.033933613689191,0.15398687670611852,0.9045802558158887,0.03540321370451515,1.4934478496475516,0.23262880353808088
0.08722869878652996,1.0341553943635688,0.16424264856265525,0.9101079873772552,0.03753310123417539,1.4883795507061852,0.2482440003664848
0.09110825131704131,1.034362993376671,0.17083665672486845,0.9137772262736255,0.038780069389732046,1.4851370365472516,0.2583493407217879
0.09350984273008293,1.0345596536554995,0.17454457022242983,0.9159792738576285,0.03933561067333829,1.4833327526334465,0.26410969414617635
0.09489934231265158,1.0347493804805796,0.1762787949734167,0.9171766618870958,0.03942095305622168,1.4825116816949828,0.26689703964187117
0.09572964884967015,1.0349361792104197,0.17692282442317575,0.917818693451195,0.0392479550110337,1.4822335176878472,0.2680412525587668
0.09637893723612262,1.0351233830949274,0.1772121317694573,0.9182803656423472,0.038991466031743166,1.4821319096241468,0.2686503363325033
0.09711612897576301,1.0353133165196002,0.17766811844826663,0.9188282319007776,0.03877419090652943,1.4819473192027806,0.2695105501501261
0.09809233993098503,1.0355068624291062,0.17858229943106338,0.9196119217998611,0.038663853508935565,1.481534761974199,0.2710619638037994
0.09935210606442466,1.0357034957815603,0.18003897625520296,0.920675300794899,0.03867862328080891,1.4808526298185825,0.2734326107682684
0.10085584288806877,1.0359021650418134,0.1819619250375208,0.9219801645671968,0.03879697881996191,1.4799395473974681,0.276509791447835
0.10251455446472776,1.0361019416316262,0.1841784651912842,0.92343881318399,0.038976161765062696,1.4788818535460106,0.28003441476545093
0.10421986417081093,1.0363021571018378,0.18647806168192277,0.9249438845656347,0.03916597746751312,1.4777844011552448,0.2836894425122818
0.10586883672448442,1.0365023944489336,0.18866079140395328,0.9263931299042936,0.03931996648085975,1.4767465353831772,0.2871730676056582
0.10738103684965697,1.0367024675715963,0.19057063661710086,0.9277064562700925,0.03940287086684763,1.4758455972127682,0.29024915662090645
0.10870723094254593,1.036902357865113,0.1921124153589343,0.9288346789728174,0.03939419651125243,1.475128583725423,0.2927730462858822
0.10983034566475945,1.037102116987804,0.1932538405911059,0.9297607822404607,0.03928804736382406,1.474611287803575,0.29469514160474986
0.11076392659177742,1.037301814677204,0.19401968733296543,0.9304968320624367,0.03909397976189101,1.47428055825989,0.29605045523291557
0.11154013434769439,1.0375015099273353,0.19447222564613237,0.9310740835747476,0.03882889309648035,1.4741049384137526,0.29693147522167546
0.11220078745922284,1.0377012390359173,0.19469353576952952,0.9315340033765082,0.038512958194257284,1.474043438074581,0.29746143691550486
0.11278908642401364,1.0379010156880875,0.19476904618862603,0.9319198908681556,0.038166024866189696,1.4740536514244633,0.2977693323577478
0.1133431796693625,1.0381008390505075,0.19477464770701408,0.9322703007856966,0.037804963652911985,1.474098078029225,0.2979702377209248
0.11389212361284032,1.0383007017196975,0.1947685096046584,0.9326148473474146,0.037442129154710055,1.4741481045395741,0.29815272542522314
0.11445426156773632,1.0385005943263301,0.19478769072585947,0.9329724473629066,0.03708507273371575,1.4741856134523392,0.2983735414610485
0.11503795216503875,1.0387005082588714,0.19484916426790727,0.9333518130445596,0.03673656959742784,1.4742023712607952,0.2986588327386426
0.11564033253182018,1.038900436886346,0.19495042285068662,0.9337515403737734,0.036393328165999654,1.4741990078846698,0.2990067626404353
0.11625413072159421,1.0391003761139646,0.1950784909438118,0.9341650680254848,0.03605112310406441,1.474182983634964,0.2993984585859098
0.11687029732623531,1.0393003233608162,0.19521556970959877,0.9345833920033288,0.03570584478377833,1.4741637308637505,0.2998069919083728
0.11748016798445059,1.0395002772184327,0.19534367919454027,0.934997409740253,0.035354235079662566,1.4741503729824574,0.30020460778009406
0.11807695943279997,1.0397002368426764,0.19544803095813143,0.9353996253435137,0.03499495513800698,1.4741501298249244,0.30056806738565384
0.11865654211743028,1.0399002017892458,0.19551894102601144,0.935785117945734,0.034628276642234036,1.4741674768294168,0.3008817671196346
0.11921855498391523,1.0401001716152927,0.19555237109994084,0.9361518178164301,0.034255251032490844,1.4742025038738864,0.3011387359403971
0.11976583403009372,1.04030014583885,0.19555175336823716,0.9365006400116445,0.033877168334651354,1.4742534436859906,0.3013423316834819
0.12030175021029087,1.0405001239346054,0.19552304019138034,0.9368351230966723,0.0334952195534189,1.4743174663312992,0.3015006442438234
0.1208296480563483,1.0407001053923328,0.1954733599440851,0.937159264760991,0.03311034602109958,1.4743912751322497,0.30162434660054643
0.12135244783792282,1.0409000897078764,0.1954098045935952,0.9374768841975889,0.032723218683867,1.4744716374301516,0.3017246498220793
0.12187205960130973,1.041100076423146,0.19533851184453957,0.9377911650997061,0.03233428562204161,1.4745557807884757,0.3018116670303739
0.12238944433868701,1.041300065141876,0.19526411447533282,0.9381040299664063,0.03194384100838074,1.47464162513651,0.30189334536675616
0.12290498198921283,1.0415000555377834,0.19518973229678585,0.9384160964487082,0.03155208772053621,1.4747279087562548,0.301975041789733
0.12341877819663616,1.0417000473474087,0.19511563888410546,0.9387273429618219,0.03115918175410831,1.4748140178090572,0.3020596400955424
0.1239308653147138,1.0419000403580376,0.19504083237493938,0.9390376535729684,0.030765258002553666,1.474899875201847,0.30214578665654146
0.12444130350034387,1.04210003439061,0.19496421671757866,0.9393468977340772,0.030370441856998835,1.4749860291221504,0.3022311509118634
0.12495020991413537,1.042300029298319,0.1948850845480274,0.9396549847932103,0.029974851699637418,1.4750731461563975,0.3023137979694349
0.12545774850147298,1.042500024955687,0.19480310557284944,0.9399618916666824,0.029578597397182806,1.4751617004778068,0.3023926361594566
0.125964105094345,1.0427000212547564,0.19471830924476202,0.940267705092616,0.029181777866585996,1.4752518906500551,0.3024673523371712
0.12646946404643045,1.0429000181023496,0.19463096868520624,0.9405725772039049,0.028784479777389294,1.4753436895859555,0.3025381083205494
0.12697399213499475,1.04310001541804,0.19454147016158413,0.9408766671168379,0.028386777323058495,1.4754369870477422,0.3026053598846126
0.12747783099523774,1.0433000131325838,0.194450211866266,0.9411801158052545,0.027988733018989815,1.4755315903261823,0.3026696778960513
0.12798109626452467,1.043500011186602,0.19435754483654416,0.941483037532386,0.027590399134794795,1.4756272628784397,0.30273162050320407
0.12848388051285017,1.0437000095294322,0.19426374976878663,0.941785522422526,0.02719181929196574,1.4757237613281473,0.3027916640414978
0.12898625782203646,1.0439000081179777,0.1941690382815089,0.9420876411603223,0.026793030033209122,1.475820864594203,0.3028501819548239
0.1294882883328734,1.0441000069156428,0.19407356610515278,0.9423894501312612,0.026394062172323277,1.4759183924705592,0.3029074530064279
0.12999002184019648,1.0443000058913874,0.1939774490064838,0.9426909952451935,0.025994941833566234,1.4760162121028249,0.30296368235416354
0.13049150076379892,1.0445000050187432,0.19388077756936445,0.942992315315228,0.025595691402770133,1.4761142348845486,0.3030190249840995
0.13099276153789877,1.0447000042752193,0.19378362622614193,0.9432934431621359,0.02519633001826493,1.476212409667573,0.3030736032626862
0.13149383545427634,1.0449000036418195,0.19368605857370416,0.9435944060053906,0.024796873941093506,1.4763107167424994,0.3031275183732448
0.13199474975991493,1.045100003102285,0.19358813133922861,0.94389522759172,0.024397337150908478,1.4764091723313932,0.3031808590547303
0.13249552786676394,1.0453000026428265,0.19348989491353735,0.9441959284459283,0.023997731532411554,1.4765077985317472,0.3032337038964344
0.1329961898930289,1.0455000022516847,0.1933913939958006,0.9444965263088885,0.02359806722778578,1.4766066059764755,0.30328612305611485
0.13349675309495113,1.0457000019187943,0.19329266782032611,0.944797036123243,0.023198352911343728,1.4767055902767363,0.3033381787320796
0.13399723257332855,1.0459000016353253,0.19319375109212128,0.9450974710668517,0.022798596180659863,1.4768047349787117,0.3033899264865558
0.1344976409312341,1.0461000013938944,0.19309467299579305,0.945397842045066,0.022398803381093846,1.4769040201031693,0.3034414133702465
0.13499798889586215,1.0463000011881887,0.19299545825139647,0.9456981584526317,0.021998979931721487,1.4770034236008687,0.3034926794107782
0.13549828546755463,1.0465000010128933,0.19289612749619953,0.9459984283277894,0.021599130391057833,1.477102924084663,0.30354375811048107
0.13599853830159356,1.046700000863475,0.19279669816061581,0.9462986585888388,0.021199258645132637,1.477202501942735,0.3035946777784418
0.1364987538506053,1.0469000007361062,0.1926971848240822,0.9465988551001432,0.020799367974929907,1.477302141047135,0.3036454620609404
0.1369989376255637,1.04710000062752,0.19259759987623865,0.9468990228207289,0.02039946118238957,1.4774018307666958,0.30369613097903
0.13749909430072618,1.0473000005349478,0.19249795380546472,0.9471991659599395,0.019999540642899796,1.4775015637337314,0.30374670143924964
0.1379992278694767,1.0475000004560275,0.1923982555789673,0.9474992881226323,0.019599608384260083,1.477601334269486,0.3037971878765939
0.13849934173792944,1.047700000388746,0.1922985128575271,0.9477993923863894,0.019199666134918993,1.477701137612527,0.30384760261742927
0.1389994388116854,1.0479000003313865,0.1921987321887463,0.9480994813776222,0.01879971536861632,1.4778009695227017,0.3038979561988557
0.13949952131687687,1.0481000002826342,0.19209891859642833,0.948399557149892,0.018399757213935487,1.4779008267078693,0.3039482567050439
0.13999959161024136,1.0483000002410967,0.19199907740835545,0.9486996218758404,0.017999792865867698,1.4780007051216464,0.3039985127230884
0.14049965155640073,1.0485000002056732,0.19189921283860606,0.9489996771038552,0.01759982327005736,1.4781006015127816,0.30404873104681673
0.14099970264293066,1.048700000175485,0.19179932825069343,0.949299724229058,0.017199849180847188,1.4782005132605314,0.3040989170991597
0.14149974595020234,1.0489000001498923,0.1916994260878048,0.949599764275983,0.01679987114606684,1.4783004384551686,0.30414907481930437
0.14199978289638068,1.0491000001280588,0.19159950955333416,0.9498997985573647,0.016399889885025214,1.4784003746547623,0.30419920937123457
0.14249981433669276,1.0493000001094783,0.1914995805800325,0.9501998276855169,0.01599990583145355,1.478500320370308,0.3042493238708386
0.14299984110063793,1.0495000000936623,0.19139964104167795,0.95049985253421,0.015599919406079325,1.478600274172034,0.3042994213387331
0.14349986318821623,1.0497000000806105,0.1912996909382705,0.9507998731034439,0.01519993060890254,1.4787002360599408,0.30434950177491815
0.14399988181750575,1.049900000069603,0.1911997330219864,0.9510998904714975,0.014799940057706743,1.4788002039235657,0.3043995696161793
0.14449989738123642,1.050100000060406,0.1910997681804689,0.9513999049754637,0.014399947951660113,1.47890017707738,0.3044496262935577
0.1449999104079298,1.0503000000527065,0.19099979760782174,0.9516999171008,0.013999954558820655,1.4790001546067117,0.3044996737320547
0.1454999213939264,1.0505000000462117,0.1908998224253209,0.951999927311557,0.013599960130931106,1.4791001356546678,0.304549713739238
0.1459999307499575,1.0507000000406792,0.19079984356079988,0.9522999359945169,0.013199964876315818,1.4792001195129167,0.3045997478108231
0.14649993879680673,1.0509000000359199,0.19069986173888523,0.9525999434526345,0.012799968957678253,1.479300105628542,0.3046497771149415
0.146999945778713,1.0511000000317896,0.19059987751128923,0.9528999499166839,0.012399972498898246,1.4794000935806608,0.30469980254097745
0.14749995169567637,1.0513000000282886,0.1904998908780119,0.953199955386665,0.011999975499975798,1.4795000833692733,0.3047498240889309
0.14799995686449124,1.05150000002523,0.1903999025546614,0.9534999601612646,0.011599978121591376,1.4796000744484645,0.3047998429123937
0.1484999612851576,1.0517000000226135,0.19029991254123782,0.9537999642404826,0.01119998036374498,1.4797000668182345,0.3048498590113658
0.14899996521382114,1.0519000000202883,0.19019992141635586,0.9540999678648728,0.010799982356355216,1.479800060037074,0.304899873318601
0.14949996865048187,1.052100000018254,0.19009992918001553,0.9543999710344352,0.010399984099422084,1.4799000541049827,0.3049498858340994
0.14999997159513978,1.052300000016511,0.18999993583221683,0.9546999737491698,0.009999985592945584,1.480000049021961,0.3049998965578609
0.1504999742663255,1.05250000001493,0.1898999418666172,0.9549999762126848,0.009599986947765034,1.4801000444111212,0.30504990628568734
0.15099997666403903,1.052700000013511,0.18979994728321667,0.9552999784249803,0.009199988163880436,1.4802000402724635,0.30509991501757866
0.15149997878828037,1.0529000000122537,0.1896999520820152,0.955599980386056,0.008799989241291788,1.480300036605988,0.30514992275353486
0.15199998063904951,1.0531000000111586,0.18959995626301285,0.9558999820959121,0.008399990179999092,1.4804000334116945,0.30519992949355595
0.15249998221634647,1.0533000000102253,0.18949995982620957,0.9561999835545486,0.007999990980002345,1.480500030689583,0.30524993523764193
0.15299998352017125,1.053500000009454,0.18939996277160537,0.9564999847619655,0.00759999164130155,1.4806000284396537,0.3052999399857928
0.1534999847640523,1.0537000000087182,0.18929996558158363,0.9567999859140235,0.007199992272197447,1.480700026293202,0.3053499445156421
0.1539999859479896,1.0539000000080179,0.18919996825614438,0.9570999870107224,0.006799992872690039,1.4808000242502282,0.30539994882718996
0.1544999870719832,1.054100000007353,0.1890999707952876,0.9573999880520624,0.006399993442779324,1.480900022310732,0.3054499529204363
0.15499998813603308,1.0543000000067237,0.18899997319901327,0.9576999890380434,0.005999993982465303,1.4810000204747136,0.3054999567953811
0.15549998914013924,1.0545000000061298,0.18889997546732143,0.9579999899686654,0.005599994491747975,1.481100018742173,0.3055499604520244
0.15599999008430168,1.0547000000055713,0.18879997760021205,0.9582999908439285,0.005199994970627342,1.4812000171131101,0.3055999638903662
0.1564999909685204,1.0549000000050484,0.18869997959768514,0.9585999916638325,0.004799995419103402,1.481300015587525,0.3056499671104065
0.15699999179279542,1.055100000004561,0.18859998145974072,0.9588999924283775,0.004399995837176155,1.4814000141654178,0.3056999701121452
0.1574999925571267,1.0553000000041088,0.18849998318637876,0.9591999931375637,0.003999996224845603,1.4815000128467881,0.3057499728955825
0.1579999932615143,1.0555000000036923,0.18839998477759926,0.9594999937913907,0.0035999965821117436,1.4816000116316363,0.30579997546071824
0.15849999390595815,1.0557000000033112,0.18829998623340224,0.9597999943898589,0.003199996908974578,1.4817000105199623,0.30584997780755246
0.1589999944904583,1.0559000000029657,0.1881999875537877,0.9600999949329679,0.002799997205434106,1.481800009511766,0.3058999799360852
0.1594999950150147,1.0561000000026555,0.1880999887387556,0.9603999954207181,0.002399997471490328,1.4819000086070475,0.3059499818463164
0.15999999547962737,1.0563000000023808,0.187999989788306,0.9606999958531093,0.001999997707143244,1.4820000078058067,0.3059999835382461
0.16049999588429634,1.0565000000021416,0.18789999070243887,0.9609999962301414,0.0015999979123928532,1.4821000071080437,0.30604998501187425
0.16099999622902159,1.056700000001938,0.1877999914811542,0.9612999965518146,0.0011999980872391563,1.4822000065137584,0.3060999862672009
0.16149999651380312,1.0569000000017696,0.18769999212445201,0.9615999968181288,0.000799998231682153,1.482300006022951,0.3061499873042261
0.16199999673864093,1.0571000000016368,0.1875999926323323,0.961899997029084,0.00039999834572184334,1.4824000056356212,0.30619998812294974
0.16249999690353503,1.0573000000015396,0.18749999300479503,0.9621999971846803,-1.5706417726200732e-09,1.4825000053517692,0.3062499887233719
0.16299999700848541,1.0575000000014778,0.18739999324184026,0.9624999972849175,-0.00040000151740869486,1.482600005171395,0.3062999891054925
0.16349999705349208,1.0577000000014514,0.18729999334346795,0.9627999973297958,-0.0008000014945789234,1.4827000050944985,0.3063499892693116
0.16399999703855503,1.0579000000014604,0.1871999933096781,0.9630999973193151,-0.0012000015021524583,1.48280000512108,0.3063999892148292
0.16449999696367423,1.058100000001505,0.18709999314047074,0.9633999972534754,-0.0016000015401292996,1.482900005251139,0.3064499889420453
0.16499999682884972,1.0583000000015852,0.18699999283584584,0.9636999971322767,-0.002000001608509447,1.4830000054846757,0.3064999884509599
0.1654999966340815,1.0585000000017006,0.1868999923958034,0.963999996955719,-0.002400001707292901,1.4831000058216903,0.30654998774157294
0.16599999637936955,1.0587000000018516,0.18679999182034346,0.9642999967238024,-0.002800001836479661,1.4832000062621826,0.3065999868138845
0.1664999962386987,1.0589000000019348,0.18669999150253686,0.964599996595075,-0.003200001907826476,1.483300006505367,0.30664998630155554
0.16699999621206896,1.0591000000019506,0.18659999144238362,0.964899996569537,-0.0036000019213333454,1.4834000065512432,0.3066999862045861
0.1674999962994803,1.0593000000018986,0.18649999163988376,0.9651999966471883,-0.00400000187700027,1.4835000063998114,0.3067499865229762
0.16799999650093275,1.059500000001779,0.18639999209503724,0.9654999968280288,-0.004400001774827249,1.4836000060510715,0.30679998725672575
0.16849999681642627,1.0597000000015917,0.1862999928078441,0.9657999971120587,-0.004800001614814283,1.4837000055050236,0.30684998840583483
0.1689999972459609,1.0599000000013368,0.18619999377830432,0.9660999974992779,-0.005200001396961371,1.4838000047616677,0.30689998997030343
0.16949999778953662,1.0601000000010141,0.18609999500641788,0.9663999979896863,-0.005600001121268515,1.4839000038210037,0.3069499919501315
0.16999999828424386,1.0603000000007206,0.1859999961241171,0.9666999985434699,-0.006000000870360697,1.4840000029649882,0.30699999375196074
0.17049999873008265,1.060500000000456,0.18589999713140196,0.9669999991606286,-0.0064000006442379185,1.484100002193621,0.3070499953757911
0.17099999912705297,1.0607000000002205,0.18579999802827246,0.9672999998411624,-0.006800000442900179,1.4842000015069021,0.30709999682162253
0.17149999947515482,1.060900000000014,0.18569999881472862,0.9676000005850713,-0.007200000266347479,1.4843000009048317,0.30714999808945515
0.17199999977438823,1.0610999999998365,0.1855999994907704,0.9679000013923554,-0.007600000114579818,1.4844000003874096,0.30719999917928886
0.1725000000247532,1.0612999999996882,0.18550000005639786,0.9682000022630146,-0.007999999987597196,1.484499999954636,0.30725000009112374
0.17300000022624967,1.061499999999569,0.18540000051161093,0.9685000031970489,-0.008399999885399613,1.4845999996065107,0.30730000082495973
0.1735000003788777,1.0616999999994785,0.18530000085640966,0.9688000041944583,-0.008799999807987069,1.4846999993430339,0.3073500013807968
0.17400000048263725,1.0618999999994172,0.18520000109079401,0.9691000052552429,-0.009199999755359563,1.4847999991642054,0.3074000017586351
0.17450000053752834,1.062099999999385,0.18510000121476403,0.9694000063794025,-0.009599999727517098,1.4848999990700251,0.30745000195847444
0.17500000054355097,1.0622999999993818,0.1850000012283197,0.9697000075669373,-0.009999999724459672,1.4849999990604934,0.30750000198031496
0.17550000050070513,1.0624999999994076,0.184900001131461,0.9700000088178472,-0.010399999746187284,1.48509999913561,0.3075500018241566
0.17600000040899083,1.0626999999994624,0.18480000092418794,0.9703000101321322,-0.010799999792699936,1.485199999295375,0.30760000148999933
0.17650000026840806,1.0628999999995463,0.18470000060650052,0.9706000115097924,-0.011199999863997627,1.4852999995397884,0.30765000097784323
0.17700000007895683,1.0630999999996593,0.18460000017839875,0.9709000129508276,-0.011599999960080357,1.4853999998688503,0.30770000028768824
0.17749999984063713,1.0632999999998014,0.18449999963988264,0.971200014455238,-0.012000000080948127,1.4855000002825605,0.3077499994195344
0.17799999955344897,1.0634999999999724,0.18439999899095216,0.9715000160230235,-0.012400000226600935,1.485600000780919,0.3077999983733817
0.17849999921739235,1.0637000000001724,0.18429999823160734,0.9718000176541841,-0.012800000397038783,1.4857000013639259,0.30784999714923006
0.17899999883246726,1.0639000000004015,0.18419999736184814,0.9721000193487198,-0.01320000059226167,1.4858000020315811,0.3078999957470796
0.17949999854648827,1.0641000000005716,0.1840999967156735,0.9724000208511734,-0.013600000737302529,1.485900002527433,0.3079499947053753
0.1799999983594554,1.0643000000006828,0.18399999629308342,0.9727000221615448,-0.01400000083216136,1.4860000028514813,0.3079999940241172
0.18049999827136864,1.064500000000735,0.1838999960940779,0.9730000232798341,-0.01440000087683816,1.4861000030037264,0.30804999370330527
0.180999998282228,1.0647000000007283,0.1837999961186569,0.9733000242060412,-0.014800000871332934,1.486200002984168,0.3080999937429395
0.18149999839203343,1.0649000000006625,0.1836999963668205,0.9736000249401662,-0.01520000081564568,1.4863000027928062,0.30814999414301997
0.181999998600785,1.0651000000005377,0.18359999683856862,0.973900025482209,-0.015600000709776397,1.4864000024296409,0.3081999949035466
0.18249999890848267,1.065300000000354,0.18349999753390128,0.9742000258321697,-0.016000000553725083,1.4865000018946721,0.3082499960245194
0.18299999931512645,1.0655000000001114,0.1833999984528185,0.9745000259900481,-0.016400000347491745,1.4866000011879,0.3082999975059384
0.18349999982071633,1.0656999999998098,0.18329999959532028,0.9748000259558445,-0.016800000091076378,1.4867000003093243,0.30834999934780355
0.18400000024115196,1.065899999999559,0.1832000005453915,0.9751000255973155,-0.017199999877847687,1.4867999995787933,0.308400000879444
0.18450000057643332,1.0660999999993592,0.1831000013030322,0.9754000249144611,-0.017599999707805677,1.4868999989963068,0.3084500021008598
0.1850000008265604,1.06629999999921,0.18300000186824233,0.9757000239072814,-0.017999999580950346,1.486999998561865,0.30850000301205094
0.18550000099153324,1.0664999999991116,0.1829000022410219,0.9760000225757764,-0.018399999497281695,1.4870999982754678,0.3085500036130174
0.1860000010713518,1.066699999999064,0.18280000242137093,0.9763000209199462,-0.01879999945679972,1.4871999981371151,0.30860000390375913
0.18650000106601614,1.0668999999990674,0.1827000024092894,0.9766000189397905,-0.019199999459504426,1.4872999981468071,0.30865000388427627
0.1870000009755262,1.0670999999991215,0.18260000220477735,0.9769000166353096,-0.019599999505395812,1.4873999983045438,0.3087000035545687
0.18750000079988197,1.0672999999992265,0.1825000018078347,0.9772000140065032,-0.019999999594473877,1.4874999986103252,0.3087500029146365
0.1880000005390835,1.0674999999993824,0.18240000121846153,0.9775000110533716,-0.02039999972673862,1.487599999064151,0.3088000019644796
0.18850000030289818,1.0676999999995236,0.182300000684717,0.9778000084745576,-0.020799999846521058,1.4876999994750446,0.30885000110400573
0.189000000091326,1.06789999999965,0.18220000020660113,0.9781000062700613,-0.02119999995382119,1.4877999998430056,0.3089000003332149
0.18949999990436697,1.0680999999997616,0.1820999997841139,0.9784000044398827,-0.021600000048639018,1.487900000168034,0.3089499996521071
0.1899999997420211,1.0682999999998584,0.1819999994172553,0.9787000029840218,-0.022000000130974542,1.4880000004501301,0.30899999906068243
0.19049999960428834,1.0684999999999405,0.18189999910602536,0.9790000019024785,-0.02240000020082776,1.4881000006892937,0.3090499985589408
0.19099999949116875,1.0687000000000078,0.18179999885042408,0.9793000011952528,-0.022800000258198675,1.4882000008855247,0.30909999814688216
0.1914999994026623,1.0689000000000604,0.18169999865045144,0.9796000008623449,-0.023200000303087283,1.4883000010388232,0.3091499978245066
0.191999999338769,1.069100000000098,0.18159999850610745,0.9799000009037546,-0.023600000335493587,1.4884000011491894,0.3091999975918141
0.19249999929948883,1.0693000000001212,0.1814999984173921,0.980200001319482,-0.024000000355417585,1.488500001216623,0.30924999744880466
0.1929999992848218,1.0695000000001296,0.1813999983843054,0.9805000021095271,-0.02440000036285928,1.488600001241124,0.30929999739547825
0.19349999929476794,1.069700000000123,0.18129999840684735,0.9808000032738899,-0.02480000035781867,1.4887000012226927,0.3093499974318349
0.19399999932932724,1.069900000000102,0.18119999848501794,0.9811000048125704,-0.025200000340295754,1.488800001161329,0.3093999975578746
0.19449999938849968,1.070100000000066,0.18109999861881718,0.9814000067255685,-0.025600000310290534,1.4889000010570326,0.3094499977735974
0.19499999947228527,1.0703000000000154,0.18099999880824508,0.9817000090128842,-0.026000000267803008,1.489000000909804,0.3094999980790032
0.195499999580684,1.0704999999999498,0.18089999905330162,0.9820000116745177,-0.026400000212833178,1.4891000007196427,0.30954999847409204
0.1959999997136959,1.0706999999998696,0.1807999993539868,0.9823000147104688,-0.026800000145381045,1.4892000004865489,0.3095999989588639
0.1964999998713209,1.0708999999997748,0.18069999971030062,0.9826000181207376,-0.027200000065446605,1.4893000002105228,0.3096499995333189
0.19700000005355908,1.071099999999665,0.18060000012224312,0.9829000219053241,-0.02759999997302986,1.4893999998915641,0.3097000001974569
0.19750000019937658,1.0712999999995774,0.18050000045183942,0.9832000255901194,-0.027999999899081765,1.489499999636672,0.3097500007288311
0.19800000030877338,1.0714999999995118,0.18040000069908957,0.9835000291751236,-0.02839999984360232,1.4895999994458466,0.3098000011274414
0.1985000003817495,1.0716999999994683,0.18030000086399356,0.9838000326603366,-0.028799999806591522,1.4896999993190878,0.30985000139328783
0.19900000041830493,1.0718999999994467,0.18020000094655136,0.9841000360457584,-0.029199999788049373,1.4897999992563955,0.3099000015263704
