0.0,0.0,0.0,0.0,0.0,0.0,0.0
2.858489736091192,0.03871362310810882,5.504548943944231,2.8202210413388507,1.3040659634515965,-2.741878382473892,8.294746148163556
6.5812262021105195,0.09450904885614278,12.643233596332328,6.48736955476439,2.9854154914878865,-6.29692130700249,19.057744349742855
9.785086533112299,0.15010354450822383,18.746905142797704,9.636545980649483,4.4064171813048185,-9.334356327019492,28.268140556412998
11.743517035850687,0.19264066501967572,22.42062937502906,11.551684820249214,5.240698885957753,-11.158498448050304,33.82235570760601
12.281355282948168,0.22008619056708847,23.3363874350189,12.060405437479552,5.413700322622416,-11.60861833415881,35.22735904832458
11.600441298761234,0.2327712634411776,21.89953930726746,11.364920405529652,5.028538389993555,-10.886667214081857,33.08743226572703
10.097930112197893,0.23389622256288248,18.888705206038125,9.861041169137726,4.2736594230965315,-9.381615387756282,28.573611454880705
8.213360979366055,0.22762843693071566,15.15880393670813,7.983603844868307,3.3544480737756235,-7.5194094383055,22.972326624845262
6.322629616460467,0.21787662163984592,11.438907169654627,6.104008671204886,2.4460463754614286,-5.663470284727469,17.380944857234496
4.6860543686285485,0.20847830256828032,8.225662353890899,4.478023282432762,1.665140462690788,-4.060793262706891,12.548614664771844
3.4330846039692853,0.20159008898890585,5.76697830200138,3.233337626039435,1.0688419091420234,-2.8345398836037,8.850074136708518
2.5845099725919036,0.1975204541986695,4.099621639879375,2.3899341352160586,0.664088648846305,-2.002773177459131,6.341892772107444
2.085968175467054,0.1958915759527971,3.115237371537547,1.8934891980046946,0.42361904268336825,-1.5114153396652557,4.861888368140052
1.844373357416464,0.19604579562697563,2.631507918356372,1.6516594095922923,0.30298320805050727,-1.2694761256179552,4.135938816492872
1.7590211379494622,0.19700421490135622,2.4519795453809072,1.564648857983557,0.2548586972766046,-1.179059162001428,3.8683656812650096
1.7431847401661453,0.1981071284610242,2.407707763537375,1.5464556173665633,0.23906997215187967,-1.1560558254165216,3.804560242725563
1.7342774443248503,0.19900737148406775,2.377560378125528,1.535241660383869,0.22658317335574357,-1.1400310831983893,3.762085527548492
1.6954047823998715,0.1995950623082365,2.291715247902543,1.4953535526419135,0.19971970341357737,-1.096045665481949,3.6364736712519776
1.615748223824326,0.19989576517684257,2.128368779779847,1.4156081386838615,0.15437587606846165,-1.0134712452514465,3.3941576998267506
1.5005911121802447,0.19999455761960105,1.8972171590753655,1.3008932878920088,0.09363678552816185,-0.8973035413327353,3.0492501157059717
1.3638213913645794,0.1999831020879161,1.6248769943374448,1.1647484713523455,0.02425572685562706,-0.7608769804149701,2.641581395341976
1.221553155067141,0.19993165575229527,1.3424618573356586,1.0230410124229805,-0.04558038513282632,-0.6196951431752534,2.2179635253447203
1.0893605494320822,0.19988246081290412,1.0787155189544146,0.8905430448707695,-0.10910148217463321,-0.48823313966957,1.8209267453123252
0.9753664567646599,0.19985363745864834,0.8504609692101615,0.7758206216916145,-0.16333511429544767,-0.3747740449470739,1.4767142819812134
0.8832920120124012,0.19984723217798234,0.6656184042841179,0.6829352709897949,-0.20708718660401643,-0.28302653553422946,1.197769735072112
0.8128786860686891,0.19985764541581386,0.5240445071801246,0.6118545813220512,-0.2408082003931558,-0.21276186266372518,0.9841983507263932
0.7611560209358817,0.1998772459763305,0.42003473784762446,0.559718157458808,-0.2660233040214925,-0.16106124121003282,0.8275480582112469
0.7238132371629464,0.19989925523930552,0.34507182097978506,0.5222307981694139,-0.2846616711450327,-0.12366923175007732,0.7149907330039936
0.6966032658717822,0.19991950784452323,0.2904485171948903,0.49499638199304946,-0.2986445363577648,-0.09622142726610763,0.6331899468042109
0.6754725378644234,0.19993605007278895,0.24817258613186144,0.4739458136629141,-0.30991583706853504,-0.07489545790902344,0.5700845755063554
0.6573695513462893,0.1999486178601388,0.21219250412888574,0.4559882013112634,-0.32026294475489364,-0.05665489488934289,0.5165522202474897
0.6399391863657441,0.19995780004947908,0.1788939084352782,0.43872070280133274,-0.33016033019455177,-0.039775583960342975,0.46715395918988406
0.6227250676970458,0.19996449204226888,0.14607926314129827,0.4216719952339535,-0.33951441579685976,-0.023499231763873724,0.4188815300519308
0.6061523291505364,0.19996955363619393,0.11404926019299515,0.40525465227473484,-0.3481237527798573,-0.0077278707894685265,0.3716513654423887
0.5908609634855975,0.1999736162688281,0.08390187262600607,0.39011704896109994,-0.3558494009401754,0.007242447921630877,0.326925490285237
0.577249839214011,0.19997707848220572,0.056676533029829765,0.37667235681920275,-0.362602090444909,0.021036694603296827,0.28591863189787314
0.5654216554882355,0.19998014657415966,0.03276099443880032,0.36504756071015854,-0.3683788001152719,0.03337134000975685,0.24954715452975926
0.5553375418192865,0.1999829016237095,0.012221293383784016,0.35516255133639835,-0.3732491311204491,0.044059413155304025,0.21820498864907065
0.5468464761911488,0.1999853625664597,-0.005072875518212755,0.3468268312349428,-0.37732557557027063,0.0530397173955907,0.1918131375409769
0.5397365230582372,0.19998753119361604,-0.01941736618438425,0.3398123816604319,-0.38073457082611223,0.060407526600913086,0.17001129852347002
0.533782175367652,0.19998941223322447,-0.03136079936486036,0.33389947074406917,-0.38359571019091776,0.06637368550682744,0.15221408781609735
0.5287755568362791,0.19999102171876434,-0.041404284878923635,0.3288975644921569,-0.38601103921333235,0.07119319143910144,0.13770427811636946
0.5245415357470051,0.19999238507745393,-0.04993237710713479,0.3246499135037114,-0.3880623535992217,0.07511791053783386,0.12563577651908306
0.520941273384049,0.1999935343714197,-0.05722492165706244,0.3210328980722554,-0.38981256585966845,0.07837498808614507,0.11524743699374326
0.5178682273069461,0.19999450203633767,-0.06348258819087836,0.31794711786025515,-0.39130953514542566,0.08114934016739184,0.10613379681486076
0.5152399062376571,0.19999531839856124,-0.06885517237133232,0.3153122447710802,-0.39259075619921613,0.08357330284297325,0.09810206015355977
0.512991124208408,0.1999960096948059,-0.07346117949399403,0.3130624777850432,-0.3936866103269132,0.08573026330126808,0.09106048848229453
0.5110686264568431,0.19999659725096167,-0.07740045344205636,0.31114153123377447,-0.39462262455884717,0.0876654428669576,0.0849470113074978
0.5094272314979641,0.19999709808838984,-0.08076133356276301,0.3095018014845903,-0.39542093474303625,0.08939857483283947,0.07969374051680522
0.5080276984136851,0.19999752571712054,-0.08362336202821354,0.30810252348520384,-0.3961009886379873,0.09093648579921973,0.0752174981135449
0.5068356181787868,0.19999789106283092,-0.08605790428451761,0.30690905200480906,-0.3966798783662281,0.09228252741358889,0.0714240687680695
0.50582088987689,0.19999820312287506,-0.0881280333623626,0.30589094839581077,-0.3971725022790281,0.09344275037091195,0.06821680610936805
0.5049574189226801,0.19999846941995558,-0.08988843813419695,0.3050229896812161,-0.39759169180562504,0.0944284044171573,0.06550477278764144
0.504222647828588,0.19999869644794094,-0.09138610211015763,0.3042831954530269,-0.39794846297464587,0.0952564471837287,0.06320745502422409
0.5035971982343832,0.19999888984705008,-0.09266104496132781,0.3036525381849934,-0.39825222827259893,0.09594760463237771,0.061256630225226885
0.5030645998551863,0.19999905452336167,-0.0937470087221579,0.3031147823544897,-0.39851096062097235,0.09652405936366802,0.059596185533368276
0.5026109126989755,0.19999919471317282,-0.09467237651595813,0.3026561396530415,-0.39873139858713424,0.09700721302615165,0.058180495161425955
0.5022243512504304,0.1999993140611322,-0.09546105986990373,0.30226490865625505,-0.3989192405869305,0.09741599810176708,0.05697238189375781
0.5018949589665164,0.19999941568106616,-0.09613323860266952,0.3019311772421168,-0.39907930666488406,0.09776591154503132,0.05594125123305538
0.5016143050713991,0.19999950221735946,-0.09670601401202364,0.3016465126841853,-0.3992156848107073,0.09806881501646003,0.05506153433943413
0.5013751664386229,0.1999995759313612,-0.09719406626035344,0.3014039093774959,-0.39933188299406214,0.09833311415555518,0.05431135516695257
0.5011714494262103,0.19999963872268942,-0.09760980557562539,0.3011971085604189,-0.3994308635121224,0.0985646604140807,0.053672108933128855
0.5009978650075964,0.19999969223238948,-0.09796402389088779,0.3010207793649531,-0.3995151990740867,0.09876744859037437,0.05312746831693867
0.5008500135977694,0.1999997378189763,-0.09826570696627955,0.3008704504085957,-0.3995870298116872,0.09894423756834998,0.05266372586530175
0.5007237382978859,0.19999977676192465,-0.09852334859454479,0.30074151636243596,-0.39964837728615416,0.09909781779191866,0.052267831033045956
0.5006162264274455,0.1999998099238998,-0.09874269882681773,0.30063162503832813,-0.39970060911238153,0.09922982098652405,0.05193089004017946
0.5005246233639655,0.1999998381816933,-0.09892958924553205,0.3005380035995174,-0.3997451126269978,0.09934258193016335,0.05164388443696925
0.5004466481826491,0.19999986223618443,-0.0990886775940866,0.30045844650504344,-0.3997829960124833,0.09943840562281328,0.05139960815775769
0.5003803734413922,0.1999998826805848,-0.09922389703022742,0.30039081798441036,-0.39981519537135646,0.0995202824321971,0.051191985327951876
0.5003240570129343,0.19999990005203522,-0.09933880120060996,0.30033327672513144,-0.3998425567981919,0.0995904398064912,0.0510155443094595
0.500276173916757,0.19999991482122384,-0.09943650028734341,0.3002842790935276,-0.39986582098132145,0.09965057936632511,0.050865507948594985
0.5002354227014981,0.19999992739004543,-0.09951964858702653,0.3002425311346639,-0.39988562011197315,0.09970207121058473,0.05073780529729027
0.5002007101409957,0.19999993809608008,-0.0995904759544165,0.3002069442899197,-0.39990248529424177,0.09974607984291305,0.05062901822905653
0.500171122713623,0.19999994722132952,-0.09965084596597923,0.30017659942917124,-0.39991686036716045,0.0997836294421872,0.05053628961540197
0.5001458950509328,0.19999995500198556,-0.09970232016782503,0.30015071801725096,-0.39992911720612645,0.099815629705225,0.05045722408868304
0.5001243821293783,0.1999999616370149,-0.09974621468693017,0.3001286391879473,-0.3999395692175194,0.09984288378286055,0.05038980150093752
0.5001057437337065,0.1999999673849323,-0.0997842438920329,0.30010957397106,-0.39994862463282427,0.09986644403376653,0.05033138958122293
0.5000900698542703,0.19999997221867713,-0.09981622436026336,0.30009359813949105,-0.3999562397470719,0.09988624479561163,0.050282268889576515
0.5000767991812823,0.1999999763118919,-0.09984330140638455,0.3000798618197456,-0.3999626872699908,0.09990300904210254,0.05024067970206796
0.5000654371305912,0.19999997981625525,-0.09986648416613204,0.30006815300042927,-0.39996820749658957,0.09991736036304064,0.05020507215804953
0.5000554946717181,0.19999998288187426,-0.09988677043994106,0.30005795101399696,-0.3999730380209321,0.09992991692498508,0.05017391364296047
0.5000473451520522,0.1999999853957156,-0.09990339845827874,0.3000496273002092,-0.39997699744804455,0.09994020954701231,0.05014837394971267
0.5000402038002427,0.19999998759769833,-0.09991796944358479,0.3000420982810092,-0.3999804670601513,0.09994922840581665,0.050125993792332485
0.500034402256915,0.19999998938773134,-0.09992980672748157,0.3000361092663238,-0.39998328572804714,0.09995655534920969,0.050107812421293044
0.5000294402115741,0.19999999091869738,-0.09993993112675485,0.3000308264467835,-0.39998569652780464,0.09996282193826764,0.050092261953399435
0.5000244888469463,0.19999999244501632,-0.09995003373248115,0.30002566855049406,-0.39998810213934266,0.09996907486128362,0.05007674497793473
0.5000202095755096,0.19999999376418187,-0.09995876502094776,0.3000212063305642,-0.39999018121569085,0.09997447896928986,0.050063334265835674
0.5000168386840246,0.19999999480400185,-0.09996564288078733,0.30001769058788136,-0.3999918189569512,0.09997873590681781,0.05005277030550702
0.5000141016470128,0.19999999564770896,-0.09997122744364394,0.3000148260027106,-0.399993148741617,0.09998219231841272,0.050044192774611994
0.5000119184725186,0.19999999632057253,-0.0999756819230731,0.30001253602688405,-0.39999420943324926,0.0999849492670315,0.050037350982532876
0.5000101783487854,0.19999999685696573,-0.09997923241601307,0.3000107081560819,-0.39999505486940073,0.09998714671063756,0.0500318976565418
0.5000087782745853,0.19999999728868384,-0.09998208908289963,0.30000923615172265,-0.3999957350930025,0.09998891473125761,0.05002751000271885
0.5000076350273889,0.19999999764135465,-0.09998442172828934,0.3000080335287523,-0.39999629053758273,0.0999903584278176,0.05002392721182848
0.5000064917801924,0.19999999799402546,-0.09998675437367904,0.300006830905782,-0.39999684598216295,0.0999918021243776,0.050020344420938105
0.5000056813984356,0.19999999824420028,-0.0999884078511613,0.3000059781188595,-0.39999723970457296,0.09999282547800178,0.05001780478744342
0.5000048710166788,0.1999999984943751,-0.09999006132864355,0.3000051253319369,-0.39999763342698297,0.09999384883162597,0.050015265153948746
0.500004331657139,0.19999999866103793,-0.09999116182106944,0.30000455763601164,-0.39999789547368947,0.09999452993860335,0.050013574869216836
0.5000037922975992,0.19999999882770075,-0.09999226231349534,0.30000398994008637,-0.39999815752039597,0.09999521104558072,0.05001188458448493
0.5000032529380594,0.1999999989943636,-0.09999336280592123,0.3000034222441611,-0.39999841956710247,0.0999958921525581,0.05001019429975302
0.5000029486798935,0.19999999908847818,-0.09999398360491998,0.300003102045124,-0.39999856739024325,0.09999627637339718,0.05000924079271276
0.5000026444217276,0.19999999918259276,-0.09999460440391873,0.30000278184608686,-0.39999871521338404,0.09999666059423627,0.0500082872856725
0.5000023401635617,0.19999999927670734,-0.09999522520291748,0.30000246164704975,-0.3999988630365248,0.09999704481507536,0.050007333778632236
0.5000020359053958,0.1999999993708219,-0.09999584600191623,0.3000021414480126,-0.3999990108596656,0.09999742903591445,0.050006380271591974
0.5000017316472299,0.1999999994649365,-0.099996466800915,0.3000018212489755,-0.3999991586828064,0.09999781325675354,0.05000542676455171
0.5000014273890641,0.19999999955905107,-0.09999708759991374,0.3000015010499384,-0.39999930650594717,0.09999819747759263,0.05000447325751145
0.500001361041592,0.19999999957955453,-0.09999722297323198,0.3000014313848909,-0.3999993387407241,0.09999828126260171,0.05000426533280197
0.5000012946941199,0.19999999960005801,-0.09999735834655023,0.3000013617198434,-0.399999370975501,0.09999836504761078,0.050004057408092495
0.5000012283466478,0.1999999996205615,-0.09999749371986846,0.30000129205479587,-0.3999994032102779,0.09999844883261985,0.05000384948338302
0.5000011619991758,0.19999999964106496,-0.0999976290931867,0.30000122238974836,-0.3999994354450548,0.09999853261762894,0.05000364155867354
0.5000010956517037,0.19999999966156842,-0.09999776446650493,0.30000115272470085,-0.3999994676798317,0.099998616402638,0.05000343363396406
0.5000010293042316,0.19999999968207188,-0.09999789983982317,0.30000108305965334,-0.3999994999146086,0.09999870018764707,0.050003225709254584
0.5000009629567596,0.19999999970257534,-0.0999980352131414,0.30000101339460583,-0.3999995321493855,0.09999878397265616,0.050003017784545106
0.5000008966092875,0.19999999972307883,-0.09999817058645964,0.3000009437295583,-0.3999995643841624,0.09999886775766523,0.05000280985983562
0.5000008302618154,0.1999999997435823,-0.09999830595977788,0.3000008740645108,-0.3999995966189393,0.09999895154267431,0.050002601935126144
0.5000007639143433,0.19999999976408575,-0.09999844133309611,0.3000008043994633,-0.3999996288537162,0.0999990353276834,0.050002394010416666
0.5000006975668713,0.19999999978458924,-0.09999857670641435,0.3000007347344158,-0.3999996610884931,0.09999911911269248,0.05000218608570718
0.5000006312193992,0.19999999980509273,-0.09999871207973259,0.3000006650693683,-0.39999969332327,0.09999920289770156,0.050001978160997704
0.5000005648719271,0.19999999982559621,-0.09999884745305082,0.3000005954043208,-0.3999997255580469,0.09999928668271064,0.050001770236288226
0.500000498524455,0.19999999984609967,-0.09999898282636906,0.30000052573927327,-0.3999997577928238,0.09999937046771973,0.05000156231157875
0.500000432176983,0.19999999986660313,-0.09999911819968729,0.30000045607422576,-0.3999997900276007,0.09999945425272881,0.05000135438686927
0.5000003658295109,0.1999999998871066,-0.09999925357300553,0.30000038640917825,-0.3999998222623776,0.0999995380377379,0.05000114646215979
0.5000002994820388,0.19999999990761005,-0.09999938894632376,0.3000003167441307,-0.39999985449715453,0.09999962182274698,0.050000938537450315
0.5000002331345668,0.19999999992811351,-0.099999524319642,0.3000002470790832,-0.39999988673193143,0.09999970560775606,0.05000073061274084
0.5000001667870947,0.199999999948617,-0.09999965969296024,0.3000001774140357,-0.39999991896670833,0.09999978939276515,0.05000052268803136
0.5000001004396226,0.19999999996912046,-0.09999979506627849,0.30000010774898817,-0.39999995120148524,0.09999987317777423,0.05000031476332188
0.5000000340921505,0.19999999998962395,-0.09999993043959673,0.30000003808394066,-0.39999998343626214,0.09999995696278331,0.050000106838612404
0.49999996774467853,0.20000000001012744,-0.10000006581291497,0.29999996841889315,-0.40000001567103904,0.1000000407477924,0.049999898913902927
0.4999999013972065,0.2000000000306309,-0.1000002011862332,0.29999989875384564,-0.40000004790581595,0.10000012453280148,0.04999969098919345
0.4999998350497345,0.20000000005113436,-0.10000033655955144,0.29999982908879813,-0.40000008014059285,0.10000020831781056,0.04999948306448397
0.4999997687022625,0.20000000007163782,-0.10000047193286968,0.2999997594237506,-0.40000011237536975,0.10000029210281965,0.04999927513977449
0.49999970235479047,0.20000000009214128,-0.10000060730618791,0.2999996897587031,-0.40000014461014666,0.10000037588782872,0.049999067215065016
0.49999983723216396,0.20000000005034865,-0.10000033210647542,0.2999998304120949,-0.4000000790803478,0.10000020555483337,0.049999489904913375
0.49999997210953745,0.20000000000855603,-0.10000005690676293,0.29999997106548665,-0.4000000135505489,0.10000003522183802,0.04999991259476174
0.500000106986911,0.19999999996676343,-0.09999978170705044,0.3000001117188784,-0.39999994802075006,0.09999986488884267,0.0500003352846101
0.5000002418642845,0.1999999999249708,-0.09999950650733795,0.3000002523722702,-0.3999998824909512,0.09999969455584733,0.050000757974458465
0.500000376741658,0.19999999988317818,-0.09999923130762546,0.30000039302566195,-0.39999981696115233,0.09999952422285198,0.050001180664306824
0.5000005116190315,0.19999999984138556,-0.09999895610791297,0.3000005336790537,-0.39999975143135347,0.09999935388985663,0.05000160335415518
0.500000646496405,0.19999999979959296,-0.09999868090820048,0.3000006743324455,-0.3999996859015546,0.09999918355686128,0.05000202604400355
0.5000005868118523,0.19999999981811403,-0.09999880268678654,0.3000007599169234,-0.3999997148991107,0.09999925893195163,0.05000183899945302
0.5000005271272997,0.19999999983663513,-0.0999989244653726,0.30000084550140127,-0.39999974389666676,0.09999933430704198,0.05000165195490249
0.5000004674427471,0.1999999998551562,-0.09999904624395867,0.30000093108587916,-0.39999977289422284,0.09999940968213233,0.05000146491035196
0.5000004077581944,0.19999999987367728,-0.09999916802254473,0.30000101667035706,-0.3999998018917789,0.09999948505722268,0.050001277865801434
0.5000003480736418,0.19999999989219838,-0.09999928980113079,0.30000110225483495,-0.399999830889335,0.09999956043231303,0.050001090821250906
0.5000002883890892,0.19999999991071946,-0.09999941157971685,0.30000118783931284,-0.3999998598868911,0.09999963580740338,0.05000090377670038
0.5000002287045365,0.19999999992924053,-0.09999953335830292,0.30000127342379074,-0.39999988888444715,0.09999971118249373,0.05000071673214984
0.5000001690199839,0.1999999999477616,-0.09999965513688898,0.30000135900826863,-0.39999991788200323,0.09999978655758408,0.05000052968759931
0.5000001093354313,0.19999999996628268,-0.09999977691547504,0.3000014445927465,-0.3999999468795593,0.09999986193267443,0.050000342643048784
0.5000000496508786,0.19999999998480375,-0.0999998986940611,0.3000015301772244,-0.3999999758771154,0.09999993730776477,0.05000015559849825
0.499999989966326,0.20000000000332482,-0.10000002047264717,0.3000016157617023,-0.40000000487467147,0.10000001268285512,0.04999996855394772
0.49999993028177336,0.2000000000218459,-0.10000014225123323,0.3000017013461802,-0.40000003387222755,0.10000008805794547,0.04999978150939719
0.49999987059722073,0.20000000004036697,-0.10000026402981929,0.3000017869306581,-0.4000000628697836,0.1000001634330358,0.04999959446484666
0.49999981091266804,0.20000000005888804,-0.10000038580840535,0.300001872515136,-0.4000000918673397,0.10000023880812615,0.049999407420296134
0.4999997512281154,0.20000000007740912,-0.10000050758699142,0.3000019580996139,-0.4000001208648958,0.1000003141832165,0.049999220375745605
0.4999996915435628,0.2000000000959302,-0.10000062936557748,0.3000020436840918,-0.40000014986245186,0.10000038955830685,0.04999903333119508
0.49999963185901014,0.20000000011445127,-0.10000075114416354,0.3000021292685697,-0.40000017886000794,0.1000004649333972,0.04999884628664455
0.4999995721744575,0.20000000013297234,-0.1000008729227496,0.30000221485304757,-0.400000207857564,0.10000054030848755,0.04999865924209402
0.49999967719120103,0.20000000010028857,-0.10000065864960365,0.3000019738905591,-0.40000015683557244,0.1000004076789312,0.049998988353255946
0.49999978220794455,0.20000000006760477,-0.1000004443764577,0.30000173292807064,-0.40000010581358086,0.10000027504937486,0.049999317464417874
0.4999998872246881,0.20000000003492097,-0.10000023010331174,0.3000014919655821,-0.4000000547915893,0.10000014241981851,0.0499996465755798
0.4999999922414316,0.20000000000223717,-0.1000000158301658,0.30000125100309366,-0.4000000037695977,0.10000000979026216,0.04999997568674173
0.5000000972581751,0.19999999996955337,-0.09999980155701983,0.30000101004060514,-0.39999995274760614,0.09999987716070582,0.05000030479790365
0.5000002022749186,0.19999999993686957,-0.09999958728387387,0.3000007690781166,-0.39999990172561456,0.09999974453114949,0.050000633909065575
0.5000003072916621,0.19999999990418577,-0.09999937301072791,0.30000052811562816,-0.399999850703623,0.09999961190159315,0.050000963020227496
0.5000004123084056,0.19999999987150197,-0.09999915873758196,0.30000028715313964,-0.3999997996816314,0.09999947927203681,0.05000129213138942
0.5000005173251492,0.19999999983881817,-0.099998944464436,0.3000000461906511,-0.39999974865963983,0.09999934664248047,0.05000162124255135
0.5000004327942027,0.1999999998651731,-0.0999991169390036,0.2999996291198726,-0.3999997897286491,0.0999994534020945,0.05000135633131978
0.5000003482632562,0.19999999989152803,-0.09999928941357118,0.2999992120490941,-0.39999983079765833,0.09999956016170852,0.05000109142008821
0.5000002637323098,0.19999999991788298,-0.09999946188813878,0.29999879497831555,-0.3999998718666676,0.09999966692132255,0.05000082650885664
0.5000001792013633,0.19999999994423792,-0.09999963436270637,0.29999837790753703,-0.3999999129356768,0.09999977368093657,0.05000056159762507
0.5000000946704168,0.19999999997059287,-0.09999980683727397,0.2999979608367585,-0.3999999540046861,0.0999998804405506,0.050000296686393504
0.5000000101394704,0.1999999999969478,-0.09999997931184156,0.29999754376598,-0.3999999950736953,0.09999998720016462,0.050000031775161935
0.49999992560852385,0.20000000002330276,-0.10000015178640916,0.29999712669520145,-0.4000000361427046,0.10000009395977864,0.049999766863930366
0.49999984107757733,0.2000000000496577,-0.10000032426097676,0.29999670962442293,-0.4000000772117138,0.10000020071939267,0.0499995019526988
0.4999998359325701,0.20000000005122706,-0.10000033475866373,0.29999698530046515,-0.40000007971142093,0.10000020721552504,0.04999948582905135
0.4999998307875628,0.20000000005279642,-0.1000003452563507,0.29999726097650736,-0.40000008221112804,0.1000002137116574,0.04999946970540391
0.4999998256425556,0.20000000005436577,-0.10000035575403766,0.2999975366525495,-0.40000008471083515,0.10000022020778977,0.049999453581756455
0.4999998204975483,0.20000000005593513,-0.10000036625172463,0.29999781232859174,-0.40000008721054225,0.10000022670392214,0.04999943745810901
0.49999981535254107,0.20000000005750448,-0.1000003767494116,0.2999980880046339,-0.40000008971024936,0.10000023320005451,0.049999421334461565
0.4999998102075338,0.20000000005907384,-0.10000038724709857,0.2999983636806761,-0.40000009220995647,0.10000023969618688,0.04999940521081411
0.49999980506252656,0.2000000000606432,-0.10000039774478554,0.2999986393567183,-0.4000000947096636,0.10000024619231924,0.04999938908716667
0.4999997999175193,0.20000000006221255,-0.10000040824247251,0.2999989150327605,-0.4000000972093707,0.10000025268845161,0.049999372963519216
0.49999979477251205,0.2000000000637819,-0.10000041874015948,0.2999991907088027,-0.4000000997090778,0.10000025918458398,0.04999935683987177
0.4999997896275048,0.20000000006535126,-0.10000042923784645,0.29999946638484487,-0.4000001022087849,0.10000026568071635,0.049999340716224326
0.49999978448249754,0.20000000006692062,-0.10000043973553342,0.29999974206088703,-0.400000104708492,0.10000027217684872,0.04999932459257688
0.4999997793374903,0.20000000006848997,-0.10000045023322039,0.30000001773692925,-0.4000001072081991,0.10000027867298107,0.049999308468929436
0.49999977419248304,0.20000000007005933,-0.10000046073090736,0.30000029341297146,-0.4000001097079062,0.10000028516911344,0.04999929234528199
0.4999997690474758,0.2000000000716287,-0.10000047122859433,0.3000005690890137,-0.40000011220761333,0.10000029166524581,0.049999276221634546
0.49999976390246853,0.20000000007319804,-0.1000004817262813,0.3000008447650559,-0.40000011470732044,0.10000029816137818,0.049999260097987094
0.4999997587574613,0.2000000000747674,-0.10000049222396827,0.30000112044109806,-0.40000011720702755,0.10000030465751054,0.04999924397433965
0.499999753612454,0.20000000007633675,-0.10000050272165524,0.3000013961171403,-0.40000011970673466,0.10000031115364291,0.049999227850692204
0.49999974846744677,0.2000000000779061,-0.10000051321934221,0.3000016717931825,-0.40000012220644177,0.10000031764977528,0.04999921172704476
0.4999997433224395,0.20000000007947547,-0.1000005237170292,0.3000019474692247,-0.4000001247061489,0.10000032414590765,0.049999195603397315
0.49999973817743226,0.20000000008104482,-0.10000053421471616,0.3000022231452669,-0.400000127205856,0.10000033064204002,0.04999917947974987
0.499999733032425,0.20000000008261418,-0.10000054471240313,0.30000249882130914,-0.4000001297055631,0.10000033713817238,0.049999163356102425
0.49999972788741776,0.20000000008418353,-0.1000005552100901,0.30000277449735135,-0.4000001322052702,0.10000034363430475,0.04999914723245497
0.49999986943502717,0.2000000000403131,-0.10000026640063699,0.3000027034347057,-0.4000000634347517,0.10000016487835585,0.04999959082595899
0.5000000109826366,0.19999999999644266,-0.09999997759118387,0.30000263237206004,-0.3999999946642332,0.09999998612240694,0.05000003441946301
0.500000152530246,0.19999999995257223,-0.09999968878173075,0.3000025613094144,-0.3999999258937147,0.09999980736645804,0.05000047801296703
0.5000002940778554,0.1999999999087018,-0.09999939997227762,0.3000024902467687,-0.3999998571231962,0.09999962861050914,0.05000092160647105
