0.0,0.0,0.0,0.0,0.0,0.0,0.0
1.8194686187308686,0.025999287299472148,3.5000605377713145,1.7945800182342944,0.8290899191770587,-1.7431822838956368,5.2740757170556565
4.626037145939606,0.06949569061411097,8.879607430487042,4.558990209428167,2.09714823950548,-4.421557151522946,13.384137776517377
7.648118617917222,0.12167371586269285,14.64479146070149,7.530954103345721,3.446507007064165,-7.290478201671547,22.0805417189751
10.260064979111588,0.17171095526722746,19.593856875807507,10.094966122150707,4.58883634463153,-9.75099711452519,29.554627674595064
12.042397031270081,0.21336951677968694,22.921377047449596,11.835498860951642,5.336333333888005,-11.402344220289972,34.590517946117345
12.788468013075398,0.2430234965589586,24.23757178203344,12.55045761687184,5.60121048990065,-12.051345255642604,36.600112341760195
12.48898632734414,0.25914684499382146,23.535420380842346,12.232940325143732,5.385720605948657,-11.69527898437316,35.569189095329016
11.292166322324697,0.2626711007236243,21.110302107622765,11.030763480239841,4.764425677074439,-10.481192147684034,31.940339113972946
9.450663205463638,0.25585291994195,17.45679646562764,9.194564918989345,3.857938020264194,-8.65611382735216,26.456976429083884
7.26513007636598,0.24180594963389304,13.159609243961839,7.021979960722412,2.807173499839289,-6.511540782881947,19.99900192221554
5.032683671365081,0.22377418422295156,8.793929114785627,4.806890904148503,1.7493691699525975,-4.334204089687182,13.432720782073437
3.009737820910364,0.20671129938833133,4.850775502032988,2.800878381860315,0.8030403827415679,-2.3690227208949266,7.49653131934209
1.3778004944305966,0.19313849216645482,1.6785101484303255,1.1833602175605153,0.048455530224787546,-0.7891454843769516,2.71679503600872
0.23628565371315613,0.18401118927845986,-0.5339140416856343,0.05249854571894619,-0.4723641075026809,0.31184124660751,-0.6202221131666339
-0.3954564019749216,0.17960216745720306,-1.753235555053486,-0.5731081791880479,-0.7545102230605325,0.917863334029003,-2.462294245956607
-0.5655563724529701,0.1794329469888214,-2.076386685431153,-0.7415790110986498,-0.8236234571988871,1.0775488835623426,-2.954065185313029
-0.37048237882293567,0.18263020181677675,-1.6934223427316937,-0.5487060830358375,-0.7267643918143678,0.8858453337997404,-2.380659620059884
0.06684393239384878,0.18804290808617222,-0.844443080453679,-0.116319185816808,-0.5221574450878622,0.46250383582950283,-1.1032024192576046
0.6186817742063383,0.19365564963360074,0.22187903996312197,0.42893437568142057,-0.26911811560036475,-0.06859134816228951,0.5036885428935272
1.166283465290182,0.19776351638448053,1.2786847430251949,0.9710446273631228,-0.024024529775175385,-0.5938586595231033,2.099744848286633
1.6210509446738586,0.20015529368284937,2.153740600505606,1.421783457112483,0.1739252954411482,-1.0278802617019762,3.4243699293722742
1.9264056993243652,0.2012213204528232,2.7374674951237434,1.7247003475982354,0.3006255704556039,-1.3164505846097339,4.311211822835514
2.0588809982362184,0.20149466302900146,2.984762497857823,1.8562009045099925,0.3472368389776453,-1.4374598395434837,4.691155137848727
2.0244438994851337,0.2013044892146673,2.907843447382142,1.8220056337641288,0.3181915771774073,-1.3973008509300135,4.581677166881575
1.8516821337499318,0.20091495087582112,2.5628608363071312,1.6503600327172874,0.2278927036501864,-1.2241121815301619,4.066747282436774
1.5833372087952349,0.20053879265565774,2.0333413908489955,1.3836010295013557,0.09672196552654516,-0.9595830029424031,3.271914512451757
1.2675956778847346,0.20025938182645014,1.4132117970015021,1.0695405523577808,-0.05327656831741168,-0.6504003490093639,2.3386977880239708
0.951731221523028,0.20009244330632886,0.793427382053319,0.7538233254560506,-0.19777475669034136,-0.3431404712976113,1.4018906179276762
0.6745616786387933,0.200017478742875,0.24805442459299154,0.47566396929711113,-0.3213524492773284,-0.07331483837882102,0.5756942642638836
0.46090485420052235,0.2000027754208571,-0.1736352638630328,0.260342147633926,-0.4140655603439728,0.13490535280643992,-0.06458186945431943
0.3227629189642656,0.20001573581693663,-0.4475153103006856,0.1203095305721896,-0.47176004556324697,0.26979747022014317,-0.48168833564689567
0.26014533070915874,0.2000314950485173,-0.5730509323860163,0.055961779701831096,-0.49552199346780623,0.3312813110458537,-0.674185730130544
0.2633793312310065,0.20004698023949438,-0.5688447896569349,0.057897699137011045,-0.49053594883860857,0.32870126087643675,-0.6697539722294521
0.3162548006882929,0.20005505305904714,-0.46647796906793493,0.11005833158383795,-0.46461223157613507,0.2777709340888953,-0.51590683764978
0.3994453966678555,0.20005458386901462,-0.30379910645051983,0.1931517895529185,-0.4264609386339978,0.19725417041323873,-0.2698327586119945
0.4938524759086389,0.2000489132614272,-0.11838737029879284,0.28792783703820374,-0.3848441303254744,0.10574815014854569,0.011391803621992713
0.5795848162847828,0.200041940172681,0.05348444199477198,0.3758308481464217,-0.35010773165331305,0.021693475297579423,0.27436084719332937
0.6456259032705284,0.20003348258455525,0.1886733229873156,0.4450556628296618,-0.3260075107390004,-0.043785949666802076,0.4831048250554084
0.6859411134872394,0.20002676364632643,0.27389511363569496,0.4888163660742642,-0.3140701665135916,-0.08442997479549516,0.6166038674590275
0.6992836952441949,0.20002140869781174,0.3055186779717465,0.5052460076131795,-0.3138328755644482,-0.09870273197612,0.6685893542346967
0.6884026143428165,0.20001746231798448,0.28810879690298835,0.49665539786638063,-0.3233057508712107,-0.08904854828351405,0.6454151171076938
0.6588647152779947,0.2000142969130287,0.23215635854136651,0.4683803007289847,-0.3395480233381103,-0.0607582960710842,0.5626512687931037
0.6177370519191381,0.20001169961586132,0.1514679475183028,0.4274512929259059,-0.3594793324223569,-0.0206812602505662,0.44112534227057565
0.5720932716504947,0.2000097202235728,0.060307143534396215,0.3811339202891289,-0.3767790345344153,0.024151481652894248,0.3027189731412777
0.5317376300465877,0.2000081195195867,-0.024687547491057574,0.3380286845710143,-0.39003819971546705,0.06507671857121505,0.1711669311745991
0.5002770349724552,0.20000682783586948,-0.09456572904564278,0.3026516334140924,-0.39875968974871295,0.09804491653318552,0.061054401050840965
0.4795105650314671,0.2000057971962384,-0.14401381407435876,0.27767193940703966,-0.4030911988519543,0.12078781130852248,-0.01856985102280108
0.4695309024473402,0.2000051420537935,-0.17137321751208962,0.26390589106889006,-0.40368687073712317,0.1327836014300363,-0.06434720103210576
0.46903796746676574,0.20000452391582882,-0.1781599490925254,0.26056382852859916,-0.401600389118432,0.13499178759525302,-0.07796304714938786
0.475778663206162,0.20000394475304265,-0.1682503019643746,0.26566492434434,-0.3989940916564445,0.12944079969013494,-0.06494671349987305
0.4871206068439793,0.20000340157483512,-0.14690702788123403,0.2765319963954597,-0.39700963274626916,0.11875131954367711,-0.03318767078717866
0.4991432386773392,0.20000289389587567,-0.11949133181838108,0.290386058339989,-0.3959893590785819,0.10554543083483069,0.008893629047164661
0.5080315404780664,0.20000243407559795,-0.0943501819532217,0.3027942951672874,-0.395817108922784,0.09272648183605633,0.05130303296019703
0.5133224538421847,0.20000204167312285,-0.07481719766182812,0.31237272576030256,-0.3961966102231601,0.08393026764641118,0.08614338848349312
0.5151138396673994,0.20000172095034255,-0.06242859925640591,0.31839163527264913,-0.3968283158840789,0.07947902623390253,0.11009301686546905
0.5139422223258674,0.2000014562956358,-0.057453791700507656,0.32074448674117556,-0.39749228313883544,0.07905548350074836,0.12196848180359235
0.5114014472037267,0.20000124110425022,-0.05910948443509817,0.3198391305748613,-0.39806559006776926,0.08128349448876462,0.12245980723214021
0.508642619843173,0.20000106333553677,-0.06587285307876055,0.3164413423084933,-0.3985045617047217,0.08461021827374288,0.11366606699401909
0.5062963085074372,0.20000091514200025,-0.07590245980519539,0.3115014288797314,-0.398815441502836,0.08795366446889805,0.09853020090096301
0.5045794285223416,0.20000078611504343,-0.08549171464081955,0.3059941737785714,-0.3990273598826832,0.09099775024283531,0.08001954744878897
0.5034541064911158,0.20000067136853159,-0.09253564234116966,0.301119422220998,-0.39917370716427597,0.09353977441373498,0.06451770072839777
0.5027700706395068,0.2000005714976979,-0.0968083438068647,0.2979183304811095,-0.39928184451326376,0.0954744641180626,0.05307398072933012
0.5023606700797999,0.200000487119897,-0.09891695611847448,0.2963648348679658,-0.3993700002255719,0.09678994958223809,0.046042544811079854
0.5020924937461789,0.2000004149446468,-0.09958609142299367,0.29605590105926444,-0.3994480317272929,0.09754996075122027,0.043163439627562084
0.5018802359210278,0.2000003537921863,-0.09949693724573372,0.2964882163940702,-0.3995198839394588,0.09786795638618248,0.04371326226340482
0.5016812828771746,0.2000003014265633,-0.09915325243270205,0.29722064159387,-0.3995862077713658,0.0978822069446313,0.04627415761144736
0.5014824345103068,0.20000025676100044,-0.09884551512330007,0.2979484933894188,-0.39964635450973346,0.09772170494713966,0.049003171789446194
0.5012861524021246,0.20000021857448758,-0.09869016839430904,0.2985995356506056,-0.39969959584821824,0.09749840602324121,0.051011520632159864
0.5011001993032548,0.20000018610890627,-0.09869344908704551,0.2991257598795101,-0.39974568345876405,0.09735891242367836,0.05208568351256497
0.5009319346536711,0.20000015852264516,-0.09880951622985158,0.29950334530538014,-0.39978484624485694,0.09739722110401844,0.0523824741518616
0.5007854126348009,0.2000001350692803,-0.09898153440080085,0.2997326483801213,-0.3998177651184361,0.09759579121245968,0.052187914275853266
0.5006613924317277,0.20000011511289814,-0.09916327664711387,0.2998325590021411,-0.3998453126370669,0.09789136116757835,0.05177189799728461
0.5005582023693392,0.20000009812224975,-0.09932631495746928,0.29983387581394266,-0.39986838881685643,0.09821807505083385,0.05132498928335514
0.5004727456717202,0.20000008362533822,-0.09945879635533848,0.2997723803774631,-0.39988783781985326,0.09852745882114682,0.05094985307937714
0.5004018199858294,0.20000007125441552,-0.09956000054606168,0.2996793964229639,-0.3999043217631141,0.0988075631795305,0.05068031204992544
0.5003420429269413,0.20000006062324427,-0.0996358227923342,0.2995822822501908,-0.3999184663828251,0.09904600176996632,0.05050690864474331
0.5002915941437045,0.2000000515620885,-0.0996926632263064,0.2995252319653438,-0.39993054606495837,0.09923732599622584,0.050404559149880665
0.5002487574999411,0.20000004385754888,-0.0997367532209356,0.29951958817376784,-0.3999408556578086,0.09938203891125662,0.05034552365853563
0.5002122571179735,0.20000003732167143,-0.09977264347028446,0.2995544950476607,-0.39994963713455456,0.0994852661551725,0.05030816835639692
0.500180761829898,0.20000003172292494,-0.09980361366640174,0.29961235638960104,-0.39995718447592454,0.0995535350301798,0.05027807487205263
0.5001538442712109,0.2000000269716424,-0.09983074861667032,0.2996766675221787,-0.3999636030275624,0.09959606585240584,0.05024958631009871
0.5001312920073242,0.20000002301351782,-0.09985425857640659,0.2997384051631169,-0.39996895583913455,0.09962326435744875,0.05022161855609362
0.5001122326077204,0.20000001968094136,-0.09987487840601605,0.2997934543296607,-0.39997346230643965,0.09965086507363058,0.05019352977079712
0.5000959091018709,0.20000001683029986,-0.09989303278685382,0.29983919560877953,-0.3999773139062503,0.09968401634910579,0.05016629718129261
0.5000818968486447,0.20000001438181872,-0.09990885779577698,0.2998747594777161,-0.39998061857445794,0.09972150082465396,0.050141205998114065
0.5000697139582257,0.2000000122495386,-0.09992267014284821,0.29990035686355737,-0.3999834936980728,0.09976035106847124,0.05011885015366944
0.5000593059631897,0.2000000104246868,-0.09993443928120367,0.29991730734118593,-0.3999859526801941,0.09979717799248887,0.05009979004953088
0.5000504276215734,0.20000000886486313,-0.09994438946084555,0.29992751487407177,-0.39998805343061444,0.09983014289640657,0.050083981082183655
0.5000427092737056,0.20000000750709906,-0.09995296035381802,0.29993323266329974,-0.3999898816524461,0.0998585359475887,0.050070699082039434
0.5000361744366747,0.20000000635729898,-0.09996018178407039,0.29993684586657104,-0.3999914302566805,0.09988217938900616,0.05005966931702063
0.500030760786273,0.20000000540498897,-0.09996614237458885,0.2999394011402816,-0.3999927134707349,0.09990125531696646,0.05005067572621193
0.500026280323063,0.20000000461716122,-0.09997106251918823,0.29994195618432706,-0.3999937755085611,0.09991643357892062,0.050043329374132625
0.5000220010377678,0.20000000386408634,-0.09997576292927328,0.29994754660550926,-0.39999478952284906,0.09993034847321879,0.05003632810632794
0.5000184363036967,0.2000000032370538,-0.0999796780526161,0.29995368972557745,-0.39999563406357863,0.09994162615157995,0.05003051012664746
0.5000153846948516,0.2000000026997659,-0.0999830349525867,0.2999607966253886,-0.3999963568157243,0.09995112568694686,0.05002550505117673
0.500012898510257,0.20000000226202447,-0.0999857725821074,0.299967669659767,-0.39999694556107185,0.09995882976229516,0.0500214131902985
0.5000109104978088,0.20000000191217615,-0.0999879631588317,0.29997409280968307,-0.3999974163019746,0.09996500096484368,0.05001813227015719
0.5000094161834633,0.20000000164983814,-0.09998961027730431,0.29997933531967635,-0.3999977701235583,0.09996963598869466,0.050015663163315204
0.5000082747777542,0.20000000145008062,-0.09999086875400502,0.2999831405417572,-0.39999804037856374,0.09997318472689365,0.050013774845966384
0.5000073719539447,0.20000000129281265,-0.09999186431665605,0.2999856651462643,-0.39999825413985135,0.09997599251404003,0.05001228041308435
0.5000064691301352,0.20000000113554467,-0.09999285987930707,0.2999881897507714,-0.39999846790113897,0.09997880030118642,0.05001078598020232
0.5000055663063258,0.2000000009782767,-0.0999938554419581,0.2999907143552785,-0.3999986816624266,0.0999816080883328,0.050009291547320284
0.5000048225264911,0.2000000008470001,-0.09999467652172807,0.2999926696396349,-0.3999988578142066,0.09998405346097206,0.050008050266988374
0.5000042054337562,0.2000000007375328,-0.09999535807452149,0.29999407604429856,-0.3999990039807438,0.09998613292780996,0.05000701664056922
0.5000036877620171,0.20000000064566836,-0.09999592988471738,0.2999949786552623,-0.39999912660301606,0.09998788982602266,0.05000614871033654
0.500003170090278,0.20000000055380393,-0.09999650169491325,0.29999588126622606,-0.39999924922528834,0.09998964672423537,0.050005280780103856
0.5000027887911932,0.2000000004864782,-0.09999692276097434,0.29999631045562913,-0.3999993395410701,0.09999092908842104,0.050004642558913126
0.5000024074921084,0.20000000041915247,-0.09999734382703543,0.29999673964503215,-0.39999942985685183,0.09999221145260671,0.050004004337722396
0.5000020261930237,0.20000000035182675,-0.09999776489309652,0.29999716883443517,-0.39999952017263357,0.09999349381679239,0.05000336611653166
0.5000018107175547,0.20000000031427242,-0.09999800265174581,0.29999718906848777,-0.39999957120320495,0.09999419516872532,0.05000300741256602
0.5000015952420857,0.20000000027671813,-0.09999824041039511,0.2999972093025404,-0.39999962223377633,0.09999489652065825,0.050002648708600377
0.5000013797666166,0.20000000023916384,-0.0999984781690444,0.2999972295365931,-0.3999996732643477,0.09999559787259119,0.050002290004634735
0.5000011642911476,0.20000000020160952,-0.0999987159276937,0.29999724977064574,-0.3999997242949191,0.09999629922452412,0.05000193130066909
0.5000009488156786,0.2000000001640552,-0.099998953686343,0.2999972700046984,-0.39999977532549047,0.09999700057645705,0.05000157259670345
0.5000007333402096,0.20000000012650088,-0.0999991914449923,0.299997290238751,-0.39999982635606185,0.09999770192838998,0.05000121389273781
0.5000007194520657,0.20000000012450783,-0.0999992065926879,0.29999707860291874,-0.3999998296372676,0.09999772392054534,0.050001192656280974
0.5000007055639218,0.2000000001225148,-0.09999922174038352,0.2999968669670865,-0.39999983291847335,0.0999977459127007,0.05000117141982414
0.500000691675778,0.20000000012052174,-0.09999923688807913,0.29999665533125425,-0.3999998361996791,0.09999776790485607,0.0500011501833673
0.5000006777876341,0.2000000001185287,-0.09999925203577474,0.299996443695422,-0.39999983948088486,0.09999778989701143,0.050001128946910466
0.5000006638994903,0.20000000011653565,-0.09999926718347035,0.29999623205958975,-0.3999998427620906,0.09999781188916679,0.05000110771045363
0.5000006500113464,0.2000000001145426,-0.09999928233116596,0.2999960204237575,-0.39999984604329636,0.09999783388132215,0.05000108647399679
0.5000006361232026,0.20000000011254956,-0.09999929747886158,0.29999580878792526,-0.3999998493245021,0.09999785587347751,0.05000106523753996
0.5000006222350587,0.20000000011055652,-0.09999931262655719,0.299995597152093,-0.39999985260570786,0.09999787786563287,0.05000104400108312
0.5000006083469148,0.20000000010856347,-0.0999993277742528,0.29999538551626076,-0.3999998558869136,0.09999789985778823,0.050001022764626285
0.500000594458771,0.20000000010657043,-0.09999934292194841,0.2999951738804285,-0.39999985916811936,0.09999792184994359,0.05000100152816945
0.5000005430992291,0.2000000000969596,-0.09999939984736594,0.29999575757630303,-0.3999998713421457,0.09999812105811098,0.050000913369059874
0.5000004917396873,0.20000000008734875,-0.09999945677278346,0.29999634127217756,-0.39999988351617205,0.09999832026627838,0.0500008252099503
0.5000004403801455,0.20000000007773788,-0.099999513698201,0.299996924968052,-0.3999998956901984,0.09999851947444578,0.05000073705084073
0.5000003890206036,0.20000000006812704,-0.09999957062361853,0.29999750866392655,-0.39999990786422474,0.09999871868261317,0.05000064889173116
0.5000003376610618,0.2000000000585162,-0.09999962754903606,0.299998092359801,-0.3999999200382511,0.09999891789078058,0.050000560732621595
0.5000002863015199,0.20000000004890536,-0.09999968447445359,0.29999867605567554,-0.3999999322122774,0.09999911709894797,0.05000047257351202
0.5000002349419781,0.20000000003929452,-0.09999974139987113,0.29999925975155006,-0.39999994438630376,0.09999931630711538,0.050000384414402445
0.5000001835824363,0.20000000002968368,-0.09999979832528866,0.29999984344742453,-0.3999999565603301,0.09999951551528277,0.05000029625529288
0.5000001322228944,0.20000000002007284,-0.09999985525070619,0.30000042714329905,-0.39999996873435645,0.09999971472345016,0.0500002080961833
0.5000000808633526,0.200000000010462,-0.09999991217612372,0.3000010108391736,-0.3999999809083828,0.09999991393161757,0.05000011993707373
0.5000000295038107,0.20000000000085116,-0.09999996910154124,0.3000015945350481,-0.39999999308240913,0.10000011313978498,0.05000003177796415
0.49999997814426883,0.1999999999912403,-0.10000002602695876,0.30000217823092257,-0.4000000052564355,0.10000031234795237,0.04999994361885458
0.49999992678472693,0.19999999998162946,-0.10000008295237629,0.30000276192679703,-0.4000000174304618,0.10000051155611976,0.049999855459745
0.49999995985236617,0.19999999998885212,-0.10000004590710411,0.3000029500413055,-0.4000000095758163,0.10000033381715354,0.049999916334484466
0.4999999929200054,0.1999999999960748,-0.10000000886183191,0.300003138155814,-0.40000000172117073,0.1000001560781873,0.04999997720922393
0.5000000259876446,0.20000000000329746,-0.09999997181655973,0.30000332627032245,-0.3999999938665252,0.09999997833922107,0.050000038083963395
0.5000000590552838,0.20000000001052012,-0.09999993477128753,0.3000035143848309,-0.39999998601187964,0.09999980060025485,0.05000009895870286
0.500000092122923,0.2000000000177428,-0.09999989772601535,0.3000037024993394,-0.3999999781572341,0.09999962286128862,0.050000159833442324
0.500000109403185,0.2000000000212688,-0.0999998784601923,0.3000033951968769,-0.3999999740564284,0.09999954153975713,0.05000019067825674
0.500000126683447,0.2000000000247948,-0.09999985919436925,0.3000030878944144,-0.3999999699556227,0.09999946021822564,0.05000022152307115
0.500000143963709,0.2000000000283208,-0.0999998399285462,0.30000278059195185,-0.399999965854817,0.09999937889669415,0.05000025236788557
0.500000161243971,0.20000000003184681,-0.09999982066272316,0.3000024732894893,-0.3999999617540113,0.09999929757516267,0.05000028321269999
0.500000178524233,0.20000000003537283,-0.09999980139690012,0.3000021659870268,-0.3999999576532056,0.09999921625363117,0.05000031405751441
0.500000195804495,0.20000000003889884,-0.09999978213107708,0.3000018586845643,-0.3999999535523999,0.09999913493209969,0.050000344902328825
0.500000213084757,0.20000000004242485,-0.09999976286525404,0.3000015513821018,-0.39999994945159423,0.0999990536105682,0.05000037574714324
0.500000230365019,0.20000000004595084,-0.099999743599431,0.3000012440796393,-0.39999994535078853,0.0999989722890367,0.05000040659195766
0.500000247645281,0.20000000004947685,-0.09999972433360797,0.3000009367771768,-0.39999994124998284,0.09999889096750521,0.05000043743677208
0.500000264925543,0.20000000005300286,-0.09999970506778494,0.3000006294747143,-0.39999993714917714,0.09999880964597371,0.050000468281586496
0.500000282205805,0.20000000005652885,-0.09999968580196189,0.30000032217225175,-0.39999993304837145,0.09999872832444223,0.05000049912640091
0.500000299486067,0.20000000006005486,-0.09999966653613886,0.3000000148697893,-0.39999992894756575,0.09999864700291074,0.050000529971215325
0.500000316766329,0.20000000006358085,-0.09999964727031581,0.29999970756732675,-0.39999992484676006,0.09999856568137926,0.05000056081602974
0.5000003340465909,0.20000000006710683,-0.09999962800449276,0.2999994002648642,-0.39999992074595436,0.09999848435984778,0.05000059166084416
0.5000003513268529,0.20000000007063282,-0.09999960873866973,0.2999990929624017,-0.39999991664514867,0.0999984030383163,0.05000062250565858
0.5000003686071149,0.2000000000741588,-0.09999958947284668,0.29999878565993915,-0.399999912544343,0.0999983217167848,0.05000065335047299
0.5000003858873769,0.20000000007768481,-0.09999957020702364,0.29999847835747667,-0.3999999084435373,0.0999982403952533,0.05000068419528741
0.5000002451342339,0.20000000004917864,-0.09999972703969025,0.29999802274365545,-0.3999999418416235,0.0999988903351903,0.05000043395746749
0.5000001043810909,0.20000000002067247,-0.09999988387235685,0.29999756712983416,-0.39999997523970976,0.0999995402751273,0.05000018371964758
0.4999999636279479,0.1999999999921663,-0.10000004070502345,0.2999971115160129,-0.400000008637796,0.10000019021506429,0.049999933481827664
0.49999982287480493,0.1999999999636601,-0.10000019753769006,0.2999966559021916,-0.4000000420358823,0.10000084015500128,0.049999683244007755
0.49999968212166196,0.19999999993515394,-0.10000035437035666,0.2999962002883703,-0.40000007543396854,0.10000149009493828,0.049999433006187845
0.49999966234851173,0.19999999993118692,-0.10000037638807865,0.29999629879079115,-0.400000080125187,0.1000015796374252,0.04999939800050328
0.4999996425753615,0.1999999999272199,-0.10000039840580065,0.299996397293212,-0.4000000848164055,0.10000166917991213,0.04999936299481871
0.4999996228022113,0.19999999992325285,-0.10000042042352264,0.2999964957956328,-0.40000008950762395,0.10000175872239905,0.049999327989134146
0.49999960302906105,0.19999999991928583,-0.10000044244124463,0.29999659429805364,-0.4000000941988424,0.10000184826488598,0.04999929298344958
0.4999995832559108,0.1999999999153188,-0.10000046445896663,0.2999966928004745,-0.4000000988900609,0.1000019378073729,0.04999925797776501
0.4999995634827606,0.19999999991135176,-0.10000048647668862,0.2999967913028953,-0.40000010358127935,0.10000202734985983,0.04999922297208045
0.49999954370961036,0.19999999990738473,-0.10000050849441061,0.29999688980531614,-0.4000001082724978,0.10000211689234675,0.04999918796639588
0.4999996488171416,0.19999999992870657,-0.10000039136746346,0.2999974715208715,-0.40000008333193626,0.1000016300195326,0.04999937495794813
0.49999975392467283,0.1999999999500284,-0.1000002742405163,0.29999805323642675,-0.4000000583913747,0.10000114314671847,0.04999956194950038
0.49999985903220406,0.1999999999713502,-0.10000015711356915,0.29999863495198204,-0.40000003345081314,0.10000065627390434,0.04999974894105263
0.4999999641397353,0.19999999999267204,-0.10000003998662199,0.29999921666753737,-0.4000000085102516,0.1000001694010902,0.04999993593260488
0.5000000692472666,0.20000000001399387,-0.09999992285967484,0.2999997983830927,-0.39999998356969,0.09999968252827607,0.05000012292415713
0.5000001743547978,0.2000000000353157,-0.09999980573272768,0.300000380098648,-0.39999995862912846,0.09999919565546193,0.050000309915709376
0.5000002794623291,0.2000000000566375,-0.09999968860578053,0.30000096181420327,-0.3999999336885669,0.0999987087826478,0.050000496907261625
0.5000003845698603,0.20000000007795934,-0.09999957147883337,0.30000154352975855,-0.39999990874800534,0.09999822190983366,0.050000683898813875
0.5000003273679996,0.2000000000663528,-0.0999996352228648,0.3000018772724288,-0.3999999223212432,0.09999848697330684,0.0500005821248665
0.5000002701661389,0.20000000005474625,-0.09999969896689623,0.300002211015099,-0.3999999358944811,0.09999875203678,0.050000480350919134
0.5000002129642782,0.2000000000431397,-0.09999976271092766,0.3000025447577692,-0.39999994946771894,0.09999901710025318,0.05000037857697177
0.5000001557624175,0.20000000003153315,-0.09999982645495908,0.30000287850043944,-0.3999999630409568,0.09999928216372635,0.05000027680302439
0.5000000985605568,0.2000000000199266,-0.09999989019899051,0.30000321224310966,-0.3999999766141947,0.09999954722719952,0.05000017502907702
0.5000000413586961,0.20000000000832005,-0.09999995394302194,0.3000035459857799,-0.39999999018743254,0.09999981229067269,0.050000073255129646
0.49999998415683544,0.1999999999967135,-0.10000001768705337,0.3000038797284501,-0.4000000037606704,0.10000007735414586,0.04999997148118227
0.499999949903242,0.199999999989773,-0.10000005585323617,0.30000371899921735,-0.4000000118883932,0.100000235473917,0.049999910588242255
0.4999999156496485,0.1999999999828325,-0.10000009401941896,0.3000035582699846,-0.40000002001611595,0.10000039359368813,0.04999984969530224
0.49999988139605506,0.199999999975892,-0.10000013218560176,0.30000339754075184,-0.4000000281438387,0.10000055171345927,0.04999978880236222
0.4999998471424616,0.1999999999689515,-0.10000017035178456,0.3000032368115191,-0.4000000362715615,0.1000007098332304,0.049999727909422205
0.49999981288886813,0.19999999996201098,-0.10000020851796736,0.3000030760822863,-0.40000004439928427,0.10000086795300152,0.04999966701648219
0.49999977863527467,0.19999999995507048,-0.10000024668415015,0.30000291535305357,-0.40000005252700704,0.10000102607277266,0.04999960612354217
0.4999998159432103,0.1999999999626415,-0.10000020510810555,0.30000228823420716,-0.40000004367428005,0.100000853039979,0.049999672514766974
0.49999985325114593,0.1999999999702125,-0.10000016353206094,0.30000166111536075,-0.40000003482155305,0.10000068000718537,0.04999973890599178
0.49999989055908156,0.19999999997778353,-0.10000012195601633,0.30000103399651434,-0.40000002596882606,0.10000050697439174,0.04999980529721658
0.4999999278670172,0.19999999998535456,-0.10000008037997171,0.30000040687766794,-0.40000001711609906,0.10000033394159809,0.049999871688441375
0.4999999651749528,0.19999999999292556,-0.1000000388039271,0.2999997797588215,-0.40000000826337206,0.10000016090880445,0.04999993807966618
0.5000000024828885,0.20000000000049659,-0.0999999972278825,0.2999991526399751,-0.39999999941064507,0.09999998787601082,0.05000000447089097
