0.0,0.0,0.0,0.0,0.0,0.0,0.0
4.023064217934537,0.05273230717017721,7.755463678507571,3.969590286939384,1.839489749391008,-3.865419089006136,11.68689965376389
8.288189595757853,0.1160748369680911,15.93695159302597,8.170710973645871,3.766713736785716,-7.9413001756128425,24.0226805131907
11.054433366506618,0.16935070740912445,21.183732672082222,10.8862252383008,4.981256081460516,-10.549934658368272,31.94859582593931
11.977035273491646,0.20282646609213015,22.85226457862635,11.777291064752285,5.336202377244669,-11.374494961287011,34.48207923618323
11.44227877792918,0.21717407053907503,21.70057918565461,11.227431581187393,5.019019978707548,-10.794367032900276,32.76622273296634
10.065027247118453,0.21964303395868381,18.928653755182832,9.84694382601465,4.320280426350325,-9.407626228436406,28.609182400588445
8.397956813480338,0.2155882590910944,15.612103852901392,8.182929270957658,3.4981305535623823,-7.750877543286018,23.63046761440116
6.813207688131337,0.20951538178734286,12.472099654695743,6.603433204704952,2.7242309104765625,-6.183081237347649,18.915516341116845
5.495398898075447,0.20410271603668373,9.863823008752604,5.290540060434632,2.082264752854152,-4.880897480011468,14.998986127661587
4.488240420316091,0.2004341560969166,7.868871064872181,4.286904574826401,1.5905093786695352,-3.8846836074175366,12.003843186120099
3.7542806483647753,0.19856038260338707,6.411514731679006,3.5548537289917683,1.2298781808362191,-3.156629951970718,9.816501853877636
3.2244539200208,0.19801546334062525,5.355640244804423,3.0257034820228426,0.9671107437539936,-2.6288200846902825,8.23232496625961
2.8301323435357735,0.19824305893086314,4.566670188502877,2.631309702508343,0.7695841597462405,-2.2341884622287655,7.049042238031328
2.518368208564977,0.19877803952591716,3.941035313100895,2.3191542622075367,0.6122745285662682,-1.9211260007800992,6.1109588283479
2.2552641305919954,0.19932065169459304,3.4124842704083593,2.0556202983182947,0.4791835469724889,-1.6566173158373783,5.318489066729464
2.0228591521853487,0.19972818419850602,2.94587142902963,1.8228865674550658,0.3618039418930346,-1.4231389586187573,4.618822829115694
1.8137667112455613,0.19996884969917986,2.526636627929145,1.61360304198076,0.25656639820223964,-1.2134184703961823,3.990106981305729
1.6261293618196726,0.20007160408450522,2.1509645690214074,1.4258936872275878,0.16247125124727657,-1.0255337907645707,3.4266407925799784
1.4600135759871555,0.20008575570194023,1.8187658056129594,1.2597845253812874,0.0794082953954721,-0.8594196856226799,2.9283267917601874
1.3153928197605012,0.20005708905482486,1.5297663396010706,1.1152080567564793,0.0072253826780186575,-0.7149218095966962,2.4947868021369106
1.1913745276689767,0.20001781670717703,1.2820214235157166,0.9912428988449896,-0.05462390122565191,-0.5910560121289783,2.12312580053354
1.08619134939391,0.19998557349873577,1.0719064054985736,0.8861053884427763,-0.10707900291150083,-0.486003190828761,1.8079181202360202
0.9975305963936254,0.19996642627313657,0.8947627045987769,0.7974768517188587,-0.1513167631253585,-0.3974318535094914,1.5421791775383038
0.9229203247152177,0.1999596007542287,0.7456484994137753,0.7228857623757697,-0.18857160939439296,-0.32287160294702427,1.318494911925817
0.8600272660256112,0.1999612975820213,0.619915616800231,0.6600022690694671,-0.21999860211748073,-0.2599995665984871,1.1298897722270869
0.8068238805196789,0.19996739806746072,0.51353027654473,0.6068027144123422,-0.24659838301658124,-0.20680037446164617,0.9703099029208723
0.7616406744482405,0.19997467537050032,0.4231707720075758,0.561620736554587,-0.2691952733833926,-0.16161434407708078,0.8347703435954033
0.7231443031088093,0.19998121152154386,0.34618136863830484,0.5231249500150489,-0.28844939049791074,-0.12311423059404976,0.7192860877450225
0.6902782449401904,0.19998619443527516,0.2804543583008954,0.4902598141015265,-0.3048859669585909,-0.09024638278177707,0.6206949725456086
0.6621967965971262,0.19998958151447058,0.22429969855367068,0.46217985595504674,-0.3189272531057695,-0.062165709009580114,0.5364618756787788
0.6382078898876526,0.19999171426070345,0.17633252318171824,0.4381928728527053,-0.33091990808185506,-0.03817957512835342,0.46450965881113043
0.6177306520106549,0.19999302917668543,0.1353896534269369,0.4177177351513643,-0.3411554096807753,-0.017706159439353945,0.4030937757632669
0.6002679975182104,0.19999389005942755,0.10047561401018329,0.4002571184801637,-0.34988322988154524,-0.00024754311675848767,0.3507212046452053
0.5853890788234365,0.1999945483733963,0.07072784747290967,0.3853800193901919,-0.3573194193531642,0.014627679277499148,0.3060982249541159
0.572719445446364,0.19999513794585708,0.04539708396546713,0.3727119194362322,-0.3636515079650982,0.027294219896697017,0.2681009725183107
0.561934233057184,0.19999571100366073,0.02383359029204065,0.361927955293554,-0.3690419900028999,0.03807698339135556,0.23575484237934569
0.5527534566700439,0.1999962717929115,0.0054776027122238925,0.3527481801626952,-0.3736307825117647,0.04725587253573156,0.2082201531863508
0.5449373013805414,0.19999680253166047,-0.010150229304558188,0.34493283031926225,-0.377537665305586,0.05507057138333479,0.18477783812075346
0.5382814255227506,0.19999728494752536,-0.02345832418663006,0.3382776118697207,-0.38086468399607465,0.06172529700229086,0.16481523176376892
0.5326123048351664,0.19999770801636277,-0.034793518844748406,0.3326090393545365,-0.3836985028902284,0.06739347565979276,0.147812052250275
0.5277828066311618,0.19999806865013814,-0.04444992832452224,0.3277800066773351,-0.3861126245985592,0.07222217502988604,0.13332710734629
0.5236681641212201,0.1999983703412867,-0.0526769874690432,0.32366576494960136,-0.38816939696023706,0.07633612350630939,0.12098623281034558
0.5201624597834733,0.19999862064943524,-0.05968646959888219,0.320160407759584,-0.3899217622575566,0.07984121881959225,0.11047176143070797
0.5171756416077229,0.19999882849183231,-0.06565843851927575,0.3171738901978212,-0.39141474001658677,0.08282750305074847,0.10151359306046787
0.5146310378723951,0.199999002095334,-0.07074620809889744,0.314629545703648,-0.3926866636257802,0.0853716419344032,0.09388175334341506
0.5124633013905673,0.199999148380322,-0.07508044741977365,0.31246203156538876,-0.39377020428776804,0.08753897754832914,0.08738023541776306
0.5106167065326896,0.19999927264755243,-0.07877258386486968,0.31061562646375074,-0.3946932212823739,0.08938522967139281,0.0818418951047532
0.5090438287755753,0.19999937884588065,-0.08191744335687534,0.3090429100913519,-0.39547942209976483,0.09095781620241791,0.07712449061011246
0.507704033430357,0.1999994698714476,-0.08459627331506109,0.3077032517525859,-0.3961491186114472,0.09229736497184085,0.07310614788147016
0.5065627358569967,0.1999995479460495,-0.08687822292917381,0.30656207044943684,-0.3967195976273675,0.09343845395751799,0.06968314050469704
0.5055905030340758,0.19999961482561143,-0.0888221405173642,0.3055899363333916,-0.3972055705883281,0.09441051013977517,0.06676719371371366
0.5047622819953289,0.19999967199835028,-0.09047811677013898,0.30476179919021756,-0.39761955956125045,0.09523858129235369,0.06428316948258071
0.5040567419474197,0.19999972076428588,-0.09188880044415414,0.30405633053483183,-0.3979722262850725,0.09594399387554198,0.062167093023091174
0.503455715860347,0.19999976229388852,-0.09309051492163262,0.303455365263806,-0.39827265131667144,0.09654491137330112,0.060364477897221096
0.5029437275710347,0.19999979762113007,-0.09411420363499869,0.30294342881864594,-0.3985285703559948,0.09705680704370678,0.05882890781652759
0.5025075913614186,0.19999982766322394,-0.09498623060352836,0.30250733681566305,-0.3987465743308393,0.097492864221532,0.057520835803415306
0.5021360724145641,0.19999985321383393,-0.09572905922071051,0.30213585556037914,-0.39893227905422635,0.09786431573540585,0.05640656596832782
0.5018195801742664,0.19999987495670124,-0.0963618653039227,0.301819395450714,-0.3990904784590668,0.09818075046265536,0.055457333906231206
0.5015499797729874,0.19999989346845,-0.09690091408346507,0.301549822429364,-0.39922523883108474,0.0984503018407655,0.054648741191875856
0.501320330702183,0.19999990923650865,-0.09736008271561386,0.30132019668378707,-0.3993400294326524,0.09867990914588702,0.05395997159349105
0.5011247142428317,0.1999999226720762,-0.097751205328518,0.30112460009089226,-0.39943780876603013,0.09887549003676213,0.05337327349317828
0.5009580857208147,0.19999993412096773,-0.09808436843362776,0.30095798848738115,-0.3995210984268456,0.0990420882729333,0.05287351675864687
0.5008161473484453,0.19999994387750786,-0.09836816517887771,0.30081606452284537,-0.3995920466708631,0.09918400085856632,0.052447811355918826
0.5006951311072484,0.19999995219877598,-0.09861012946814161,0.3006950605632899,-0.399652536945202,0.09930499512216268,0.052084856154929624
0.5005918657427428,0.19999995930120373,-0.09881660201515367,0.30059180567760896,-0.39970415440385043,0.09940824173765103,0.0517751398541677
0.500503717547157,0.19999996536438713,-0.09899284874468309,0.30050366642634124,-0.3997482155082946,0.09949637393048204,0.0515107633749472
0.5004287426580735,0.19999997052131857,-0.09914275628244687,0.3004286991450297,-0.39978569190081376,0.09957133520805315,0.05128589663748294
0.5003650730290086,0.19999997490015037,-0.09927005966740567,0.30036503597697284,-0.399817517328493,0.09963499327678255,0.051094936947890954
0.5003110091912216,0.1999999786177785,-0.09937815687962381,0.30031097762584014,-0.39984454127530933,0.09968904729688222,0.050932787213007154
0.5002650623919094,0.19999998177680134,-0.09947002458677531,0.30026503548971933,-0.39986750789873476,0.09973498575134515,0.05079498232357253
0.5002259635061854,0.19999998446474174,-0.09954820032457425,0.30022594057233626,-0.3998870515747108,0.09977407753526449,0.05067771588417867
0.5001926548219062,0.19999998675452824,-0.09961479892208822,0.3001926352687735,-0.3999037010037808,0.099807380169216,0.05057781557467628
0.5001642596377908,0.19999998870655297,-0.099671573288291,0.3001642429666576,-0.3999178944075194,0.09983577019555068,0.05049265196812689
0.5001400458705921,0.19999999037119362,-0.09971998717726067,0.30014003165703473,-0.39992999771964644,0.09985997956463351,0.050420029380374314
0.5001193964827475,0.19999999179084801,-0.0997612743163781,0.30011938436497226,-0.3999403193679269,0.09988062520192477,0.05035809717564658
0.5001014957220294,0.19999999302095914,-0.09979706574975271,0.3001014854210423,-0.3999492671084831,0.09989852271018994,0.050304408729007946
0.5000864563226274,0.19999999405445043,-0.09982713607305783,0.3000864475480123,-0.3999567845903674,0.09991355937704534,0.05025930215473165
0.5000737187803117,0.199999994930387,-0.09985260398003554,0.3000737112984509,-0.3999631514828428,0.09992629460629496,0.05022109937136023
0.5000628099959055,0.1999999956804163,-0.09987441540156616,0.30006280362119425,-0.39996860426616004,0.09993720140944808,0.05018838144872983
0.5000532776109547,0.1999999963349377,-0.09989347479894027,0.30005327220371,-0.3999733690531835,0.09994673206139063,0.050159791662491925
0.5000454671649073,0.19999999687227116,-0.09990909129004878,0.3000454625503645,-0.3999772731241154,0.09995454108956019,0.050136366359803924
0.5000385007794633,0.19999999735038812,-0.09992302013440797,0.3000384968719486,-0.3999807552898255,0.09996150620805389,0.05011547258898384
0.5000329168937516,0.1999999977350376,-0.09993418475994673,0.30003291355295364,-0.3999835464087764,0.09996708908106747,0.05009872524576663
0.5000273904528173,0.19999999811439664,-0.09994523452696483,0.3000273876729064,-0.3999863088144789,0.09997261451706686,0.05008215019515863
0.5000226286660642,0.19999999844129662,-0.09995475541662911,0.30002262636943455,-0.3999886890058098,0.09997737543799136,0.050067868515923666
0.5000192714713345,0.19999999867326723,-0.09996146791540034,0.30001926951543495,-0.3999903671074642,0.0999807320252695,0.05005779952396978
0.5000162428069227,0.19999999888115214,-0.09996752353716967,0.3000162411584111,-0.3999918809931618,0.0999837601389153,0.05004871587206711
0.5000137008957255,0.1999999990552392,-0.09997260592647104,0.3000136995051988,-0.39999315157420634,0.09998630158709007,0.050041092104296615
0.5000116302887225,0.19999999919704062,-0.09997674597308688,0.3000116291083473,-0.3999941865726068,0.09998837181689738,0.050034881884643057
0.5000099569450656,0.19999999931176188,-0.0999800917171097,0.30000995593452345,-0.39999502299780726,0.09999004485597592,0.05002986314754211
0.500008598466324,0.19999999940505375,-0.09998280790895664,0.3000085975936577,-0.3999957020368766,0.09999140308777338,0.05002578876140531
0.500007482979694,0.19999999948180366,-0.09998503825367926,0.3000074822202451,-0.3999962596156434,0.09999251837193032,0.0500224431634753
0.500006367493064,0.1999999995585536,-0.09998726859840187,0.3000063668468325,-0.3999968171944102,0.09999363365608727,0.05001909756554529
0.5000055731452974,0.1999999996133963,-0.09998885684653751,0.30000557257968596,-0.3999972142510235,0.09999442786004346,0.050016715135677466
0.5000047787975307,0.19999999966823898,-0.09999044509467314,0.3000047783125394,-0.39999761130763684,0.09999522206399966,0.050014332705809635
0.5000042483805724,0.1999999997050158,-0.09999150562999863,0.300004247949415,-0.399997876437734,0.09999575238523704,0.05001274186424144
0.5000037179636142,0.19999999974179264,-0.09999256616532412,0.3000037175862906,-0.39999814156783114,0.09999628270647443,0.05001115102267324
0.500003187546656,0.19999999977856947,-0.09999362670064961,0.30000318722316616,-0.3999984066979283,0.09999681302771181,0.05000956018110505
0.5000028882308026,0.19999999979941716,-0.09999422516395652,0.30000288793769087,-0.39999855631157616,0.09999711228973883,0.05000866246432553
0.5000025889149493,0.19999999982026484,-0.09999482362726345,0.3000025886522156,-0.399998705925224,0.09999741155176585,0.05000776474754602
0.500002289599096,0.1999999998411125,-0.09999542209057036,0.3000022893667403,-0.3999988555388719,0.09999771081379287,0.05000686703076651
0.5000019902832427,0.19999999986196018,-0.09999602055387727,0.300001990081265,-0.39999900515251974,0.09999801007581989,0.05000596931398699
0.5000016909673893,0.19999999988280787,-0.09999661901718418,0.3000016907957897,-0.3999991547661676,0.09999830933784691,0.050005071597207476
0.500001391651536,0.19999999990365555,-0.0999972174804911,0.3000013915103144,-0.39999930437981546,0.09999860859987393,0.050004173880427966
0.5000013278328312,0.1999999999080807,-0.09999734508197389,0.30000132769807936,-0.39999933627973594,0.09999867240706466,0.05000398247355891
0.5000012640141265,0.19999999991250586,-0.09999747268345667,0.3000012638858443,-0.3999993681796564,0.09999873621425538,0.050003791066689854
0.5000012001954217,0.19999999991693101,-0.09999760028493945,0.3000012000736092,-0.3999994000795769,0.09999880002144611,0.050003599659820805
0.500001136376717,0.19999999992135617,-0.09999772788642222,0.30000113626137415,-0.3999994319794974,0.09999886382863683,0.05000340825295175
0.5000010725580122,0.19999999992578135,-0.09999785548790499,0.3000010724491391,-0.39999946387941787,0.09999892763582756,0.05000321684608269
0.5000010087393074,0.1999999999302065,-0.09999798308938776,0.30000100863690404,-0.39999949577933835,0.09999899144301828,0.05000302543921364
0.5000009449206027,0.1999999999346317,-0.09999811069087054,0.300000944824669,-0.39999952767925884,0.09999905525020901,0.05000283403234458
0.5000008811018979,0.19999999993905687,-0.09999823829235333,0.30000088101243394,-0.3999995595791793,0.09999911905739974,0.050002642625475525
0.5000008172831931,0.19999999994348203,-0.09999836589383611,0.3000008172001989,-0.3999995914790998,0.09999918286459046,0.05000245121860647
0.5000007534644884,0.19999999994790718,-0.09999849349531889,0.3000007533879638,-0.3999996233790203,0.09999924667178119,0.050002259811737414
0.5000006896457836,0.19999999995233236,-0.09999862109680166,0.30000068957572873,-0.39999965527894077,0.09999931047897191,0.05000206840486836
0.5000006258270788,0.19999999995675755,-0.09999874869828443,0.3000006257634937,-0.39999968717886125,0.09999937428616262,0.0500018769979993
0.5000005620083741,0.19999999996118273,-0.09999887629976721,0.3000005619512586,-0.39999971907878173,0.09999943809335333,0.050001685591130246
0.5000004981896693,0.19999999996560788,-0.09999900390124998,0.3000004981390236,-0.3999997509787022,0.09999950190054406,0.05000149418426119
0.5000004343709645,0.19999999997003304,-0.09999913150273275,0.3000004343267885,-0.3999997828786227,0.09999956570773479,0.050001302777392134
0.5000003705522598,0.1999999999744582,-0.09999925910421553,0.30000037051455347,-0.3999998147785432,0.09999962951492551,0.05000111137052308
0.500000306733555,0.19999999997888335,-0.0999993867056983,0.3000003067023184,-0.39999984667846367,0.09999969332211624,0.05000091996365402
0.5000002429148502,0.1999999999833085,-0.09999951430718107,0.3000002428900833,-0.39999987857838415,0.09999975712930696,0.05000072855678497
0.5000001790961455,0.19999999998773366,-0.09999964190866385,0.30000017907784826,-0.39999991047830463,0.09999982093649769,0.05000053714991591
0.5000001152774407,0.19999999999215884,-0.09999976951014662,0.3000001152656132,-0.3999999423782251,0.0999998847436884,0.050000345743046855
0.5000000514587359,0.19999999999658402,-0.0999998971116294,0.30000005145337816,-0.3999999742781456,0.09999994855087911,0.0500001543361778
0.4999999876400312,0.20000000000100918,-0.10000002471311217,0.2999999876411431,-0.4000000061780661,0.10000001235806984,0.04999996292930874
0.4999999238213264,0.20000000000543436,-0.10000015231459494,0.29999992382890805,-0.40000003807798656,0.10000007616526055,0.04999977152243969
0.49999986000262164,0.2000000000098595,-0.10000027991607771,0.299999860016673,-0.40000006997790705,0.10000013997245127,0.04999958011557063
0.4999997961839169,0.20000000001428467,-0.10000040751756048,0.29999979620443795,-0.40000010187782753,0.100000203779642,0.049999388708701575
0.4999997323652121,0.20000000001870982,-0.10000053511904326,0.2999997323922029,-0.400000133777748,0.10000026758683273,0.04999919730183252
0.49999966854650735,0.20000000002313498,-0.10000066272052603,0.29999966857996785,-0.4000001656776685,0.10000033139402345,0.049999005894963464
0.4999998122261965,0.2000000000130583,-0.1000003754419312,0.29999981224515493,-0.4000000938591212,0.10000018774002725,0.04999943682338883
0.49999995590588564,0.20000000000298157,-0.10000008816333637,0.29999995591034206,-0.40000002204057394,0.10000004408603104,0.0499998677518142
0.5000000995855748,0.19999999999290488,-0.09999980088474154,0.30000009957552914,-0.39999995022202667,0.09999990043203483,0.050000298680239565
0.5000002432652639,0.1999999999828282,-0.09999951360614671,0.3000002432407163,-0.3999998784034794,0.09999975677803861,0.05000072960866493
0.5000003869449531,0.1999999999727515,-0.09999922632755189,0.3000003869059034,-0.3999998065849321,0.0999996131240424,0.0500011605370903
0.5000005306246422,0.19999999996267478,-0.09999893904895706,0.3000005305710905,-0.39999973476638484,0.09999946947004619,0.050001591465515666
0.5000006743043314,0.19999999995259807,-0.09999865177036223,0.3000006742362776,-0.39999966294783756,0.09999932581604998,0.05000202239394103
0.5000006106533064,0.19999999995709006,-0.09999877903665165,0.30000061059166744,-0.3999996947638993,0.09999938945574725,0.05000183148982355
0.5000005470022814,0.19999999996158202,-0.09999890630294107,0.3000005469470573,-0.399999726579961,0.09999945309544453,0.050001640585706074
0.5000004833512564,0.19999999996607398,-0.0999990335692305,0.30000048330244716,-0.39999975839602275,0.0999995167351418,0.050001449681588594
0.5000004197002313,0.19999999997056597,-0.09999916083551992,0.300000419657837,-0.3999997902120845,0.09999958037483907,0.050001258777471115
0.5000003560492063,0.19999999997505796,-0.09999928810180934,0.3000003560132269,-0.3999998220281462,0.09999964401453634,0.050001067873353636
0.5000002923981813,0.19999999997954993,-0.09999941536809877,0.30000029236861675,-0.39999985384420794,0.09999970765423362,0.050000876969236156
0.5000002287471563,0.19999999998404192,-0.09999954263438819,0.3000002287240066,-0.39999988566026967,0.0999997712939309,0.05000068606511868
0.5000001650961313,0.1999999999885339,-0.09999966990067762,0.3000001650793965,-0.3999999174763314,0.09999983493362817,0.05000049516100119
0.5000001014451063,0.19999999999302587,-0.09999979716696704,0.30000010143478634,-0.39999994929239313,0.09999989857332545,0.05000030425688371
0.5000000377940813,0.19999999999751783,-0.09999992443325646,0.3000000377901762,-0.39999998110845486,0.09999996221302272,0.05000011335276623
0.49999997414305625,0.2000000000020098,-0.10000005169954589,0.29999997414556606,-0.4000000129245166,0.10000002585272,0.04999992244864875
0.4999999104920312,0.20000000000650175,-0.10000017896583531,0.2999999105009559,-0.4000000447405783,0.10000008949241727,0.04999973154453127
0.4999998468410061,0.20000000001099372,-0.10000030623212473,0.2999998468563458,-0.40000007655664005,0.10000015313211455,0.049999540640413793
0.49999978318998106,0.2000000000154857,-0.10000043349841416,0.29999978321173565,-0.4000001083727018,0.10000021677181183,0.049999349736296314
0.499999719538956,0.20000000001997767,-0.10000056076470358,0.2999997195671255,-0.4000001401887635,0.1000002804115091,0.049999158832178835
0.49999965588793094,0.20000000002446963,-0.100000688030993,0.2999996559225154,-0.40000017200482524,0.10000034405120638,0.049998967928061355
0.4999995922369059,0.20000000002896162,-0.10000081529728243,0.29999959227790524,-0.40000020382088697,0.10000040769090365,0.04999877702394387
0.4999995285858808,0.20000000003345358,-0.10000094256357185,0.2999995286332951,-0.4000002356369487,0.10000047133060093,0.04999858611982639
0.49999946493485575,0.20000000003794555,-0.10000106982986127,0.29999946498868496,-0.4000002674530104,0.1000005349702982,0.04999839521570891
0.4999996080953696,0.20000000002775198,-0.10000078358917622,0.2999996081348142,-0.40000019589406494,0.10000039183508139,0.04999882458733189
0.4999997512558834,0.2000000000175584,-0.10000049734849116,0.29999975128094347,-0.40000012433511944,0.10000024869986457,0.04999925395895486
0.49999989441639725,0.20000000000736484,-0.1000002111078061,0.29999989442707276,-0.40000005277617395,0.10000010556464775,0.04999968333057784
0.500000037576911,0.19999999999717127,-0.09999992486712105,0.30000003757320204,-0.39999998121722846,0.09999996242943093,0.05000011270220081
0.5000001807374248,0.1999999999869777,-0.09999963862643599,0.3000001807193313,-0.39999990965828297,0.09999981929421412,0.05000054207382379
0.5000003238979386,0.19999999997678414,-0.09999935238575093,0.3000003238654606,-0.3999998380993375,0.0999996761589973,0.05000097144544677
0.5000004670584524,0.19999999996659057,-0.09999906614506587,0.3000004670115899,-0.399999766540392,0.09999953302378048,0.05000140081706975
0.5000006102189661,0.199999999956397,-0.09999877990438082,0.3000006101577191,-0.3999996949814465,0.09999938988856366,0.050001830188692725
0.5000005296432746,0.19999999996217258,-0.09999894101057816,0.30000052959010953,-0.39999973525727556,0.09999947045008603,0.05000158852340783
0.500000449067583,0.19999999996794815,-0.0999991021167755,0.30000044902249995,-0.3999997755331046,0.0999995510116084,0.050001346858122936
0.5000003684918914,0.19999999997372372,-0.09999926322297284,0.30000036845489036,-0.3999998158089337,0.09999963157313077,0.05000110519283804
0.5000002879161999,0.1999999999794993,-0.09999942432917018,0.3000002878872808,-0.39999985608476274,0.09999971213465314,0.05000086352755315
0.5000002073405083,0.19999999998527487,-0.09999958543536752,0.3000002073196712,-0.3999998963605918,0.09999979269617551,0.05000062186226825
0.5000001267648168,0.19999999999105045,-0.09999974654156486,0.3000001267520616,-0.39999993663642086,0.09999987325769788,0.05000038019698335
0.5000000461891252,0.19999999999682602,-0.0999999076477622,0.30000004618445203,-0.3999999769122499,0.09999995381922026,0.050000138531698456
0.49999996561343363,0.2000000000026016,-0.10000006875395955,0.29999996561684245,-0.400000017188079,0.10000003438074263,0.04999989686641356
0.49999988503774206,0.20000000000837717,-0.10000022986015689,0.29999988504923286,-0.40000005746390804,0.100000114942265,0.049999655201128666
0.4999998044620505,0.20000000001415275,-0.10000039096635423,0.2999998044816233,-0.4000000977397371,0.10000019550378737,0.04999941353584377
0.49999972388635894,0.20000000001992832,-0.10000055207255157,0.2999997239140137,-0.40000013801556616,0.10000027606530974,0.04999917187055888
0.4999996433106674,0.2000000000257039,-0.10000071317874891,0.2999996433464041,-0.4000001782913952,0.10000035662683211,0.049998930205273975
0.4999995627349758,0.20000000003147947,-0.10000087428494625,0.2999995627787945,-0.4000002185672243,0.10000043718835448,0.04999868853998908
0.49999948215928425,0.20000000003725504,-0.10000103539114359,0.29999948221118494,-0.40000025884305335,0.10000051774987685,0.049998446874704186
0.4999994015835927,0.20000000004303062,-0.10000119649734093,0.29999940164357536,-0.4000002991188824,0.10000059831139924,0.04999820520941929
0.49999954733737745,0.20000000003250884,-0.10000090507145784,0.29999954738276347,-0.4000002262637619,0.10000045258314472,0.04999864235911936
0.4999996930911622,0.20000000002198706,-0.10000061364557475,0.29999969312195157,-0.4000001534086414,0.1000003068548902,0.04999907950881943
0.499999838844947,0.20000000001146528,-0.10000032221969166,0.2999998388611397,-0.40000008055352093,0.10000016112663566,0.049999516658519504
0.49999998459873174,0.20000000000094353,-0.10000003079380856,0.2999999846003278,-0.40000000769840044,0.10000001539838115,0.049999953808219574
0.5000001303525164,0.19999999999042176,-0.09999973936792547,0.3000001303395159,-0.39999993484327995,0.09999986967012663,0.050000390957919645
0.5000002761063012,0.19999999997989998,-0.09999944794204238,0.300000276078704,-0.39999986198815946,0.0999997239418721,0.050000828107619716
0.5000004218600859,0.1999999999693782,-0.09999915651615929,0.3000004218178921,-0.39999978913303896,0.09999957821361759,0.05000126525731979
0.5000005676138706,0.19999999995885642,-0.0999988650902762,0.3000005675570802,-0.39999971627791847,0.09999943248536307,0.05000170240701986
0.5000004989586017,0.19999999996384876,-0.09999900236236335,0.30000049890867325,-0.3999997505952816,0.09999950112865699,0.05000149649374656
0.5000004303033327,0.1999999999688411,-0.0999991396344505,0.3000004302602663,-0.3999997849126447,0.09999956977195093,0.05000129058047326
0.5000003616480638,0.19999999997383344,-0.09999927690653766,0.30000036161185933,-0.3999998192300078,0.09999963841524487,0.050001084667199956
0.5000002929927949,0.19999999997882578,-0.09999941417862482,0.3000002929634524,-0.39999985354737094,0.0999997070585388,0.050000878753926656
0.500000224337526,0.19999999998381812,-0.09999955145071197,0.3000002243150454,-0.39999988786473406,0.09999977570183273,0.050000672840653355
0.5000001556822571,0.19999999998881046,-0.09999968872279913,0.30000015566663846,-0.3999999221820972,0.09999984434512667,0.050000466927380055
0.5000000870269882,0.1999999999938028,-0.09999982599488628,0.3000000870182315,-0.3999999564994603,0.0999999129884206,0.050000261014106755
0.5000000183717193,0.19999999999879514,-0.09999996326697344,0.30000001836982454,-0.3999999908168234,0.09999998163171454,0.050000055100833454
0.49999994971645034,0.20000000000378748,-0.1000001005390606,0.2999999497214176,-0.40000002513418653,0.10000005027500848,0.049999849187560154
0.49999988106118143,0.20000000000877982,-0.10000023781114775,0.2999998810730106,-0.40000005945154965,0.10000011891830242,0.04999964327428685
0.4999998124059125,0.20000000001377216,-0.10000037508323491,0.29999981242460366,-0.40000009376891277,0.10000018756159636,0.049999437361013546
