0.0,1.0323,0.0,0.8247,0.0,1.57,0.0
0.0024998987994241696,1.03233441986421,0.004812129604634894,0.8271659258526013,0.001139958793470754,1.5676028510048494,0.007251813090285475
0.008456819787791663,1.0324213094169983,0.01625278882733127,0.8330374328340887,0.0038415491544805625,1.5619047499679273,0.024497697645481223
0.017636268105921088,1.032563502034698,0.03383827064816658,0.8420783201904107,0.00797583545425053,1.553148461052515,0.05101613688299135
0.02906350028548438,1.03275160805711,0.05566124815787418,0.8533220282173088,0.01307832780885763,1.542285728113373,0.08393904953059526
0.04145851521528233,1.0329723096553667,0.07923365007209654,0.8655005685983838,0.01855164838088138,1.5305570819955627,0.11952110905602789
0.053583306963820514,1.033210824227067,0.10216183733370653,0.8773904316787465,0.023826404773630645,1.5191563230426193,0.15415647721880388
0.06447220938180331,1.0334539775904026,0.1225877622637491,0.8880382052903146,0.02846457028557676,1.5090085370060626,0.18504458642335056
0.0735383158243669,1.0336918813774134,0.13939392147775143,0.8968667567446016,0.03220695175021685,1.5006695566843185,0.21049845242561607
0.080578592132751,1.0339188615287347,0.1522082352998021,0.9036791114912738,0.03497279013851194,1.4943235054218629,0.22995344577645632
0.08570905058434923,1.0341329200428662,0.16127347929543864,0.9085928845497625,0.03682894245625918,1.4898477657016254,0.2437702639847097
0.08925755328046886,1.034336379142098,0.1672403438570915,0.9119351198312802,0.03793728607141687,1.486916952050885,0.25292521516336874
0.09165277108053735,1.0345326277517055,0.17095128368808735,0.9141321463114422,0.038502995697884214,1.485110669242863,0.25868471494319195
0.09332823288794766,1.034725161105152,0.173254051480967,0.9156143594235354,0.03873029413122923,1.4840060993750435,0.26232447454047964
0.0946535578412727,1.0349169550711794,0.17486908836115708,0.9167484757410904,0.03879138544248882,1.4832441760827813,0.2649294231757454
0.09589706798720944,1.035110140084593,0.1763178097788516,0.9178004355306948,0.03881003295448743,1.4825652225488748,0.2672853095531651
0.09721661502694108,1.0353055427280082,0.1779058813575895,0.918926539197814,0.038858128684103994,1.481817179336169,0.2698531149222162
0.09867188896377337,1.0355029968896095,0.1797478525975868,0.9201856170110413,0.03896209706056881,1.4809432885970182,0.2728058242067783
0.10024695899430283,1.0357019249905637,0.18181374345647294,0.9215626858823457,0.03911256599021265,1.4799590217098004,0.2760996829243566
0.10188313894893164,1.0359016912232701,0.18398996133463788,0.9229999383980924,0.03928163760822458,1.4789211872130537,0.279564124845611
0.10350615892646882,1.0361017945921065,0.18613244132906048,0.9244237822524649,0.0394353349100763,1.4779015095477404,0.282981961804892
0.10504719679417523,1.0363019315653674,0.1881077269596999,0.9257658174016873,0.03954302321831939,1.4769662424222216,0.2861514800824113
0.10645600000499622,1.0365019645349964,0.18981860540677237,0.9269759885272266,0.03958310962542905,1.4761634976507356,0.2889253078072465
0.10770632732146335,1.0367018700204211,0.19121470648834363,0.9280280663496725,0.03954521437300053,1.4755180392553928,0.2912266036142391
0.1087949175109726,1.0369016807227065,0.19229066606519019,0.928918913491197,0.039431132349135214,1.4750314965869296,0.29304662665167525
0.10973922328044405,1.0371014457339047,0.19307926804379405,0.9296647937593899,0.03925023007674544,1.4746874096203229,0.29443306508920103
0.11056691019843663,1.0373012072293335,0.19363434399497834,0.9302927581508011,0.0390157628124902,1.4744590537177857,0.29546618847742695
0.11130917943122086,1.037500992820895,0.194017465988592,0.9308338869415381,0.03874202666581426,1.474315977472042,0.296238644820133
0.11199534916684466,1.0377008142846542,0.19428702696275643,0.9313177287626658,0.03844211145077976,1.4742293552646142,0.29683878091525406
0.11264928273587849,1.0379006727651345,0.19449093979167945,0.9317685709264536,0.03812648192216137,1.474175559611437,0.297339402899389
0.11328774107981401,1.0381005626326631,0.1946631607938992,0.9322036496891287,0.03780240390150192,1.474137852095026,0.2977923322773034
0.11392067866227495,1.0383004764214943,0.19482381036370122,0.9326331934772507,0.037474258851905896,1.4741062692550024,0.29822828647994776
0.11455172643521891,1.0385004072515929,0.19498066937462286,0.9330610810658745,0.0371427569446857,1.4740770463065593,0.298659353024499
0.11517820914363847,1.0387003499151424,0.19513078559100613,0.933485757874793,0.036806573215026527,1.4740508588035715,0.2990823612419466
0.11579628277060398,1.0389003010121407,0.1952676694621057,0.9339039102592805,0.036464229085721465,1.4740316944800465,0.299487979442021
0.11640243679621158,1.0391002585349818,0.1953843011188033,0.9343119764998518,0.036114877961880384,1.4740234447261937,0.2998654338685162
0.11699464896481229,1.0393002214417808,0.19547519556269619,0.9347071813228518,0.03575849310660486,1.4740283830433778,0.3002058611257455
0.11757294878828717,1.0395001891090165,0.19553747379760175,0.9350880671484353,0.03539550467502184,1.4740469166651193,0.30050414919714175
0.11813862980300269,1.0397001610991095,0.19557275253533457,0.9354546433809188,0.035026643021890125,1.4740784647257008,0.3007606076802056
0.11869347103055217,1.0399001370196344,0.19558436646003127,0.9358088140893749,0.03465276501253435,1.4741218663007971,0.30097947320030416
0.11923932735620688,1.0401001164612336,0.19557611376257936,0.9361529666130921,0.03427471345601781,1.4741754635798041,0.3011664052051505
0.11977787215275593,1.0403000989954332,0.19555188068463034,0.9364893767382858,0.03389323297810085,1.4742373957637471,0.3013276661750876
0.12031048403803615,1.0405000841951066,0.19551529006683352,0.9368198816077818,0.033508936929010705,1.4743058596874337,0.30146928208902707
0.12083823830657496,1.0407000716594434,0.19546943410208115,0.9371458122222024,0.03312231051971651,1.4743792906467201,0.3015964434620344
0.12136195330637004,1.0409000610311254,0.1954163655367718,0.9374680471493253,0.032733731876822825,1.4744564545315548,0.3017133017890298
0.12188225411928356,1.0411000520039868,0.19535725693749723,0.9377871726339432,0.032343497776508696,1.4745364549211322,0.3018227929876693
0.12239963342872603,1.0413000443228546,0.1952928130102097,0.9381036186246825,0.031951847611854496,1.474618682691578,0.30192594613923945
0.12291449525190216,1.0415000377774655,0.19522354543606638,0.9384177332664433,0.03155898032593043,1.4747027687149339,0.3020230174632092
0.12342718384702409,1.041700032195195,0.19514992175495416,0.9387298186002999,0.031165065835224902,1.4747885185795546,0.30211418269589785
0.12393800039548304,1.0419000274330856,0.1950724206044922,0.9390401462176058,0.030770251985846313,1.4748758427790314,0.3021997128405702
0.12444721040585559,1.0421000233713622,0.19499153056012958,0.9393489598271674,0.030374667984672636,1.4749646961090115,0.3022800390322372
0.1249550474958027,1.04230001990835,0.19490772838155734,0.9396564753719221,0.02997842655668834,1.4750550318821516,0.30235572850111675
0.1254617153383652,1.0425000169570846,0.1948214551638096,0.9399628822368368,0.02958162534795301,1.4751467754970053,0.3024274112106677
0.12596738939423108,1.0427000144429166,0.1947331001703804,0.9402683436240526,0.0291843481603614,1.475239814943738,0.30249570685702615
0.12647221929444377,1.0429000123017598,0.19464299494762297,0.9405729995676034,0.02878666636244394,1.4753340043920473,0.3025611750228274
0.12697633233398542,1.0431000104784387,0.1945514164666667,0.9408769692746729,0.028388640705211483,1.4754291733575766,0.30262429267251906
0.127479835999214,1.043300008925791,0.1944585929498969,0.941180354290475,0.02799032256850087,1.475525146214872,0.3026854503588117
0.1279828211871043,1.0435000076035328,0.1943647127949886,0.9414832411397132,0.027591755488705707,1.4756217601624035,0.30274496240512117
0.12848536492533635,1.0437000064773099,0.19426993282200639,0.9417857035531425,0.027192976423352305,1.475718876965247,0.30280308199737993
0.1289875322448662,1.043900005518054,0.1941743841376611,0.9420878042293557,0.026794016610717317,1.4758163866624752,0.30286001453402545
0.12948937892378445,1.0441000047008564,0.1940781790197406,0.942389596713905,0.026394902858140203,1.4759142074730287,0.3029159323199456
0.12999095233446087,1.0443000040046138,0.1939814131342047,0.9426911262433176,0.025995657933817005,1.476012282487107,0.30297098074090534
0.13049229288402933,1.0445000034113803,0.19388416857124754,0.9429924315470077,0.025596301252182593,1.4761105746452867,0.30302528454241956
0.13099343501872518,1.0447000029058975,0.19378651576201267,0.9432935454842505,0.025196849355799536,1.4762090611931211,0.30307895143134245
0.1314944079487886,1.044900002475252,0.1936885147417632,0.9435944959720479,0.024797316266252773,1.4763077307868087,0.303132074004366
0.13199523663611204,1.0451000021084182,0.1935902169755916,0.9438953070436399,0.02439771396165745,1.4764065752062425,0.30318473230258886
0.13249594242414858,1.0453000017959702,0.1934916665172586,0.9441959989172388,0.023998052681855717,1.4765055831304152,0.303236995252145
0.1329965432168344,1.045500001529997,0.19339290030597261,0.9444965884065364,0.023598341016135057,1.4766047394116943,0.303288920830884
0.1334970544312219,1.0457000013036821,0.19329395011871395,0.9447970903199497,0.023198586360897472,1.4767040264387865,0.3033405589820895
0.1339974895116089,1.0459000011110768,0.19319484361336023,0.9450975178560772,0.022798795167040684,1.4768034256486677,0.3033919530938904
0.1344978600113891,1.0461000009470656,0.19309560452616054,0.9453978822633413,0.022398972978764017,1.4769029186860236,0.30344314033968106
0.13499817565658973,1.0463000008073404,0.19299625281846775,0.9456981929691041,0.02199912446380862,1.4770024891067053,0.30349415192177515
0.1354984446787833,1.0465000006882557,0.1928968053783503,0.945998457952348,0.021599253572923627,1.4771021237342423,0.3035450141909271
0.13599867402641255,1.046700000586734,0.1927972764612745,0.9462986839889863,0.02119936364109456,1.4772018121152417,0.3035957493671346
0.13649886957075733,1.0469000005001754,0.1926976781159792,0.946598876833136,0.020799457486290727,1.4773015459545373,0.30364637622427565
0.13699903629360782,1.0471000004263744,0.19259802056979664,0.9468990413772181,0.02039953749950248,1.4774013185433497,0.3036969107015832
0.137499178437579,1.047300000363453,0.19249831253554767,0.94719918178733,0.01999960571689799,1.4775011243047425,0.30374736638425553
0.1379992996217359,1.0475000003098094,0.19239856144717016,0.9474993016127179,0.019599663875344918,1.4776009585004353,0.3037977548689201
0.1384994029341892,1.0477000002640768,0.19229877364864637,0.9477994038777301,0.01919971345687424,1.4777008170551913,0.30384808605551106
0.13899949076082876,1.0479000002251986,0.19219895404203935,0.948099490972298,0.01879975560649365,1.4778006968185038,0.30389836759634287
0.13949956557297655,1.0481000001920808,0.19209910770383612,0.9483995653600408,0.018399791510225583,1.4779005944153283,0.30394860741573654
0.13999962900617086,1.0483000001639993,0.19199923799352295,0.9486996285224839,0.017999821952990238,1.4780005075949874,0.30399881075775625
0.1404996830891953,1.0485000001400568,0.19189934907815223,0.9489996825975866,0.017599847908439045,1.4781004335810712,0.3040489841258692
0.1409997291536838,1.0487000001196638,0.19179944369293106,0.9492997285598488,0.01719987001564515,1.4782003705453415,0.30409913178935566
0.14149976825946006,1.0489000001023527,0.19169952401466986,0.9495997676119896,0.01679988878323951,1.4783003170395723,0.3041492571453528
0.14199980173764795,1.0491000000875328,0.1915995927775289,0.949899801167181,0.01639990485004989,1.4784002712361635,0.30419936446150836
0.14249983040617728,1.0493000000748418,0.19149965166152771,0.9501998298224501,0.015999918608615254,1.4785002320142002,0.3042494563599313
0.14299985426733655,1.0495000000642776,0.19139970067137682,0.9504998536949893,0.015599930060033032,1.4786001993698679,0.3042995328480295
0.14349987397301306,1.0497000000555519,0.19129974114602966,0.9507998734313351,0.015199939517156216,1.4787001724110334,0.3043495960154884
0.1439998902639685,1.0499000000483372,0.19119977460698287,0.9510998897654899,0.014799947335490359,1.4788001501240542,0.3043996482368759
0.14449990385035105,1.0501000000423193,0.19109980251285336,0.9513999034012448,0.014399953855849036,1.4789001315372379,0.30444969178862014
0.14499991534473058,1.0503000000372273,0.19099982612183614,0.9516999149442529,0.013999959372215971,1.4790001158124222,0.3044997286343546
0.14549992519506147,1.0505000000328628,0.19089984635401144,0.9519999248395681,0.013599964099572936,1.479100102336732,0.30454976021002145
0.14599993372686665,1.050700000029082,0.19079986387798992,0.9522999334117882,0.013199968194144592,1.4792000906648226,0.3045997875590997
0.14649994117832255,1.0509000000257795,0.1906998791829759,0.9525999408990741,0.012799971770236354,1.479300080470859,0.3046498114450737
0.14699994754942913,1.0511000000229553,0.19059989226896937,0.9528999473014256,0.01239997482784822,1.4794000717548408,0.3046998318679434
0.147499953143905,1.0513000000204753,0.19049990375979534,0.95319995292337,0.011999977512740513,1.4795000641012797,0.3047498498012903
0.14799995796175008,1.0515000000183392,0.19039991365545378,0.9534999577649074,0.011599979824913235,1.4796000575101755,0.30479986524511427
0.1484999622520649,1.051700000016437,0.19029992246758656,0.9537999620761356,0.01119998188391442,1.4797000516407584,0.30484987899791643
0.14899996601484947,1.0519000000147687,0.1901999301961937,0.9540999658570547,0.01079998368974407,1.479800046493028,0.3048998910596968
0.14949996925010373,1.0521000000133343,0.19009993684127516,0.9543999691076648,0.010399985242402184,1.4799000420669848,0.30494990143045536
0.14999997217969605,1.0523000000120353,0.18999994285853924,0.9546999720510082,0.00999998664836752,1.480000038059109,0.3049999108214
0.1504999748036264,1.052500000010872,0.18989994824798595,0.9549999746870851,0.009599987907640077,1.4801000344694004,0.30504991923253066
0.15099997712189478,1.052700000009844,0.18979995300961527,0.9552999770158954,0.009199989020219856,1.4802000312978592,0.30509992666384744
0.1514999791345012,1.052900000008952,0.18969995714342722,0.9555999790374392,0.008799989986106855,1.4803000285444854,0.30514993311535027
0.15199998084144567,1.0531000000081954,0.18959996064942178,0.9558999807517164,0.008399990805301077,1.480400026209279,0.3051999385870392
0.15249998224272818,1.0533000000075743,0.18949996352759896,0.9561999821587271,0.00799999147780252,1.48050002429224,0.3052499430789142
0.15299998357692757,1.053500000006983,0.1893999662679901,0.9564999834985008,0.007599992118109537,1.4806000224669773,0.3052999473557509
0.15349998484404384,1.0537000000064214,0.18929996887059522,0.9567999847710376,0.007199992726222128,1.4807000207334908,0.30534995141754934
0.153999986044077,1.0539000000058896,0.1891999713354143,0.9570999859763372,0.006799993302140294,1.4808000190917807,0.3053999552643095
0.15449998717702704,1.0541000000053875,0.18909997366244735,0.9573999871143998,0.006399993845864035,1.480900017541847,0.30544995889603144
0.15499998824289396,1.0543000000049152,0.18899997585169437,0.9576999881852254,0.00599999435739335,1.4810000160836896,0.3054999623127151
0.15549998924167777,1.0545000000044726,0.18889997790315535,0.957999989188814,0.005599994836728239,1.4811000147173086,0.3055499655143605
0.15599999017337846,1.0547000000040598,0.1887999798168303,0.9582999901251655,0.0051999952838687035,1.481200013442704,0.3055999685009676
0.15649999103799603,1.0549000000036768,0.18869998159271925,0.9585999909942801,0.004799995698814742,1.4813000122598754,0.3056499712725364
0.15699999183553048,1.0551000000033235,0.18859998323082217,0.9588999917961576,0.004399996081566355,1.4814000111688232,0.30569997382906694
0.15749999256598182,1.055300000003,0.18849998473113905,0.9591999925307981,0.003999996432123542,1.4815000101695475,0.3057499761705592
0.15799999322935004,1.0555000000027062,0.1883999860936699,0.9594999931982016,0.0035999967504863045,1.481600009262048,0.3057999782970132
0.15849999382563515,1.0557000000024421,0.1882999873184147,0.959799993798368,0.003199997036654641,1.481700008446325,0.30584998020842896
0.15899999435483714,1.0559000000022079,0.1881999884053735,0.9600999943312974,0.0027999972906285523,1.4818000077223783,0.30589998190480644
0.159499994816956,1.056100000002003,0.18809998935454625,0.9603999947969899,0.002399997512408038,1.4819000070902077,0.30594998338614565
0.15999999521199176,1.056300000001828,0.18799999016593297,0.9606999951954452,0.001999997701993098,1.4820000065498136,0.3059999846524466
0.1604999955399444,1.0565000000016829,0.18789999083953365,0.9609999955266636,0.0015999978593837325,1.4821000061011957,0.3060499857037093
0.16099999580081392,1.0567000000015674,0.1877999913753483,0.961299995790645,0.0011999979845799414,1.4822000057443543,0.3060999865399337
0.16149999599460033,1.0569000000014817,0.18769999177337693,0.9615999959873893,0.0007999980775817248,1.4823000054792892,0.30614998716111985
0.1619999961213036,1.0571000000014257,0.18759999203361952,0.9618999961168966,0.00039999813838908273,1.4824000053060005,0.3061999875672677
0.16249999618092378,1.0573000000013995,0.18749999215607607,0.9621999961791668,-1.8329979848416902e-09,1.482500005224488,0.30624998775837725
0.16299999617346084,1.057500000001403,0.1873999921407466,0.9624999961742001,-0.00040000183657947793,1.4826000052347519,0.30629998773444855
0.16349999609891477,1.0577000000014363,0.1872999919876311,0.9627999961019964,-0.0008000018723553965,1.482700005336792,0.3063499874954816
0.1639999959572856,1.0579000000014993,0.18719999169672955,0.9630999959625556,-0.0012000019403257407,1.4828000055306085,0.30639998704147636
0.1644999957485733,1.058100000001592,0.18709999126804197,0.9633999957558778,-0.0016000020404905104,1.4829000058162014,0.30644998637243287
0.16499999547277788,1.0583000000017146,0.18699999070156836,0.963699995481963,-0.0020000021728497053,1.4830000061935706,0.3064999854883511
0.16549999533193963,1.0585000000017772,0.1868999904122918,0.9639999953423328,-0.002400002240440532,1.4831000063862807,0.30654998503688397
0.16599999532605855,1.0587000000017799,0.18679999040021228,0.9642999953369875,-0.0028000022432629907,1.4832000063943316,0.3065999850180315
0.16649999545513464,1.0589000000017226,0.1866999906653298,0.9645999954659269,-0.003200002181317081,1.4833000062177235,0.3066499854317936
0.16699999571916788,1.059100000001605,0.18659999120764437,0.964899995729151,-0.0036000020546028033,1.4834000058564563,0.30669998627817036
0.1674999961181583,1.0593000000014277,0.18649999202715598,0.9651999961266599,-0.004000001863120157,1.48350000531053,0.3067499875571617
0.16799999665210588,1.0595000000011903,0.18639999312386465,0.9654999966584534,-0.004400001606869143,1.4836000045799447,0.3067999892687677
0.16849999732101065,1.059700000000893,0.18629999449777038,0.9657999973245318,-0.0048000012858497604,1.4837000036647001,0.30684999141298835
0.16899999792732362,1.0599000000006236,0.1861999957431148,0.9660999980715568,-0.005200000994869285,1.4838000028351017,0.30689999335656626
0.16949999847104483,1.060100000000382,0.18609999685989795,0.9663999988995283,-0.005600000733927717,1.4839000020911495,0.3069499950995015
0.16999999895217424,1.060300000000168,0.18599999784811982,0.9666999998084466,-0.006000000503025057,1.4840000014328434,0.306999996641794
0.17049999937071186,1.0604999999999822,0.18589999870778043,0.9670000007983114,-0.006400000302161303,1.4841000008601835,0.30704999798344385
0.17099999972665772,1.0606999999998241,0.18579999943887976,0.9673000018691228,-0.006800000131336457,1.4842000003731697,0.30709999912445096
0.17150000002001178,1.060899999999694,0.1857000000414178,0.9676000030208809,-0.007199999990550518,1.484299999971802,0.3071500000648154
0.17200000025077408,1.0610999999995916,0.18560000051539455,0.9679000042535856,-0.007599999879803486,1.4843999996560806,0.30720000080453713
0.1725000004189446,1.061299999999517,0.18550000086081003,0.968200005567237,-0.00799999979909536,1.4844999994260053,0.3072500013436162
0.1730000005245233,1.0614999999994703,0.18540000107766424,0.9685000069618349,-0.008399999748426142,1.4845999992815762,0.3073000016820525
0.17350000056751025,1.0616999999994514,0.18530000116595716,0.9688000084373795,-0.008799999727795832,1.4846999992227932,0.3073500018198462
0.1740000005479054,1.0618999999994603,0.1852000011256888,0.9691000099938707,-0.009199999737204428,1.4847999992496563,0.3074000017569971
0.17450000046570877,1.0620999999994971,0.18510000095685916,0.9694000116313085,-0.009599999776651932,1.4848999993621657,0.3074500014935054
0.17500000032092036,1.0622999999995617,0.18500000065946826,0.9697000133496929,-0.009999999846138342,1.4849999995603211,0.3075000010293709
0.17550000011354017,1.0624999999996543,0.18490000023351608,0.970000015149024,-0.01039999994566366,1.4850999998441228,0.3075500003645938
0.1759999998435682,1.0626999999997746,0.1847999996790026,0.9703000170293017,-0.010800000075227885,1.4852000002135706,0.30759999949917394
0.17649999951100445,1.0628999999999227,0.18469999899592784,0.970600018990526,-0.011200000234831017,1.4853000006686645,0.30764999843311136
0.1769999991158489,1.0631000000000987,0.18459999818429182,0.9709000210326969,-0.011600000424473057,1.4854000012094046,0.3076999971664061
0.1774999988122041,1.063300000000234,0.18449999756061586,0.9712000228621125,-0.012000000570197516,1.4855000016249134,0.30774999619304716
0.17799999860007004,1.0635000000003283,0.18439999712489996,0.9715000244787728,-0.012400000672004394,1.4856000019151905,0.3077999955130345
0.17849999847944673,1.0637000000003818,0.18429999687714416,0.9718000258826778,-0.012800000729893691,1.485700002080236,0.3078499951263681
0.17899999845033415,1.0639000000003946,0.18419999681734842,0.9721000270738275,-0.013200000743865407,1.4858000021200501,0.3078999950330481
0.17949999851273232,1.0641000000003666,0.18409999694551274,0.9724000280522218,-0.01360000071391954,1.4859000020346327,0.30794999523307437
0.17999999866664124,1.0643000000002978,0.18399999726163713,0.9727000288178608,-0.014000000640056093,1.4860000018239836,0.30799999572644693
0.1804999989120609,1.064500000000188,0.1838999977657216,0.9730000293707445,-0.014400000522275065,1.486100001488103,0.3080499965131658
0.1809999992489913,1.0647000000000377,0.18379999845776615,0.9733000297108728,-0.014800000360576457,1.486200001026991,0.3080999975932309
0.18149999967743244,1.0648999999998465,0.18369999933777076,0.9736000298382459,-0.015200000154960267,1.4863000004406473,0.30814999896664236
0.18200000019738433,1.0650999999996145,0.18360000040573543,0.9739000297528636,-0.015599999905426496,1.486399999729072,0.30820000063340014
0.18250000061901317,1.0652999999994264,0.18350000127174762,0.9742000293049193,-0.015999999703079616,1.4864999991520593,0.30825000198497315
0.18300000094231897,1.0654999999992822,0.18340000193580736,0.974500028494413,-0.01639999954791963,1.486599998709609,0.30830000302136146
0.18350000116730172,1.0656999999991819,0.1833000023979146,0.9748000273213446,-0.01679999943994654,1.486699998401721,0.30835000374256505
0.18400000129396143,1.0658999999991254,0.18320000265806938,0.9751000257857142,-0.017199999379160343,1.4867999982283955,0.3084000041485839
0.1845000013222981,1.066099999999113,0.18310000271627166,0.9754000238875218,-0.017599999365561038,1.4868999981896323,0.308450004239418
0.18500000125231172,1.0662999999991443,0.18300000257252147,0.9757000216267673,-0.017999999399148627,1.4869999982854314,0.30850000401506733
0.1855000010840023,1.0664999999992195,0.18290000222681882,0.9760000190034508,-0.01839999947992311,1.487099998515793,0.30855000347553196
0.18600000081736984,1.0666999999993387,0.1828000016791637,0.9763000160175722,-0.018799999607884484,1.4871999988807172,0.3086000026208119
0.18650000056715246,1.0668999999994506,0.18270000116522475,0.9766000133027989,-0.019199999727967994,1.4872999992231708,0.3086500018187127
0.1870000003333502,1.067099999999555,0.182600000685002,0.9769000108591308,-0.01959999984017364,1.487399999543154,0.3087000010692344
0.18750000011596304,1.067299999999652,0.18250000023849547,0.977200008686568,-0.01999999994450142,1.4874999998406666,0.308750000372377
0.18799999991499097,1.0674999999997417,0.18239999982570512,0.9775000067851103,-0.02040000004095133,1.4876000001157088,0.3087999997281405
0.188499999730434,1.067699999999824,0.18229999944663097,0.9778000051547578,-0.020800000129523377,1.4877000003682805,0.3088499991365249
0.1889999995622921,1.067899999999899,0.18219999910127305,0.9781000037955107,-0.02120000021021756,1.4878000005983818,0.30889999859753015
0.1894999994105653,1.0680999999999667,0.18209999878963132,0.9784000027073687,-0.021600000283033875,1.4879000008060126,0.3089499981111563
0.18999999927525363,1.068300000000027,0.18199999851170579,0.978700001890332,-0.022000000347972327,1.488000000991173,0.3089999976774034
0.19049999915635704,1.0685000000000797,0.18189999826749645,0.9790000013444005,-0.02240000040503291,1.4881000011538628,0.30904999729627136
0.19099999905387555,1.0687000000001252,0.1817999980570033,0.9793000010695742,-0.022800000454215628,1.4882000012940821,0.3090999969677602
0.19149999896780914,1.0689000000001634,0.18169999788022637,0.9796000010658531,-0.02320000049552048,1.4883000014118313,0.30914999669186993
0.19199999889815783,1.0691000000001942,0.18159999773716562,0.9799000013332373,-0.02360000052894747,1.48840000150711,0.3091999964686006
0.1924999988449216,1.0693000000002175,0.1814999976278211,0.9802000018717267,-0.02400000055449659,1.4885000015799181,0.30924999629795213
0.1929999988081005,1.0695000000002335,0.18139999755219277,0.9805000026813213,-0.02440000057216785,1.4886000016302559,0.30929999617992454
0.1934999987876945,1.0697000000002421,0.18129999751028064,0.9808000037620211,-0.02480000058196124,1.488700001658123,0.30934999611451786
0.19399999878370358,1.0699000000002434,0.1811999975020847,0.9811000051138262,-0.025200000583876763,1.48880000166352,0.3093999961017321
0.19449999879612775,1.0701000000002374,0.18109999752760497,0.9814000067367366,-0.025600000577914422,1.4889000016464462,0.3094499961415672
0.19499999882496702,1.070300000000224,0.18099999758684143,0.9817000086307521,-0.026000000564074217,1.489000001606902,0.3094999962340232
0.19549999887022138,1.0705000000002032,0.1808999976797941,0.9820000107958728,-0.026400000542356146,1.4891000015448874,0.3095499963791001
0.19599999893189085,1.070700000000175,0.18079999780646294,0.9823000132320988,-0.02680000051276021,1.4892000014604023,0.3095999965767979
0.19649999900997542,1.0709000000001394,0.18069999796684802,0.98260001593943,-0.027200000475286406,1.4893000013534468,0.3096499968271166
0.19699999910447508,1.0711000000000965,0.1805999981609493,0.9829000189178665,-0.027600000429934737,1.4894000012240207,0.30969999713005614
0.19749999921538983,1.0713000000000463,0.18049999838876676,0.9832000221674081,-0.028000000376705202,1.4895000010721242,0.3097499974856166
0.19799999934271967,1.0714999999999886,0.18039999865030043,0.983500025688055,-0.028400000315597803,1.4896000008977572,0.309799997893798
0.1984999994864646,1.0716999999999235,0.1802999989455503,0.983800029479807,-0.02880000024661254,1.4897000007009198,0.30984999835460025
0.19899999961168446,1.071899999999867,0.18019999920274923,0.9841000330376181,-0.02920000018651762,1.4898000005294838,0.3098999987560128
