0.0,1.0323,0.0,0.8247,0.0,1.57,0.0
0.0037171603530849148,1.0323500913272163,0.007165402749972286,0.8283707463303848,0.001699325852287649,1.566430852464336,0.010797318670284375
0.0116003711285609,1.0324620411348562,0.022320830673513814,0.836146349641264,0.0052805165497153035,1.558882887550255,0.0336412345678649
0.022402163323999417,1.0326267175963293,0.04302419867599303,0.8467875997594192,0.010147412024243095,1.5485754435184056,0.06485896707612279
0.034390897068308404,1.0328263847257881,0.06590370599784198,0.8585769429060744,0.015490279530934545,1.5371886600290456,0.09937965547463928
0.04606756492413347,1.0330440518622475,0.08805991243804126,0.8700349822539927,0.020616962114351545,1.5261681055359508,0.1328355377560104
0.05647003919304356,1.0332668794581354,0.10764124007771755,0.8802135745099166,0.025091048959711183,1.5164350805838835,0.1624337809340084
0.06518487226443669,1.0334865655318601,0.12386346810962563,0.8887075110473155,0.0287324219717931,1.5083794070084595,0.1869891855524163
0.072213392994907,1.0336997038327407,0.13674692635865485,0.8955215788612979,0.03155275525578811,1.501990342314669,0.20652854918591657
0.0777966978278008,1.0339063040736063,0.14677446168991917,0.9008970111682185,0.03367268348194734,1.4970268535154279,0.2217762065138863
0.08226369885390196,1.0341081063124105,0.15459591059626604,0.9051612322248427,0.035251234661191955,1.493164860364388,0.23370888243539342
0.08592884238103374,1.0343072158546665,0.16082967124926542,0.9086266903947186,0.03643873477786544,1.490095974814281,0.2432566858017967
0.08904054959178728,1.0345052628759224,0.16596331541170004,0.9115400359131977,0.037353437116373026,1.4875770626857059,0.25115314996902066
0.09176848830693714,1.0347032745272038,0.17032991964849434,0.9140697489379388,0.038076167898120766,1.485441975637717,0.2578992941982112
0.09421430271607022,1.0349017465823402,0.17412944068582542,0.9163168121149982,0.03865576419747774,1.4835908676491387,0.26379568273668424
0.09643153548590966,1.0351007956485478,0.17746806322709233,0.9183345863759876,0.03911846310980265,1.481970646468327,0.2690017401304645
0.09844604799055758,1.0353003318223943,0.18039803880467528,0.9201490331595106,0.039477539539929975,1.4805551090430258,0.2735956879904472
0.10027171803957852,1.0355001894319524,0.18294822115662637,0.9217742469018849,0.039740652817518526,1.4793297145518447,0.27762053122779257
0.10192010784280067,1.035700210790926,0.18514284824628705,0.9232220115177422,0.039914320709751094,1.478282235610855,0.2811123587802842
0.10340489401816226,1.035900282392354,0.18701011216076316,0.9245061677333006,0.040005947512333315,1.4773984954067807,0.2841132569639229
0.10474269661691987,1.036100341247699,0.18858374544854206,0.9256434321635034,0.04002420109741305,1.4766615731605506,0.2866737031791021
0.10595205779535605,1.036300363935719,0.189900975100304,0.9266523805921321,0.03997850975430498,1.4760528115820644,0.2888494751420948
0.10705169955948775,1.036500351266589,0.1909992268467661,0.9275517298284193,0.039878237219265575,1.475553496014037,0.2906967063471473
0.10805909253585237,1.0367003146387666,0.1919133398151624,0.9283589245550731,0.039732045123484244,1.4751462259533907,0.29226767897848926
0.10898955768974211,1.0369002673340892,0.1926738349933404,0.9290892548677298,0.039547495733750895,1.474815763760019,0.29360820613677757
0.10985593330264472,1.0371002197240056,0.19330628564228491,0.9297555331811017,0.03933093096337659,1.474549339611729,0.2947566744068713
0.1106686689632781,1.0373001778639974,0.19383151877559504,0.9303681906458161,0.039087520676719535,1.4743365499784478,0.29574434202698074
0.11143616391771544,1.03750014405452,0.19426629108342952,0.9309356157132704,0.038821431554180184,1.4741690201801796,0.2965963504554469
0.11216518092071422,1.0377001180838032,0.19462412680321564,0.931464567912759,0.03853604047812716,1.474039995877871,0.29733298471256653
0.11286125282900031,1.037900098500048,0.19491610392326886,0.9319605793015321,0.038234112737763726,1.473943939485075,0.2979708579807057
0.11352900745053235,1.0381000835451146,0.1951514821146181,0.9324282790179668,0.037917939639141085,1.4738762155110834,0.29852386224250355
0.11417239760517046,1.038300071711117,0.19533816199190776,0.9328716202694034,0.03758948285146987,1.473832861791533,0.2990038430885084
0.11479484611635471,1.0385000619073699,0.19548298179571574,0.9332940259300407,0.03725045699172499,1.4738104594081487,0.29942104970999883
0.11539932854805919,1.038700053470994,0.19559189794949547,0.9336984762902527,0.036902371079924556,1.4738060332086493,0.2997844092507894
0.11598841025278124,1.0389000460507145,0.19567009623685627,0.9340875352347446,0.03654654794843974,1.4738169907788479,0.3001016950718806
0.11656430752961967,1.0391000394884073,0.1957220717330506,0.9344634235586471,0.03618413701231909,1.4738410818451688,0.30037964530745775
0.11712893911737393,1.039300033717729,0.195751695597936,0.9348280635261351,0.035816126703539695,1.4738763655612428,0.30062406499698335
0.11768396349567624,1.0395000286973224,0.1957622745772027,0.9351831139337452,0.0354433603505205,1.4739211780735182,0.3008399250129175
0.1182308076986726,1.0397000243785235,0.1957566199369379,0.9355299987237188,0.03506655350299023,1.4739741007342007,0.3010314625298445
0.11877069193188537,1.0399000206983655,0.1957370911363659,0.9358699351640565,0.0346863109647934,1.4740339279932855,0.30120227400568084
0.11930465707189433,1.0401000175808799,0.19570569660816242,0.9362039585366093,0.03430314484109532,1.474099639721014,0.3013554093292944
0.11983358731829359,1.0403000149468877,0.19566415768108059,0.9365329473025683,0.03391748881789335,1.4741703707123952,0.3014934299463167
0.12035823276238526,1.040500012721004,0.19561395505595522,0.9368576485638835,0.03352971097112058,1.474245385953394,0.3016185050979564
0.1208792298228257,1.0407000108361575,0.19555636260846002,0.93717869762489,0.033140124423397234,1.4743240596782572,0.3017324951016414
0.12139711904843632,1.0409000092358327,0.1954924739351201,0.9374966341127252,0.03274899604778136,1.4744058583344026,0.3018370056765593
0.12191236012156591,1.0411000078737733,0.195423224802773,0.937811918218626,0.032356553513422884,1.4744903257358073,0.3019334239485001
0.12242534445412664,1.0413000067123745,0.19534941351959226,0.9381249422404967,0.03196299111427505,1.4745770716407278,0.3020229450765586
0.12293640563140662,1.0415000057211674,0.19527171958318,0.9384360404716497,0.031568474629815504,1.4746657622945063,0.30210659444967053
0.12344582808973399,1.041700004875074,0.19519072062152307,0.9387454977143945,0.031173145438819834,1.4747561124332942,0.3021852480100161
0.1239538544164931,1.0419000041531075,0.19510690756975752,0.9390535560131255,0.030777124060185748,1.4748478789372232,0.30225965161992707
0.12446069139508685,1.0421000035374424,0.1950206976650293,0.9393604222192736,0.030380513142043163,1.4749408538604898,0.30233043882571203
0.1249665152598823,1.0423000030127747,0.194932445811795,0.9396662728251909,0.029983400095647737,1.4750348595654275,0.3023981474620153
0.12547147637718697,1.0425000025658637,0.19484245456579702,0.9399712588144326,0.029585859453731895,1.4751297452709056,0.3024632349155365
0.12597570263938085,1.042700002185301,0.1947509812774945,0.940275508272385,0.029187954585107364,1.4752253817034002,0.30252608939027176
0.12647930288485423,1.0429000018612742,0.19465824509326224,0.9405791300031976,0.02878973941092245,1.475321658322613,0.30258704096555983
0.1269823698383233,1.0431000015853717,0.19456443287379155,0.9408822170331571,0.02839125987268813,1.4754184807132684,0.30264637089565327
0.12748498244388565,1.0433000013504172,0.19446970383197087,0.9411848482680013,0.02799255509077541,1.4755157685462212,0.302704318801995
0.1279872079531404,1.0435000011503057,0.19437419367706485,0.9414870907754275,0.02759365839816653,1.4756134534726078,0.3027610890080057
0.12848910367687652,1.0437000009798505,0.19427801809407202,0.9417890016950032,0.027194598205773194,1.4757114772982303,0.3028168557888317
0.12899071845924237,1.0439000008346442,0.19418127568415844,0.9420906298027039,0.02679539873021503,1.4758097904290874,0.30287176776871033
0.12949209392524838,1.0441000007109429,0.19408405046647847,0.9423920167827242,0.02639608061005241,1.4759083505609825,0.30292595164787883
0.12999326556735516,1.0443000006055596,0.19398641406737957,0.9426931983173742,0.02599666144311923,1.476007121673458,0.3029795154639536
0.1304942636267151,1.0445000005157807,0.19388842750425686,0.942994204862591,0.025597156223140637,1.476106072866147,0.30303255126115974
0.13099511384008003,1.044700000439297,0.1937901426975349,0.9432950623888439,0.025197577709941053,1.4762051777041079,0.3030851373576416
0.13149583810338827,1.0449000003741424,0.1936916038144936,0.9435957930200437,0.024797936758602115,1.4763044136185928,0.30313734036792683
0.13199645498682636,1.0451000003186488,0.1935928483125007,0.943896415264797,0.024398242575087242,1.4764037614823577,0.30318921677734095
0.13249698015989989,1.045300000271407,0.19349390779799772,0.9441969445006609,0.023998502927192925,1.4765032050866078,0.30324081424188143
0.13299742702585107,1.045500000231211,0.1933948093068236,0.9444973946166025,0.023598724459169034,1.4766027309098706,0.3032921735215144
0.13349780730424235,1.0457000001970056,0.19329557648055962,0.9447977777115534,0.02319891298072638,1.4767023270183024,0.30334333025833815
0.13399813083021192,1.0459000001679053,0.19319622916053836,0.9450981040362727,0.022799073367459507,1.4768019833642283,0.3033943143644409
0.13449840630551996,1.046100000143127,0.1930967849020584,0.945398382088794,0.022399209933206803,1.4769016908140622,0.30344515230792973
0.13499864093153732,1.046300000122023,0.19299725823388864,0.945698619088299,0.02199932624803656,1.477001441733719,0.3034958659942698
0.13549884083304653,1.046500000104042,0.192897661512592,0.9459988211606595,0.021599425348309585,1.477101229586264,0.3035464740545127
0.13599901117864438,1.0467000000887192,0.19279800516548445,0.9462989934877586,0.021199509796355476,1.4772010488467886,0.3035969922110822
0.13649915638241433,1.0469000000756576,0.19269829809757263,0.9465991404976614,0.020799581780447482,1.4773008948058306,0.30364743389106824
0.13699928016525645,1.0471000000645228,0.19259854781537797,0.9468992659194114,0.020399643145210592,1.477400763500553,0.3036978104128753
0.13749938572367357,1.047300000055027,0.19249876076748498,0.9471993729675092,0.019999695475298743,1.4775006515328424,0.30374813149968977
0.1379994757354331,1.0475000000469297,0.1923989423559828,0.9474994643227882,0.019599740098203772,1.4776005560584469,0.30379840529676805
0.138499552527312,1.0477000000400216,0.1922990972748768,0.9477995423343614,0.01919977816741491,1.477700474607691,0.30384863888170005
0.1389996180199277,1.0479000000341299,0.1921992293987927,0.9480996089185173,0.01879981063506944,1.4778004051424531,0.30389883809661516
0.1394996739201124,1.048100000029101,0.1920993421710695,0.9483996658115508,0.018399838347321566,1.4779003458519502,0.30394900813334585
0.13999972159554322,1.048300000024812,0.19199943835083982,0.9486997143651253,0.017999861982190727,1.4780002952852607,0.30399915315208453
0.14049976193802005,1.0485000000211813,0.19189951973720923,0.948999755601837,0.017599881981782015,1.4781002524962656,0.3040492758655055
0.14099979636975463,1.0487000000180828,0.1917995891993269,0.9492997909642356,0.01719989905115095,1.4782002159765633,0.30409938059967695
0.14149982498576488,1.0489000000155067,0.19169964692888194,0.9495998205292068,0.016799913237401636,1.4783001856253186,0.30414946764362677
0.1419998492026887,1.0491000000133268,0.1915996957837788,0.9498998456052469,0.0163999252428264,1.4784001599399876,0.30419954130646926
0.14249986940725348,1.0493000000115074,0.1914997365441973,0.9501998665116715,0.015999935259142808,1.4785001385103416,0.3042496027645518
0.14299988625583737,1.049500000009989,0.19139977053430615,0.950499883907284,0.01559994361174713,1.4786001206401778,0.304299654014441
0.14349990039966318,1.049700000008713,0.19129979906787326,0.950799898469489,0.015199950623480089,1.4787001056387756,0.30434969703702064
0.14399991238944426,1.0499000000076306,0.1911998232559,0.9510999107788243,0.014799956567355376,1.478800092922025,0.30439973350744565
0.14449992265900238,1.050100000006703,0.19109984397357224,0.9513999212950109,0.014399961658438199,1.4789000820297986,0.30444976474531094
0.14499993153908058,1.0503000000059002,0.19099986188812637,0.9516999303688704,0.013999966060692955,1.4790000726112986,0.3044997917566676
0.14549993927915097,1.0505000000052,0.19089987750284393,0.951999938264522,0.01359996989779432,1.4791000644019272,0.3045498153003575
0.14599994587921356,1.0507000000046027,0.1907998908177249,0.9522999449819659,0.013199973169742295,1.4792000574016841,0.3045998353763807
0.14649995166410884,1.0509000000040791,0.19069990248809807,0.9525999508629901,0.012799976037575088,1.4793000512660337,0.3046498529728342
0.14699995663383686,1.051100000003629,0.19059991251396347,0.9528999559075946,0.012399978501292699,1.4794000459949759,0.30469986808971805
0.14749996105518526,1.0513000000032287,0.19049992143353495,0.9531999603942876,0.011999980693153871,1.4795000413055472,0.3047498815385447
0.14799996492815407,1.0515000000028778,0.19039992924681248,0.953499964323069,0.011599982613158604,1.479600037197748,0.3047998933193142
0.14849996825274325,1.0517000000025767,0.19029993595379607,0.953799967693939,0.011199984261306898,1.479700033671578,0.3048499034320265
0.1489999712642858,1.051900000002304,0.1901999420292433,0.9540999707491649,0.010799985754263915,1.4798000304774357,0.3048999125925156
0.1494999739627817,1.0521000000020597,0.1900999474731542,0.9543999734887464,0.010399987092029658,1.4799000276153211,0.3049499208007814
0.14999997634823092,1.0523000000018436,0.18999995228552874,0.9546999759126836,0.009999988274604124,1.4800000250852343,0.304999928056824
0.1504999784206335,1.052500000001656,0.18989995646636693,0.9549999780209767,0.009599989301987315,1.4801000228871755,0.30504993436064337
0.15099998017998942,1.0527000000014968,0.18979996001566876,0.9552999798136255,0.00919999017417923,1.4802000210211443,0.30509993971223953
0.15149998162629869,1.052900000001366,0.18969996293343425,0.95559998129063,0.00879999089117987,1.480300019487141,0.30514994411161245
0.15199998300502718,1.0531000000012414,0.18959996571486318,0.955899982698764,0.008399991574677683,1.480400018024816,0.3051999483054187
0.15249998431617492,1.0533000000011228,0.18949996835995556,0.9561999840380276,0.007999992224672669,1.4805000166341695,0.30524995229365826
0.1529999855597419,1.0535000000010104,0.18939997086871138,0.9564999853084208,0.007599992841164828,1.4806000153152017,0.30529995607633115
0.1534999867357281,1.053700000000904,0.18929997324113065,0.9567999865099436,0.00719999342415416,1.4807000140679123,0.30534995965343736
0.15399998784413355,1.0539000000008039,0.18919997547721334,0.9570999876425959,0.006799993973640665,1.4808000128923013,0.3053999630249769
0.15449998888495822,1.0541000000007097,0.18909997757695948,0.9573999887063777,0.006399994489624344,1.4809000117883688,0.3054499661909498
0.15499998985820215,1.0543000000006217,0.18899997954036907,0.9576999897012891,0.005999994972105196,1.481000010756115,0.30549996915135597
0.1554999907638653,1.05450000000054,0.1888999813674421,0.9579999906273301,0.00559999542108322,1.4811000097955396,0.3055499719061955
0.1559999916019477,1.0547000000004643,0.18879998305817858,0.9582999914845006,0.005199995836558419,1.4812000089066426,0.3055999744554683
0.15649999237244933,1.0549000000003947,0.1886999846125785,0.9585999922728007,0.00479999621853079,1.481300008089424,0.3056499767991745
0.1569999930753702,1.0551000000003312,0.18859998603064188,0.9588999929922304,0.0043999965670003345,1.4814000073438842,0.305699978937314
0.15749999371071027,1.055300000000274,0.1884999873123687,0.9591999936427896,0.003999996881967052,1.4815000066700228,0.3057499808698868
0.1579999942784696,1.0555000000002226,0.18839998845775896,0.9594999942244784,0.0035999971634309426,1.4816000060678398,0.30579998259689295
0.15849999477864818,1.0557000000001775,0.18829998946681267,0.9597999947372967,0.0031999974113920064,1.4817000055373353,0.3058499841183324
0.158999995211246,1.0559000000001384,0.18819999033952983,0.9600999951812447,0.0027999976258502434,1.4818000050785094,0.3058999854342052
0.15949999557626304,1.0561000000001055,0.18809999107591044,0.9603999955563222,0.0023999978068056536,1.481900004691362,0.30594998654451133
0.1599999958736993,1.0563000000000786,0.1879999916759545,0.9606999958625292,0.001999997954258237,1.482000004375893,0.3059999874492507
0.16049999610355484,1.056500000000058,0.187899992139662,0.9609999960998657,0.0015999980682079933,1.4821000041321024,0.30604998814842344
0.1609999962658296,1.0567000000000433,0.18779999246703294,0.961299996268332,0.0011999981486549229,1.4822000039599905,0.3060999886420295
0.1614999963605236,1.0569000000000348,0.18769999265806733,0.9615999963679277,0.0007999981955990256,1.482300003859557,0.30614998893006884
0.16199999638763682,1.0571000000000323,0.18759999271276517,0.961899996398653,0.00039999820904030144,1.482400003830802,0.30619998901254153
0.16249999634716927,1.057300000000036,0.18749999263112646,0.9621999963605078,-1.8110212495771848e-09,1.4825000038737255,0.30624998888944754
0.16299999623912098,1.057500000000046,0.1873999924131512,0.9624999962534923,-0.0004000018645856274,1.4826000039883276,0.3062999885607869
0.16349999606349191,1.057700000000062,0.18729999205883938,0.9627999960776062,-0.0008000019516528321,1.4827000041746081,0.30634998802655955
0.1639999958202821,1.0579000000000842,0.187199991568191,0.9630999958328498,-0.0012000020722228637,1.482800004432567,0.30639998728676554
0.16449999550949151,1.0581000000001124,0.18709999094120608,0.9633999955192228,-0.001600002226295722,1.4829000047622045,0.30644998634140486
0.1649999953409964,1.0583000000001277,0.18699999060128625,0.9636999953479712,-0.002000002309826335,1.4830000049409175,0.30649998582887766
0.16549999531479678,1.0585000000001301,0.1868999905484315,0.963999995319095,-0.0024000023228147025,1.483100004968706,0.3065499857491839
0.1659999954308926,1.0587000000001194,0.18679999078264187,0.964299995432594,-0.002800002265260825,1.4832000048455698,0.30659998610232364
0.16649999568928392,1.0589000000000959,0.18669999130391732,0.9645999956884684,-0.0032000021371647014,1.483300004571509,0.3066499868882968
0.1669999960899707,1.0591000000000594,0.18659999211225786,0.9648999960867182,-0.003600001938526333,1.4834000041465236,0.3066999881071034
0.16749999663295298,1.05930000000001,0.1864999932076635,0.9651999966273432,-0.004000001669345719,1.4835000035706136,0.3067499897587435
0.16799999731823073,1.0594999999999475,0.18639999459013423,0.9654999973103436,-0.004400001329622859,1.4836000028437792,0.30679999184321705
0.1684999979393555,1.0596999999998908,0.18629999584318352,0.9657999980797959,-0.0048000010217035035,1.4837000021849882,0.3068499937325504
0.16899999849632727,1.0598999999998402,0.18619999696681136,0.9660999989357,-0.005200000745587651,1.4838000015942407,0.30689999542674357
0.16949999898914606,1.0600999999997953,0.18609999796101775,0.9663999998780559,-0.0056000005012753025,1.4839000010715369,0.30694999692579655
0.16999999941781185,1.0602999999997562,0.18599999882580268,0.9667000009068637,-0.006000000288766457,1.4840000006168765,0.30699999822970936
0.17049999978232466,1.060499999999723,0.18589999956116615,0.9670000020221233,-0.006400000108061115,1.4841000002302596,0.307049999338482
0.17100000008268448,1.0606999999996958,0.18580000016710818,0.9673000032238348,-0.006799999959159277,1.4841999999116862,0.3071000002521144
0.1715000003188913,1.0608999999996744,0.18570000064362877,0.9676000045119981,-0.007199999842060943,1.4842999996611563,0.3071500009706067
0.1720000004909451,1.0610999999996589,0.1856000009907279,0.9679000058866133,-0.007599999756766112,1.48439999947867,0.30720000149395876
0.17250000059884593,1.061299999999649,0.1855000012084056,0.9682000073476804,-0.007999999703274785,1.4844999993642272,0.30725000182217066
0.17300000064259377,1.0614999999996453,0.18540000129666184,0.9685000088951994,-0.00839999968158696,1.4845999993178278,0.3073000019552424
0.17350000062218862,1.0616999999996473,0.18530000125549664,0.9688000105291702,-0.00879999969170264,1.484699999339472,0.3073500018931739
0.17400000053763048,1.061899999999655,0.18520000108491,0.9691000122495929,-0.009199999733621825,1.4847999994291599,0.30740000163596526
0.17450000038891936,1.0620999999996688,0.1851000007849019,0.9694000140564674,-0.009599999807344512,1.484899999586891,0.30745000118361643
0.17500000017605524,1.0622999999996883,0.18500000035547237,0.9697000159497937,-0.009999999912870703,1.4849999998126657,0.3075000005361274
0.17549999989903814,1.0624999999997138,0.1848999997966214,0.9700000179295719,-0.010400000050200397,1.485100000106484,0.3075499996934982
0.17599999955786805,1.062699999999745,0.18479999910834896,0.970300019995802,-0.010800000219333595,1.4852000004683459,0.30759999865572885
0.17649999915254497,1.0628999999997821,0.1846999982906551,0.9706000221484838,-0.011200000420270298,1.4853000008982513,0.3076499974228193
0.1769999986830689,1.0630999999998252,0.18459999734353977,0.9709000243876176,-0.011600000653010503,1.4854000013962,0.3076999959947695
0.1774999983307499,1.0632999999998574,0.1844999966327757,0.9712000263828889,-0.012000000827670746,1.4855000017698863,0.30774999492308747
0.17799999809558795,1.0634999999998789,0.1843999961583629,0.9715000281342979,-0.01240000094425103,1.4856000020193099,0.3077999942077732
0.17849999797758306,1.0636999999998895,0.18429999592030133,0.9718000296418445,-0.01280000100275135,1.4857000021444706,0.3078499938488267
0.17899999797673524,1.0638999999998895,0.18419999591859101,0.9721000309055287,-0.013200001003171709,1.4858000021453688,0.307899993846248
0.17949999809304448,1.0640999999998786,0.18409999615323197,0.9724000319253504,-0.013600000945512105,1.4859000020220041,0.30794999420003705
0.17999999832651076,1.064299999999857,0.18399999662422417,0.9727000327013098,-0.014000000829772541,1.4860000017743769,0.3079999949101938
0.1804999986771341,1.0644999999998248,0.18389999733156764,0.9730000332334067,-0.014400000655953015,1.486100001402487,0.30804999597671834
0.1809999991449145,1.0646999999997817,0.18379999827526236,0.9733000335216412,-0.014800000424053527,1.4862000009063343,0.30809999739961064
0.18149999972985195,1.064899999999728,0.18369999945530832,0.9736000335660133,-0.015200000134074078,1.486300000285919,0.3081499991788707
0.1820000002183419,1.065099999999683,0.18360000044078217,0.9739000331885679,-0.015599999891907941,1.4863999997678012,0.3082000006647571
0.1825000006103843,1.065299999999647,0.18350000123168392,0.974200032389305,-0.015999999697555115,1.4864999993519807,0.30825000185726986
0.18300000090597918,1.06549999999962,0.18340000182801353,0.9745000311682245,-0.016399999551015603,1.4865999990384577,0.30830000275640895
0.18350000110512654,1.0656999999996017,0.18330000222977103,0.9748000295253264,-0.016799999452289403,1.4866999988272322,0.3083500033621744
0.18400000120782636,1.0658999999995924,0.1832000024369564,0.9751000274606109,-0.017199999401376516,1.486799998718304,0.30840000367456616
0.18450000121407867,1.066099999999592,0.18310000244956964,0.9754000249740777,-0.01759999939827694,1.4868999987116733,0.3084500036935843
0.18500000112388346,1.0662999999996003,0.1830000022676108,0.9757000220657271,-0.017999999442990678,1.4869999988073401,0.30850000341922873
0.1855000009372407,1.0664999999996176,0.1829000018910798,0.976000018735559,-0.018399999535517728,1.4870999990053042,0.3085500028514995
0.1860000007463882,1.0666999999996354,0.18280000150605616,0.9763000156850307,-0.018799999630131743,1.4871999992077332,0.3086000022709652
0.18650000055132596,1.0668999999996533,0.18270000111253984,0.9766000129141422,-0.019199999726832728,1.487299999414627,0.3086500016776257
0.18700000035205397,1.0670999999996718,0.18260000071053084,0.9769000104228936,-0.01959999982562068,1.4873999996259857,0.30870000107148104
0.18750000014857224,1.0672999999996904,0.1825000003000292,0.9772000082112849,-0.0199999999264956,1.4874999998418093,0.30875000045253126
0.18799999994088076,1.0674999999997095,0.18239999988103486,0.9775000062793162,-0.020400000029457487,1.4876000000620975,0.3087999998207763
0.18849999972897954,1.067699999999729,0.18229999945354786,0.9778000046269874,-0.02080000013450634,1.4877000002868506,0.30884999917621625
0.18899999951286858,1.0678999999997487,0.18219999901756817,0.9781000032542984,-0.02120000024164216,1.4878000005160685,0.308899998518851
0.18949999929254788,1.068099999999769,0.18209999857309583,0.9784000021612492,-0.02160000035086495,1.4879000007497514,0.3089499978486806
0.18999999906801743,1.0682999999997893,0.18199999812013082,0.97870000134784,-0.022000000462174707,1.488000000987899,0.30899999716570503
0.19049999883927723,1.0684999999998102,0.18189999765867312,0.9790000008140706,-0.02240000057557143,1.4881000012305114,0.3090499964699243
0.19099999860632727,1.0686999999998315,0.18179999718872278,0.979300000559941,-0.022800000691055124,1.4882000014775887,0.30909999576133845
0.19149999836916756,1.068899999999853,0.18169999671027975,0.9796000005854514,-0.023200000808625783,1.4883000017291308,0.30914999503994745
0.1919999981277981,1.069099999999875,0.18159999622334405,0.9799000008906016,-0.023600000928283408,1.4884000019851378,0.3091999943057513
0.19249999788221892,1.069299999999897,0.1814999957279157,0.9802000014753917,-0.024000001050028003,1.4885000022456096,0.30924999355875
0.19299999763242998,1.0694999999999197,0.18139999522399466,0.9805000023398217,-0.024400001173859563,1.4886000025105461,0.30929999279894355
0.1934999973784313,1.0696999999999428,0.18129999471158095,0.9808000034838916,-0.024800001299778093,1.4887000027799475,0.30934999202633195
0.19399999712022287,1.069899999999966,0.1811999941906746,0.9811000049076014,-0.02520000142778359,1.4888000030538138,0.3093999912409152
0.1944999968578047,1.0700999999999898,0.18109999366127555,0.9814000066109511,-0.025600001557876055,1.488900003332145,0.30944999044269333
0.19499999659117678,1.0703000000000138,0.18099999312338383,0.9817000085939406,-0.026000001690055487,1.489000003614941,0.3094999896316663
0.19549999632033913,1.0705000000000382,0.18089999257699946,0.98200001085657,-0.026400001824321884,1.4891000039022018,0.30954998880783413
0.19599999604529172,1.070700000000063,0.1807999920221224,0.9823000133988392,-0.02680000196067525,1.4892000041939273,0.3095999879711968
0.19649999576603458,1.0709000000000881,0.18069999145875268,0.9826000162207483,-0.027200002099115585,1.4893000044901177,0.30964998712175434
0.19699999563579648,1.0711000000000996,0.18059999119601208,0.9829000189694248,-0.027600002163680498,1.4894000046282523,0.30969998672559707
0.19749999565457743,1.0713000000000978,0.18049999123390062,0.9832000216448685,-0.028000002154369992,1.4895000046083313,0.30974998678272503
0.19799999582237743,1.0715000000000825,0.1803999915724183,0.9835000242470796,-0.028400002071184066,1.4896000044303546,0.3097999872931382
0.19849999613919647,1.0717000000000536,0.1802999922115651,0.983800026776058,-0.02880000191412272,1.489700004094322,0.3098499882568365
0.19899999660503456,1.0719000000000114,0.18019999315134103,0.9841000292318037,-0.029200001683185955,1.489800003600234,0.30989998967382004
