0.0,1.0323,0.0,0.8247,0.0,1.57,0.0
0.0018194686187308687,1.0323259992872995,0.0035000605377713146,0.8264945800182343,0.0008290899191770587,1.5682568177161045,0.005274075717055657
0.006445505764670475,1.0323954949779137,0.012379667968258356,0.8310535702276625,0.0029262381586825387,1.5638352605645816,0.018658213493573033
0.014093624382587697,1.0325171686937764,0.027024459428959847,0.8385845243310082,0.006372745165746704,1.55654478236291,0.04073875521254813
0.024353689361699286,1.0326888796490437,0.04661831630476736,0.8486794904531588,0.010961581510378234,1.5467937852483848,0.0702933828871432
0.036396086392969366,1.0329022491658233,0.06953969335221695,0.8605149893141104,0.01629791484426624,1.5353914410280949,0.10488390083326055
0.049184554406044766,1.0331452726623822,0.09377726513425039,0.8730654469309822,0.02189912533416689,1.5233400957724523,0.14148401317502074
0.061673540733388904,1.033404419507376,0.11731268551509273,0.885298387256126,0.027284845940115546,1.5116448167880792,0.17705320227034976
0.0729657070557136,1.0336670906080996,0.1384229876227155,0.8963291507363658,0.032049271617189984,1.5011636246403952,0.20899354138432272
0.08241637026117724,1.0339229435280415,0.15587978408834313,0.905523715655355,0.035907209637454175,1.492507510813043,0.2354505178134066
0.08968150033754321,1.0341647494776753,0.16903939333230497,0.9125456956160775,0.038714383137293466,1.485995970030161,0.25544951973562213
0.0947141840089083,1.0343885236618984,0.1778333224470906,0.917352586520226,0.04046375230724606,1.4816617659404738,0.26888224051769555
0.09772392182981866,1.0345952349612868,0.1826840979491236,0.9201534649020863,0.041266792689987626,1.4792927432195788,0.27637877183703763
0.09910172232424926,1.0347883734534533,0.18436260809755392,0.9213368251196468,0.04131524822021242,1.478503597735202,0.2790955668730464
0.09933800797796241,1.0349723846427317,0.1838286940558683,0.9213893236653657,0.04084288411270973,1.4788154389818093,0.27847534475987973
0.09894255157598748,1.0351519868101888,0.1820754585008148,0.9208162154861776,0.0400883738896492,1.4797333023158383,0.2760130505139231
0.09837699520353452,1.0353314197571777,0.17999907181538366,0.920074636475079,0.03926475043245031,1.4808108511994007,0.27305898532861006
0.09800651282471158,1.0355140499589945,0.17830564947265196,0.9195259303920432,0.03853798604063594,1.4816966965332004,0.27067832570855016
0.09807335675710543,1.0357020928670808,0.17746120639219828,0.9194096112062264,0.03801582859554808,1.4821592003690298,0.26957512328929256
0.09869203853131177,1.0358957485167144,0.1776830854321614,0.9198385455819078,0.037746710479947716,1.4820906090208674,0.27007881183218607
0.09985832199660195,1.036093512033099,0.1789617701751866,0.9208095902092709,0.037722685950172544,1.4814967503613443,0.2721785566804727
0.1014793729412758,1.0362936673267817,0.1811155107756922,0.9222313736663834,0.03789661124561369,1.4804688700996422,0.275602926609845
0.10340577864060017,1.0364948886472345,0.18385297827081595,0.9239560740139816,0.0381972368160693,1.4791524195150325,0.2799141384326805
0.10546465963883639,1.0366963833102636,0.18683774076867377,0.9258122749184916,0.03854447365504694,1.477714959675489,0.2846052935705292
0.10748910353832153,1.0368976877994782,0.18974558421605592,0.9276342805522557,0.03886266523222435,1.476317658824559,0.2891869707374108
0.10934078567207146,1.0370986027503541,0.19230844505236305,0.929284640584973,0.039090557935874536,1.4750935466430288,0.29325371801984756
0.1109241228808667,1.0372991415430097,0.19434178644321204,0.9306682416144743,0.039187279901401084,1.4741339636400865,0.2965256325322993
0.11219171855875143,1.0374994009248362,0.19575499824021353,0.931737782166832,0.03913400333308367,1.4734835632910772,0.2988643303203233
0.11314344978027446,1.0376994933681425,0.19654842562226685,0.932491605492288,0.03893622857639333,1.4731404228197795,0.30026622093825095
0.11381801145891325,1.0378995108468854,0.19679648004685985,0.9329672694615851,0.038614876127116005,1.4730671079814006,0.30084191520251485
0.11427891631311378,1.0380995136223061,0.19662284478299683,0.9332276116092191,0.038200810566772034,1.473202013334207,0.30077733333306056
0.11460167923207805,1.038299529358123,0.19617532947269614,0.9333479211397913,0.037729050521208785,1.4734718108044271,0.3002956449974137
0.11486182456278721,1.0384995608531715,0.19560227854031012,0.933403882919493,0.03723352852774098,1.473803092115473,0.2996214592672831
0.11512520389401822,1.038699607833411,0.19503343375065318,0.93346178061863,0.03674299257890237,1.4741317933763494,0.29895170529505366
0.11544145869470651,1.03889966288647,0.19456695578158525,0.9335718389502139,0.036278380347326236,1.4744095643104382,0.29843579845740387
0.11584090409137436,1.039099717470339,0.19426315667513475,0.9337649907397668,0.035851919408692236,1.4746068184808514,0.2981659656987919
0.116334756567283,1.0392997663836003,0.19414476930483596,0.9340529185768051,0.03546707527836676,1.474712566631,0.29817735750241386
0.11691434138356778,1.039499808323773,0.19419825374683072,0.9344287494249515,0.03511696754671345,1.4747342601062976,0.2984517183496072
0.1175599672868383,1.0396998418063574,0.19438692706981803,0.9348738050877812,0.03479096003597445,1.474690474156631,0.29893482317466263
0.11824590840032555,1.0398998685700038,0.19466082218345374,0.9353626214538554,0.034476889869460854,1.4746060441818354,0.2995514270421217
0.11894519209556974,1.0400998899787017,0.19496634086142547,0.9358678674614685,0.03416305699389641,1.4745073414498593,0.30022001639635637
0.11963359470991256,1.0402999074410197,0.19525444965832847,0.9363645228593349,0.0338397512430252,1.4744182929015757,0.30086543151346407
0.12029245942519055,1.0404999217379327,0.19548660601686985,0.9368329031600638,0.03350020321968709,1.4743575346055047,0.3014280827822572
0.1209101964771097,1.0406999334375486,0.19563807396438815,0.9372603544529897,0.03314072388726473,1.474336853345254,0.3018692081245278
0.12148228974876019,1.0408999431577721,0.19569838110792254,0.9376414883732789,0.03276394485273031,1.474361004826907,0.30217192709766905
0.12201402737880677,1.0410999512772916,0.1956736935604315,0.9379795170578499,0.032373906653014844,1.4744260815454782,0.30234309402884363
0.12251430441377922,1.0412999581051274,0.19557912783138584,0.938282168691264,0.03197514696326613,1.4745241264620113,0.3024041484298945
0.12299381497881069,1.0414999639023237,0.19543511401731148,0.9385598406306711,0.03157205576441417,1.4746449142733198,0.3023855785788717
0.12346334588125803,1.0416999690443776,0.19526374079979938,0.9388237465217399,0.03116836889367705,1.4747776978747498,0.3023212313778396
0.12393238384872479,1.0418999735682934,0.19508558085070685,0.9390843103502685,0.03076676850455862,1.474912689662345,0.3022432683306902
0.12440816251193096,1.0420999775130464,0.19491733054874247,0.9393499752746128,0.030367774412902174,1.4750421304620351,0.3021783216171903
0.12489528311877494,1.0422999809146212,0.19477042352086124,0.9396265072710083,0.029970764780155906,1.475160881781579,0.30214513394640313
0.1253944263574523,1.042499983808517,0.19465093218904286,0.9399168933293482,0.029574775421077323,1.4752664272124136,0.3021540275754503
0.12590245789793036,1.0426999862425925,0.19455658200708964,0.9402196876245156,0.02917895831215454,1.4753591536942496,0.3022053306084105
0.12641578035177256,1.0428999882842656,0.1944817648094278,0.9405320603502759,0.028782761701931378,1.475443083961896,0.302291473996894
0.12693089419143996,1.0430999900052158,0.1944193362101714,0.9408504519855486,0.0283859333860473,1.47552256298813,0.3024015670137595
0.12744483641376583,1.0432999914615115,0.1943618824184709,0.9411711964722898,0.027988441102908466,1.4756016184716307,0.30252353549556305
0.12795623786096955,1.0434999927026158,0.1943027729340358,0.9414910356028646,0.027590375512840697,1.4756829019661195,0.3026459953027952
0.12846488048081273,1.0436999937659515,0.19423690008095704,0.9418074769451731,0.027191870951135975,1.4757675121843932,0.3027596613697892
0.12897117678932016,1.0438999946810934,0.19416099762115185,0.9421189783740528,0.02679305550963314,1.475855465848862,0.30285819157069016
0.1294757562178425,1.0440999954672086,0.19407550590651104,0.9424249725478313,0.02639402814975046,1.4759464635991049,0.30293821111813896
0.1299792103243336,1.044299996138577,0.19398297026416988,0.9427260919700523,0.02599485444258618,1.4760400033735186,0.30300272881886736
0.1304819803949731,1.0444999967100748,0.193886161920363,0.9430240103005334,0.025595572598072918,1.4761354778376368,0.3030558027995967
0.1309843410650529,1.0446999971971946,0.19378724496424454,0.9433203751354013,0.025196202597847345,1.476232267787219,0.30310184534440776
0.1314864335587991,1.0448999976121394,0.19368765887282155,0.9436164310364606,0.02479675456612005,1.4763298177479702,0.30314500878403533
0.13198831379472012,1.0450999979659314,0.19358816193557582,0.9439129192528547,0.024397234682180594,1.4764276857043563,0.3031887220462987
0.1324899950775973,1.045299998267358,0.19348900868314312,0.9442101398944486,0.023997648474409227,1.476525567911301,0.30323499620391015
0.1329914775121076,1.0454999985241191,0.19339016316801982,0.944508088387838,0.023598002119899493,1.4766232896162481,0.3032839993756996
0.13349276366450974,1.0456999987426936,0.1932914729996255,0.9448066879234885,0.023198302524051275,1.4767207880222712,0.30333501089633175
0.13399386386381298,1.0458999989288025,0.19319277955053846,0.9451058136833681,0.02279855684059251,1.4768181469346948,0.3033870965798443
0.13449479579846665,1.0460999990873252,0.19309397003430862,0.9454053170286735,0.022398771994347654,1.4769155441557988,0.30343947905399615
0.13499558121110145,1.0462999992223945,0.19299498849990782,0.9457050496770536,0.021998954229229217,1.4770131399470112,0.303491666968272
0.13549624260353318,1.0464999993375075,0.1928958252232607,0.9460048822360557,0.021599108916592148,1.4771110313081788,0.3035434388662693
0.1359968008059025,1.0466999994356296,0.19279649890830325,0.9463047161118696,0.021199240527775293,1.4772092493832296,0.3035947638555526
0.13649727355157423,1.046899999519255,0.1926970401119479,0.9466044884922471,0.02079935268995544,1.4773077768420508,0.30364571370863197
0.13699767537156007,1.0470999995905093,0.19259748011140185,0.94690416788867,0.020399448368192324,1.4774065844052304,0.3036963940206819
0.13749801741448703,1.0472999996511325,0.19249784428860953,0.9472037501709203,0.0199995299018095,1.4775056304070004,0.3037469009293266
0.13799830900863072,1.0474999997026946,0.1923981516253832,0.9475032754028856,0.019599599355744544,1.4776048677329967,0.3037973054884765
0.13849855776613065,1.0476999997465521,0.19229841487216226,0.9478027949910593,0.019199658500086734,1.477704249771908,0.303847651012135
0.13899877002324862,1.0478999997838738,0.19219864222869198,0.948102349486107,0.01879970886295218,1.477803735038063,0.3038979591804914
0.1394989507850785,1.0480999998155967,0.19209883861502558,0.9484019618424967,0.018399751678476257,1.4779032885730932,0.30394823725536346
0.13999910462934972,1.0482999998425684,0.19199900786640892,0.9487016385100189,0.017999788075448695,1.4780028846389455,0.3039984868416736
0.14049923592135705,1.048499999865582,0.19189915360783252,0.9490013769151819,0.01759981911960956,1.478102507903303,0.3040487084602297
0.14099934815396475,1.0486999998852629,0.1917992787294265,0.9493011703695116,0.01719984565730312,1.4782021587683767,0.3040989019900005
0.14149944406306664,1.0488999999020931,0.19169938569663966,0.9496010095651204,0.01679986834339687,1.4783018427847259,0.3041490682871818
0.14199952595991527,1.049099999916475,0.19159947683884387,0.9499008843245981,0.016399887724822412,1.4784015642855506,0.3041992094931799
0.1424995956738735,1.0492999999287245,0.19149955416870101,0.9502007846814616,0.01599990423112434,1.478501324636619,0.30424932834333357
0.1429996549798367,1.0494999999391492,0.19139961972941982,0.9505007019888028,0.015599918278444147,1.4786011218146116,0.3042994281333831
0.14349970540745827,1.049699999948014,0.19129967533995898,0.9508006295036768,0.015199930225013532,1.478700951957508,0.3043495121144653
0.14399974811673197,1.0498999999555212,0.19119972237960517,0.9511005627363401,0.014799940343361087,1.4788008104934556,0.30439958281354734
0.14449978429116864,1.0500999999618785,0.1910997621978211,0.9514004995822067,0.014399948913104407,1.4789006926728445,0.3044496424828644
0.14499981505195492,1.0502999999672835,0.1909997960554465,0.951700438983347,0.013999956199633672,1.4790005939281614,0.3044996931585906
0.14549984133227797,1.0504999999719007,0.19089982499292732,0.9520003809395313,0.01359996242412511,1.4791005103617403,0.30454973648796474
0.14599986333331574,1.0506999999757647,0.19079984922999804,0.9523003284861369,0.013199967634602261,1.4792004407102135,0.3045997728160711
0.14649988176961945,1.0508999999790016,0.19069986955194543,0.9526002821758625,0.012799972000538683,1.479300382336365,0.30464980332619773
0.1469998971543143,1.0510999999817014,0.19059988651699283,0.9529002429724879,0.01239997564372296,1.479400333462052,0.3046998288312489
0.14749991005282456,1.0512999999839634,0.19049990074441073,0.9532002106421477,0.011999978698161887,1.4795002922918143,0.3047498502444392
0.14799992096332237,1.0514999999858756,0.1903999127812519,0.9535001847349573,0.011599981281859913,1.479600257292779,0.30479986837670936
0.14849993037950585,1.0516999999875254,0.1902999231709746,0.953800164070277,0.011199983511736355,1.4797002269287678,0.3048498840398727
0.1489999386542836,1.0518999999889755,0.1901999323022206,0.9541001472108188,0.010799985471357791,1.4798002001134947,0.30489989781471866
0.14949994602623753,1.0520999999902683,0.19009994043790393,0.954400132875965,0.01039998721721794,1.4799001761060087,0.3049499100951317
0.14999995249536768,1.0522999999914038,0.18999994757802463,0.9547001210657158,0.009999988749316801,1.4800001549063098,0.30499992088111194
0.15049995806167402,1.052499999992382,0.18989995372258267,0.955000111780071,0.009599990067654374,1.4801001365143982,0.30504993017265924
0.1509999628842005,1.0526999999932292,0.18979995904606095,0.9553001044497107,0.009199991209840167,1.4802001205678592,0.30509993822292625
0.15149996708963426,1.0528999999939668,0.18969996368798642,0.955600098525755,0.008799992205859423,1.480300106700787,0.30514994523956684
0.15199997077739627,1.0530999999946125,0.1895999677581017,0.9559000935044103,0.008399993079256407,1.480400094590613,0.30519995138827716
0.15249997394748654,1.0532999999951662,0.18949997125640677,0.9562000893856766,0.007999993830031119,1.4805000842373373,0.30524995666905724
0.15299997673627774,1.0534999999956527,0.1893999743336458,0.9565000856961322,0.007599994490490048,1.4806000751664257,0.30529996131161613
0.15349997914376984,1.053699999996072,0.18929997698981876,0.9568000824357772,0.007199995060633196,1.4807000673778783,0.3053499653159539
0.15399998116996286,1.0538999999964238,0.18919997922492568,0.9571000796046116,0.006799995540460562,1.4808000608716951,0.3053999686820704
0.1544999829806804,1.054099999996738,0.18909998122227392,0.9574000767936801,0.006399995969257357,1.4809000550668638,0.305449971689483
0.15499998457592248,1.0542999999970146,0.18899998298186352,0.9577000740029826,0.0059999963470235805,1.4810000499633844,0.3054999743381916
0.1554999859556891,1.0544999999972537,0.18889998450369447,0.9580000712325192,0.005599996673759233,1.481100045561257,0.3055499766281962
0.15599998711998023,1.0546999999974553,0.18879998578776677,0.9583000684822899,0.005199996949464314,1.4812000418604816,0.3055999785594969
0.1564999880687959,1.0548999999976194,0.18869998683408043,0.9586000657522946,0.0047999971741388234,1.481300038861058,0.3056499801320936
0.15699998880213611,1.055099999997746,0.18859998764263544,0.9589000630425334,0.004399997347782762,1.4814000365629865,0.30569998134598636
0.15749998952158817,1.0552999999978705,0.18849998843604276,0.9592000601211363,0.003999997518145494,1.481500034286907,0.30574998253864266
0.15799999022715208,1.055499999997993,0.18839998921430237,0.9595000569881035,0.003599997685227021,1.4816000320328195,0.3057999837100625
0.15849999091882785,1.0556999999981136,0.1882999899774143,0.9598000536434347,0.003199997849027342,1.4817000298007243,0.3058499848602459
0.1589999915966155,1.0558999999982321,0.18819999072537852,0.9601000500871301,0.002799998009546457,1.4818000275906213,0.3058999859891928
0.15949999226051498,1.0560999999983487,0.18809999145819506,0.9604000463191896,0.0023999981667843662,1.4819000254025105,0.3059499870969033
0.15999999291052633,1.0562999999984632,0.18799999217586388,0.9607000423396134,0.0019999983207410698,1.482000023236392,0.3059999881833773
0.16049999354664954,1.0564999999985758,0.18789999287838502,0.9610000381484013,0.0015999984714165677,1.4821000210922655,0.3060499892486149
0.1609999941688846,1.0566999999986864,0.18779999356575847,0.9613000337455534,0.0011999986188108598,1.4822000189701312,0.306099990292616
0.1614999947772315,1.056899999998795,0.18769999423798422,0.9616000291310697,0.0007999987629239461,1.482300016869989,0.3061499913153806
0.16199999537169027,1.0570999999989015,0.18759999489506227,0.9619000243049501,0.0003999989037558268,1.4824000147918388,0.3061999923169088
0.1624999959147895,1.0572999999989985,0.1874999954952149,0.9622000200625265,-9.675863189557814e-10,1.482500012912897,0.30624999323027785
0.16299999640652918,1.0574999999990857,0.18739999603844212,0.9625000164037987,-0.000400000851102491,1.4826000112331632,0.3062999940554878
0.16349999684690933,1.0576999999991634,0.1872999965247439,0.9628000133287667,-0.0008000007467926895,1.4827000097526377,0.30634999479253866
0.16399999723592992,1.0578999999992316,0.1871999969541203,0.9631000108374307,-0.0012000006546569143,1.4828000084713204,0.3063999954414304
0.164499997573591,1.0580999999992902,0.18709999732657126,0.9634000089297905,-0.0016000005746951654,1.4829000073892111,0.306449996002163
0.1649999978598925,1.058299999999339,0.1869999976420968,0.9637000076058462,-0.0020000005069074427,1.48300000650631,0.3064999964747365
0.16549999809483448,1.0584999999993783,0.18689999790069692,0.9640000068655977,-0.0024000004512937465,1.4831000058226171,0.3065499968591509
0.1659999982784169,1.058699999999408,0.18679999810237163,0.9643000067090451,-0.0028000004078540764,1.4832000053381325,0.3065999971554062
0.1664999984106398,1.058899999999428,0.18669999824712094,0.9646000071361884,-0.003200000376588433,1.483300005052856,0.3066499973635024
0.16699999849150315,1.0590999999994384,0.1865999983349448,0.9649000081470276,-0.003600000357496816,1.4834000049667877,0.30669999748343946
0.16749999852100697,1.0592999999994392,0.18649999836584327,0.9652000097415626,-0.0040000003505792255,1.4835000050799274,0.3067499975152174
0.16799999849915123,1.0594999999994306,0.18639999833981633,0.9655000119197935,-0.004400000355835661,1.4836000053922753,0.3067999974588363
0.16849999842593597,1.0596999999994121,0.18629999825686394,0.9658000146817203,-0.0048000003732661225,1.4837000059038314,0.306849997314296
0.16899999838578833,1.059899999999401,0.18619999821095684,0.9661000176317616,-0.0052000003828419385,1.4838000062376486,0.3068999972306305
0.16949999837870833,1.060099999999397,0.186099998202095,0.9664000207699174,-0.00560000038456311,1.4839000063937269,0.3069499972078397
0.16999999840469598,1.0602999999994003,0.18599999823027843,0.9667000240961877,-0.006000000378429635,1.4840000063720662,0.3069999972459237
0.17049999846375127,1.0604999999994107,0.18589999829550716,0.9670000276105726,-0.006400000364441515,1.4841000061726664,0.3070499973448824
0.1709999985558742,1.0606999999994284,0.18579999839778114,0.967300031313072,-0.0068000003425987485,1.4842000057955276,0.30709999750471584
0.17149999866527738,1.0608999999994497,0.18569999851932095,0.9676000347082688,-0.007200000316655177,1.4843000053370674,0.3071499976953941
0.17199999879196082,1.0610999999994746,0.18559999866012658,0.9679000377961633,-0.007600000286610799,1.4844000047972856,0.30719999791691716
0.17249999893592452,1.061299999999503,0.18549999882019805,0.9682000405767552,-0.008000000252465616,1.4845000041761822,0.30724999816928505
0.17299999909716848,1.061499999999535,0.18539999899953533,0.9685000430500448,-0.008400000214219628,1.4846000034737574,0.3072999984524978
0.1734999992756927,1.0616999999995702,0.18529999919813842,0.9688000452160318,-0.008800000171872832,1.484700002690011,0.3073499987665553
0.1739999994714972,1.061899999999609,0.18519999941600734,0.9691000470747164,-0.009200000125425233,1.4848000018249432,0.3073999991114576
0.17449999968458194,1.0620999999996514,0.18509999965314208,0.9694000486260985,-0.009600000074876826,1.4849000008785538,0.30744999948720475
0.17499999991494694,1.0622999999996974,0.18499999990954266,0.9697000498701781,-0.010000000020227615,1.4849999998508427,0.3074999998937967
0.17550000016259223,1.0624999999997469,0.18490000018520905,0.9700000508069553,-0.010399999961477597,1.4850999987418103,0.3075500003312335
0.1760000004275178,1.0626999999998,0.18480000048014128,0.9703000514364299,-0.010799999898626775,1.4851999975514563,0.30760000079951505
0.1765000007097236,1.0628999999998565,0.18470000079433932,0.9706000517586022,-0.011199999831675146,1.4852999962797806,0.30765000129864145
0.17700000100920968,1.0630999999999167,0.18460000112780317,0.9709000517734719,-0.011599999760622712,1.4853999949267835,0.3077000018286127
0.17750000132597601,1.0632999999999801,0.18450000148053286,0.9712000514810393,-0.011999999685469472,1.4854999934924649,0.30775000238942873
0.1780000016600226,1.0635000000000472,0.18440000185252836,0.9715000508813041,-0.012399999606215427,1.4855999919768248,0.30780000298108956
0.17850000201134947,1.0637000000001178,0.1843000022437897,0.9718000499742665,-0.012799999522860575,1.4856999903798631,0.3078500036035952
0.17900000237995659,1.063900000000192,0.18420000265431685,0.9721000487599264,-0.01319999943540492,1.4857999887015798,0.3079000042569457
0.17950000276584396,1.0641000000002696,0.18410000308410984,0.9724000472382839,-0.013599999343848456,1.4858999869419751,0.307950004941141
0.1800000030109782,1.0643000000003189,0.18400000335707015,0.9727000452610275,-0.01399999928569008,1.4859999858323103,0.3080000053750985
0.1805000031153593,1.0645000000003395,0.1839000034731978,0.9730000428281573,-0.01439999926092979,1.4860999853725854,0.3080500055588181
0.18100000307898725,1.0647000000003317,0.18380000343249278,0.9733000399396733,-0.014799999269567586,1.4861999855628005,0.30810000549229993
0.18150000290186205,1.0649000000002953,0.18370000323495508,0.9736000365955755,-0.01519999931160347,1.4862999864029556,0.3081500051755439
0.18200000258398372,1.0651000000002304,0.18360000288058473,0.9739000327958639,-0.015599999387037438,1.4863999878930505,0.3082000046085501
0.18250000224633223,1.0653000000001616,0.18350000250419665,0.9742000290946546,-0.015999999467162625,1.486499989472688,0.3082500040065506
0.18300000188890758,1.0655000000000887,0.18340000210579085,0.9745000254919478,-0.01639999955197903,1.486599991141868,0.30830000336954544
0.18350000151170978,1.0657000000000119,0.18330000168536734,0.9748000219877434,-0.016799999641486655,1.4866999929005904,0.3083500026975346
0.18400000111473885,1.0658999999999312,0.1832000012429261,0.9751000185820414,-0.017199999735685496,1.4867999947488553,0.30840000199051804
0.18450000069799477,1.0660999999998466,0.18310000077846714,0.9754000152748419,-0.017599999834575556,1.4868999966866627,0.3084500012484958
0.18500000026147753,1.066299999999758,0.18300000029199046,0.9757000120661448,-0.017999999938156836,1.4869999987140126,0.3085000004714679
0.18549999980518714,1.0664999999996654,0.18289999978349605,0.9760000089559501,-0.018400000046429332,1.487100000830905,0.3085499996594343
0.18599999945400428,1.066699999999594,0.1827999993921286,0.976300006427471,-0.01880000012976127,1.4872000024609244,0.3085999990343922
0.18649999920792895,1.066899999999544,0.1826999991178881,0.9766000044807074,-0.019200000188152645,1.487300003604071,0.30864999859634173
0.18699999906696116,1.0670999999995154,0.18259999896077453,0.9769000031156594,-0.019600000221603457,1.487400004260345,0.3086999983452828
0.1874999990311009,1.067299999999508,0.18249999892078791,0.977200002332327,-0.02000000023011371,1.4875000044297462,0.3087499982812154
0.18799999910034818,1.067499999999522,0.18239999899792825,0.9775000021307101,-0.0204000002136834,1.4876000041122746,0.3087999984041396
0.18849999927470298,1.0676999999995573,0.18229999919219553,0.9778000025108088,-0.020800000172312528,1.48770000330793,0.3088499987140553
0.18899999955416533,1.067899999999614,0.18219999950358975,0.9781000034726229,-0.021200000106001093,1.4878000020167126,0.30889999921096256
0.18949999993873518,1.0680999999996919,0.18209999993211093,0.9784000050161527,-0.0216000000147491,1.4879000002386225,0.3089499998948614
0.19000000026610317,1.0682999999997582,0.18200000029688806,0.9787000068934251,-0.02199999993707034,1.4879999987255959,0.3090000004769862
0.1905000005362693,1.068499999999813,0.18190000059792116,0.9790000091044402,-0.022399999872964822,1.4880999974776326,0.30905000095733715
0.1910000007492336,1.068699999999856,0.18180000083521022,0.979300011649198,-0.02279999982243254,1.4881999964947328,0.30910000133591414
0.19150000090499603,1.0688999999998876,0.18170000100875527,0.9796000145276984,-0.023199999785473498,1.4882999957768965,0.30915000161271716
0.19200000100355658,1.0690999999999076,0.1816000011185563,0.9799000177399415,-0.02359999976208769,1.4883999953241238,0.30920000178774626
0.19250000104491527,1.069299999999916,0.18150000116461326,0.9802000212859273,-0.023999999752275125,1.4884999951364144,0.3092500018610014
0.1930000010290721,1.0694999999999126,0.1814000011469262,0.9805000251656558,-0.024399999756035795,1.4885999952137685,0.3093000018324826
0.19350000097897535,1.0696999999999024,0.18130000109107297,0.980800028884655,-0.02479999976792419,1.4886999954492424,0.3093500017430708
0.194000000894625,1.0698999999998853,0.18120000099705355,0.981100032442925,-0.025199999787940304,1.488799995842836,0.3094000015927661
0.19450000077602106,1.0700999999998613,0.18110000086486794,0.9814000358404658,-0.025599999816084143,1.4888999963945495,0.3094500013815685
0.19500000062316353,1.0702999999998302,0.18100000069451616,0.9817000390772773,-0.025999999852355706,1.4889999971043828,0.3095000011094779
0.1955000004360524,1.0704999999997922,0.1809000004859982,0.9820000421533596,-0.02639999989675499,1.4890999979723358,0.30955000077649436
0.19600000021468766,1.0706999999997473,0.18080000023931403,0.9823000450687126,-0.026799999949281998,1.4891999989984086,0.3096000003826179
0.19650000003063087,1.07089999999971,0.18070000003420592,0.9826000473569468,-0.02719999999295628,1.4892999998514487,0.3096500000551327
0.196999999883882,1.0710999999996802,0.18059999987067385,0.9829000490180622,-0.02760000002777783,1.4894000005314558,0.3096999997940387
0.19749999977444108,1.071299999999658,0.18049999974871783,0.9832000500520587,-0.028000000053746657,1.4895000010384303,0.30974999959933597
0.19799999970230808,1.0714999999996433,0.18039999966833786,0.9835000504589364,-0.028400000070862755,1.4896000013723718,0.30979999947102443
0.19849999966748302,1.0716999999996362,0.18029999962953394,0.9838000502386952,-0.02880000007912613,1.4897000015332806,0.3098499994091041
0.1989999996699659,1.0718999999996366,0.18019999963230607,0.9841000493913352,-0.029200000078536775,1.4898000015211565,0.30989999941357504
