0.0,0.0,0.0,0.0,0.0,0.0,0.0
2.4998987994241695,0.03441986420997581,4.812129604634894,2.4659258526013486,1.139958793470754,-2.3971489951506926,7.2518130902854745
5.956920988367493,0.08688955278827223,11.440659222696375,5.871506981487428,2.7015903610098086,-5.698101036922084,17.245884555195747
9.179448318129424,0.14219261769962552,17.585481820835305,9.040887356322012,4.1342862997699665,-8.756288915412187,26.51843923751013
11.427232179563294,0.1881060224121034,21.822977509707602,11.243708026898116,5.102492354607099,-10.862732939142024,32.922912647603916
12.395014929797949,0.22070159825679656,23.57240191422236,12.178540381074946,5.4733205720237486,-11.728646117810342,35.582059525432626
12.124791748538184,0.23851457170025497,22.92818726160998,11.889863080362746,5.274756392749266,-11.400758952943377,34.635368162776
10.888902417982793,0.24315336333557983,20.425924930042573,10.647773611568049,4.638165511946118,-10.147786036556617,30.88810920454669
9.066106442563582,0.237903787010859,16.80615921400232,8.828551454286954,3.7423814646400926,-8.338980321744202,25.453866002265507
7.040276308384094,0.22698015132120067,12.814313822050671,6.8123547466722005,2.765838388295091,-6.346051262455575,19.454993350840258
5.130458451598231,0.21405851413140334,9.065243995636552,4.9137730584887365,1.856152317747238,-4.475739720237499,13.816818208253377
3.5485026961196255,0.20345909923187938,5.966864561652841,3.3422352815176364,1.1083436151576924,-2.930813650740381,9.154951178659077
2.395217800068484,0.1962486096074515,3.7109398309958634,2.1970264801620685,0.565709626467338,-1.8062828080218094,5.759499779823198
1.6754618074103047,0.19253335344649428,2.302767792879658,1.482213112093162,0.22729843334501248,-1.1045698678196405,3.639759597287667
1.3253249533250462,0.1917939660273633,1.6150368801900705,1.1341163175549709,0.061091311259593745,-0.7619232922622367,2.60494863526578
1.2435101459367357,0.19318501341364122,1.4487214176945167,1.051959789604327,0.018647511998606918,-0.6789535339065185,2.355886377419676
1.3195470397316356,0.19540264341523617,1.588071578737908,1.126103667119141,0.04809572961656362,-0.748043212705784,2.567805369051093
1.4552739368322833,0.1974541616013217,1.8419712399973007,1.2590778132272669,0.10396837646481383,-0.8738907391506956,2.9527092845621046
1.5750700305294687,0.19892810095432864,2.0658908588861316,1.3770688713043728,0.15046892964383984,-0.9842668872176825,3.29385871757834
1.6361799546288092,0.19976623270641766,2.176217878164951,1.437252515746667,0.16907161801193188,-1.037834496746775,3.464441921254371
1.6230199775371799,0.2001033688363812,2.142479994422612,1.4238438543725664,0.15369730185171607,-1.0196776653133175,3.4178369592810163
1.5410378677064218,0.20013697326096855,1.975285630639414,1.3420351492224305,0.1076883082430842,-0.9352671255187267,3.1695182775193222
1.4088032108209843,0.2000329696290887,1.7108784470724587,1.210171125539376,0.04008640710966169,-0.8027447714859293,2.7738277248352095
1.2503273164671316,0.19990548542470093,1.3961010815712707,1.0520778224458294,-0.037895252428516116,-0.6454583953427628,2.3012958069925693
1.0885901895092627,0.19981070228542966,1.0759595768465662,0.8908471415245149,-0.11408202386531459,-0.4865426684632995,1.8200230374361444
0.9443057694714498,0.19976501119820017,0.7886019786038572,0.7458802681929323,-0.18090227238977735,-0.3440869666067257,1.3864384375257979
0.8276869179925747,0.1997614954287752,0.5550759511842858,0.6279643914112459,-0.23446726425523706,-0.22835590253705348,1.0331233882259299
0.7422692327842251,0.19978559156135997,0.3831219936136747,0.5411287907369478,-0.2737361466759478,-0.14307624574377623,0.772456342706038
0.686169735623798,0.19982146375923576,0.26956097416440983,0.483841821127715,-0.29991521503449414,-0.08662220742783228,0.6001360951210662
0.6539335690338297,0.19985848048030713,0.20391282892302037,0.4508421637877536,-0.3156295286183873,-0.053795653177103456,0.5006219841349299
0.6384583439355338,0.19988986752854523,0.17222100221973927,0.43507876267512985,-0.32407802065945013,-0.037707516411041364,0.45292937791440013
0.6329375824609452,0.19991378883118083,0.16064956980203277,0.4295437881220324,-0.3281450495960235,-0.03158284002345746,0.4359542026443825
0.6310477729439488,0.19993083009870163,0.1568590109216294,0.4278875886238047,-0.33150190722019857,-0.029222948443173833,0.4310665445512381
0.6264827084195635,0.19994266354942417,0.15011621638328315,0.4246768089185524,-0.3361837296591709,-0.02618750298796984,0.4230082174476317
0.6180736269655187,0.19995109699838295,0.13688387109954678,0.4181523844874896,-0.34234412930506447,-0.01916432352507761,0.405618200074402
0.6061540256075915,0.19995752284112464,0.11663165669761137,0.4080662405712238,-0.34935112384108036,-0.008249753852680106,0.3774544264951997
0.5922121686007076,0.1999629067991193,0.09089444389288302,0.3952048230000798,-0.3563848552755263,0.004938317184059123,0.3404272572292587
0.5782998234748714,0.199967667235773,0.06227823490556483,0.38088582558343725,-0.36298843158301963,0.018533621741437616,0.2982880713962692
0.5656810147155201,0.19997199009287628,0.035278737732831446,0.3665762324834868,-0.36886165313171365,0.03154806058146352,0.2564584830639053
0.5548412275494822,0.19997592052500748,0.011613924696695324,0.3541707084560839,-0.3738780093557707,0.04340157509622392,0.21886552009853108
0.5458563256547109,0.19997944159925424,-0.008252697451907303,0.34415252371725313,-0.37805155651654065,0.05359727900697455,0.18693200484630068
0.5385447965490489,0.19998253419967094,-0.02423307794901252,0.33641012519368063,-0.381480477916958,0.06193218394290942,0.16126096993710426
0.5326118852802286,0.19998519967350858,-0.03659061779682282,0.33050486949602764,-0.3842960490901462,0.06846392368644996,0.1416159139394613
0.5277542685388016,0.19998746433670483,-0.04585596475237357,0.32593061442059446,-0.38662640929419717,0.0734309592864601,0.1271613730073379
0.523714999795069,0.1999893716819956,-0.053068565309356976,0.3222349271228775,-0.38857864289368504,0.07716388483468133,0.11685832699538236
0.5203008129135243,0.1999909728613559,-0.05910859927457919,0.31912548461787804,-0.39023410031412825,0.0800003895773112,0.10949119863951245
0.5173793094424727,0.19999231886771232,-0.0644439272875161,0.3164459907392858,-0.39165016465420016,0.08222777044579499,0.1031531515701583
0.5148618231761327,0.199993454610803,-0.06926757414333003,0.31411464176075177,-0.3928672859240667,0.08408602335598453,0.0970713239697431
0.5126885951219272,0.19999441772948887,-0.07362368111222295,0.31208533385661813,-0.3939144907055278,0.0857498646207738,0.09116523268866626
0.510816548458962,0.1999952378906999,-0.07750115046194231,0.31032761730588204,-0.39481384937858743,0.08732419947672113,0.08553014467231697
0.5092100103725472,0.19999593827652307,-0.0808900443626296,0.3088136095615954,-0.39558400117367737,0.08885332998002607,0.08032619166701732
0.507837089947122,0.19999653698791878,-0.08380217857222792,0.30751554475472115,-0.3962414279842949,0.09033577314012524,0.07568946887952407
0.5066678425625013,0.19999704873446753,-0.08627321774774095,0.3064068649147309,-0.39680120873532854,0.09174361485383874,0.07168270955092582
0.5056740558658853,0.19999748583194002,-0.08835499342920239,0.3054613872158768,-0.39727718759161035,0.09303944673266107,0.06829564635844826
0.504829900212696,0.19999785884327828,-0.09010522275741707,0.30465594355080183,-0.3976817979174627,0.09418944830939371,0.06546816580127301
0.504113039541652,0.19999817667882216,-0.09157848095624765,0.30396970706945586,-0.3980256572324571,0.09516896552940808,0.06311764969162771
0.5035036652285704,0.19999844735220199,-0.0928235167698044,0.3033850158021047,-0.39831813671061284,0.0959728572953135,0.0611576862926939
0.5029851878903083,0.1999986777418475,-0.09388015490830413,0.3028868492381767,-0.3985670797951612,0.0966139475315683,0.05951204630943885
0.5025437382320571,0.19999887377702527,-0.09477997298221713,0.30246241342933444,-0.39877906535340313,0.09711680284348394,0.05811959225878798
0.5021673195298438,0.19999904074423966,-0.09554868434527344,0.3021006762131553,-0.3989598126349868,0.09750969722813495,0.056932536645512156
0.5018466789182542,0.1999991828023392,-0.09620511792052691,0.30179248454930635,-0.39911375257711507,0.09782081055359734,0.05591778592015253
0.501573410676409,0.1999993037572629,-0.09676588553590486,0.3015295294126122,-0.39924492432319825,0.09807501407814086,0.055048420959700604
0.501340549568456,0.19999940676660857,-0.09724456295716029,0.3013053036901432,-0.39935668163441224,0.09829215817978867,0.054303801514198786
0.5011421346958443,0.19999949451731874,-0.09765280923489023,0.301113937242708,-0.3994518963830549,0.09848654783446703,0.05366688892286663
0.5009729300634245,0.19999956935449179,-0.0980010202494466,0.30095048779748784,-0.3995330895467626,0.0986695936874796,0.053122573023523134
0.5008286873234321,0.19999963316628414,-0.09829776617163123,0.3008110715920071,-0.39960230459532275,0.09884441943384926,0.05265829822288136
0.5007057880365303,0.19999968755191766,-0.09855045833298569,0.3006918735988951,-0.39966127980173183,0.09900792417272518,0.052262949556111125
0.5006007926858197,0.19999973402678406,-0.09876621128598978,0.30058948929754964,-0.3997116657206611,0.09915628127915015,0.051925578738996725
0.5005112143874886,0.19999977368524258,-0.09895018725866571,0.3005019134134083,-0.39975465523758547,0.09928702709214254,0.05163815120553816
0.5004350803869971,0.19999980739460668,-0.09910650535371165,0.30042753612747997,-0.3997911938567873,0.09939920988113726,0.051394111800869516
0.5003704997802301,0.1999998359887009,-0.09923908719968468,0.30036440726406216,-0.3998221882766646,0.09949303735593522,0.051187245790692976
0.5003156452006154,0.19999986027492042,-0.09935170769279797,0.3003107057627975,-0.3998485149553994,0.09957042068168521,0.051011582094068704
0.500269022193587,0.1999998809152142,-0.09944744011745013,0.30026498324397555,-0.3998708908849898,0.0996346275370767,0.05086226915198719
0.5002293476292408,0.1999998984781915,-0.09952891707577971,0.30022603663827063,-0.39988993182906624,0.0996883809994004,0.05073517620752179
0.5001955443447648,0.19999991344135687,-0.09959834529531011,0.3001928441497116,-0.39990615480383607,0.09973383929568215,0.0506268571410066
0.5001667228504942,0.19999992619899928,-0.09965754618258084,0.3001645440821349,-0.39991998678824775,0.09977258881233668,0.050534477307583495
0.5001421439711666,0.19999993707863656,-0.09970803424896599,0.30014041011179543,-0.3999317826044912,0.0998057613926952,0.05045568267228737
0.5001211841569061,0.19999994635641263,-0.09975108837752214,0.3001198253878793,-0.39994184155307083,0.09983419569287372,0.05038848466452995
0.5001033124532777,0.19999995426736455,-0.09978779852378744,0.30010226501224124,-0.39995041847067797,0.09985855475602014,0.050331186590969364
0.5000878266395793,0.19999996112168444,-0.0998196066070212,0.3000870945679011,-0.39995785038059306,0.09987976331246974,0.05028154083182539
0.5000748121477848,0.19999996688217234,-0.09984633820323598,0.3000743877428497,-0.39996409626806584,0.09989759682439836,0.050239819393646044
0.5000634331943201,0.19999997191845711,-0.09986971031317776,0.3000631624431264,-0.3999695572353436,0.09991317965917124,0.05020334201970658
0.5000540830244499,0.1999999760576698,-0.0998889153707023,0.30005407510269766,-0.3999740445511925,0.09992598608385206,0.05017336811296808
0.5000460644885151,0.19999997960700824,-0.09990538522117574,0.3000459622621952,-0.39997789279389356,0.09993696427020847,0.0501476634864102
0.5000391057762607,0.1999999826889764,-0.09991967826121176,0.30003905214085136,-0.399981232405642,0.09994649423081457,0.050125355997128654
0.5000334781878951,0.19999998518013865,-0.09993123714097724,0.30003355519136826,-0.3999839331896185,0.09995419659115173,0.05010731615557268
0.5000286685293376,0.19999998730901622,-0.09994111600118424,0.30002865526913963,-0.39998624143463934,0.09996077803672053,0.05009189842292182
0.5000238611592663,0.19999998943581007,-0.09995099015089391,0.30002387253925783,-0.39998854858222166,0.09996735566760816,0.05007648809825339
0.5000197056765051,0.19999999127431042,-0.09995952534716745,0.3000197363457039,-0.3999905428768166,0.09997304116539196,0.05006316745884202
0.5000162909554355,0.19999999278526726,-0.09996653904678318,0.3000163341548226,-0.39999218166585704,0.09997771302091213,0.050052221387487224
0.5000135863825436,0.19999999398222007,-0.09997209412951413,0.30001363575488166,-0.3999934796413227,0.0999814131836199,0.050043551744239925
0.5000114943795358,0.19999999490795467,-0.09997639101722623,0.30001154300807625,-0.3999944836330654,0.09998427518424294,0.05003684573446256
0.5000098503308892,0.1999999956355329,-0.0999797678246961,0.30000989531516187,-0.39999527264303547,0.09998652430976149,0.05003157566686894
0.5000085318051825,0.19999999621918033,-0.09998247602152296,0.30000857222015975,-0.39999590542834296,0.0999883280905542,0.050027349078246804
0.5000074514558869,0.19999999669753107,-0.09998469501402957,0.3000074872858479,-0.3999964239082389,0.09998980603625372,0.05002388597399219
0.5000063711065913,0.1999999971758818,-0.09998691400653617,0.30000640235153603,-0.3999969423881349,0.09999128398195324,0.05002042286973758
0.500005594475844,0.1999999975199319,-0.09998850917404024,0.30000562194445307,-0.3999973151077072,0.09999234643894038,0.05001793334685658
0.5000048178450968,0.19999999786398198,-0.09999010434154432,0.3000048415373701,-0.3999976878272795,0.09999340889592752,0.050015443823975575
0.5000042903148205,0.19999999809782212,-0.0999911878672087,0.300004311228256,-0.3999979409988148,0.09999413058286576,0.05001375280216925
0.5000037627845443,0.19999999833166227,-0.09999227139287309,0.30000378091914187,-0.3999981941703501,0.099994852269804,0.050012061780362924
0.500003235254268,0.1999999985655024,-0.09999335491853747,0.30000325061002775,-0.3999984473418854,0.09999557395674223,0.0500103707585566
0.5000029295923067,0.1999999987010804,-0.09999398273591713,0.3000029433434746,-0.39999859403466403,0.09999599212410915,0.050009390944628335
0.5000026239303454,0.1999999988366584,-0.09999461055329678,0.3000026360769214,-0.3999987407274427,0.09999641029147607,0.05000841113070007
0.5000023182683841,0.1999999989722364,-0.09999523837067643,0.3000023288103682,-0.3999988874202213,0.099996828458843,0.05000743131677181
0.5000020126064229,0.19999999910781438,-0.09999586618805609,0.300002021543815,-0.399999034113,0.09999724662620993,0.050006451502843545
0.5000017069444616,0.19999999924339237,-0.09999649400543574,0.30000171427726186,-0.3999991808057786,0.09999766479357684,0.05000547168891528
0.5000014012825003,0.19999999937897037,-0.0999971218228154,0.3000014070107087,-0.39999932749855727,0.09999808296094376,0.05000449187498702
0.5000013341993832,0.19999999940871194,-0.09999725960884681,0.3000013397736872,-0.3999993596929828,0.09999817473727349,0.05000427683671708
0.5000012671162661,0.1999999994384535,-0.09999739739487823,0.3000012725366657,-0.3999993918874083,0.09999826651360322,0.05000406179844714
0.5000012000331491,0.19999999946819508,-0.09999753518090963,0.3000012052996442,-0.3999994240818338,0.09999835828993295,0.05000384676017719
0.500001132950032,0.19999999949793665,-0.09999767296694104,0.30000113806262263,-0.3999994562762593,0.09999845006626268,0.05000363172190724
0.500001065866915,0.19999999952767822,-0.09999781075297245,0.3000010708256011,-0.39999948847068484,0.09999854184259241,0.0500034166836373
0.5000009987837979,0.19999999955741982,-0.09999794853900387,0.3000010035885796,-0.39999952066511035,0.09999863361892214,0.05000320164536736
0.5000009317006808,0.1999999995871614,-0.09999808632503528,0.3000009363515581,-0.39999955285953587,0.09999872539525187,0.05000298660709741
0.5000008646175638,0.19999999961690296,-0.0999982241110667,0.3000008691145366,-0.3999995850539614,0.0999988171715816,0.05000277156882747
0.5000007975344467,0.19999999964664453,-0.09999836189709811,0.30000080187751504,-0.3999996172483869,0.09999890894791133,0.05000255653055753
0.5000007304513296,0.1999999996763861,-0.09999849968312952,0.30000073464049354,-0.3999996494428124,0.09999900072424106,0.050002341492287584
0.5000006633682126,0.19999999970612767,-0.09999863746916092,0.30000066740347203,-0.3999996816372379,0.09999909250057079,0.050002126454017644
0.5000005962850955,0.19999999973586924,-0.09999877525519234,0.3000006001664505,-0.39999971383166344,0.09999918427690052,0.0500019114157477
0.5000005292019785,0.1999999997656108,-0.09999891304122376,0.300000532929429,-0.39999974602608895,0.09999927605323025,0.05000169637747776
0.5000004621188614,0.19999999979535238,-0.09999905082725517,0.3000004656924075,-0.39999977822051447,0.09999936782955998,0.05000148133920782
0.5000003950357443,0.19999999982509395,-0.09999918861328659,0.300000398455386,-0.39999981041494,0.09999945960588971,0.05000126630093788
0.5000003279526273,0.19999999985483552,-0.099999326399318,0.3000003312183645,-0.3999998426093655,0.09999955138221944,0.050001051262667934
0.5000002608695102,0.1999999998845771,-0.09999946418534941,0.300000263981343,-0.399999874803791,0.09999964315854917,0.05000083622439799
0.5000001937863932,0.19999999991431866,-0.09999960197138083,0.3000001967443215,-0.3999999069982165,0.0999997349348789,0.05000062118612805
0.5000001267032761,0.19999999994406026,-0.09999973975741225,0.3000001295073,-0.39999993919264204,0.09999982671120863,0.05000040614785811
0.500000059620159,0.19999999997380183,-0.09999987754344367,0.3000000622702785,-0.39999997138706755,0.09999991848753836,0.05000019110958817
0.49999999253704197,0.2000000000035434,-0.10000001532947507,0.29999999503325697,-0.40000000358149307,0.1000000102638681,0.049999976071318224
0.4999999254539249,0.20000000003328497,-0.10000015311550649,0.29999992779623547,-0.4000000357759186,0.10000010204019782,0.04999976103304828
0.49999985837080785,0.20000000006302654,-0.1000002909015379,0.29999986055921396,-0.4000000679703441,0.10000019381652756,0.04999954599477834
0.4999997912876908,0.2000000000927681,-0.10000042868756931,0.29999979332219245,-0.4000001001647696,0.10000028559285729,0.0499993309565084
0.4999997242045737,0.20000000012250968,-0.10000056647360073,0.29999972608517095,-0.4000001323591951,0.10000037736918702,0.04999911591823846
0.4999998591617437,0.2000000000625391,-0.10000028927655612,0.2999998603699103,-0.4000000675908269,0.10000019271008767,0.04999954853286563
0.4999999941189137,0.2000000000025685,-0.10000001207951151,0.2999999946546496,-0.4000000028224587,0.10000000805098834,0.0499999811474928
0.5000001290760837,0.19999999994259793,-0.0999997348824669,0.30000012893938893,-0.39999993805409045,0.099999823391889,0.05000041376211997
0.5000002640332537,0.19999999988262734,-0.09999945768542229,0.30000026322412826,-0.39999987328572223,0.09999963873278966,0.05000084637674714
0.5000003989904237,0.19999999982265676,-0.09999918048837768,0.3000003975088676,-0.399999808517354,0.09999945407369032,0.05000127899137431
0.5000005339475937,0.19999999976268618,-0.09999890329133307,0.3000005317936069,-0.3999997437489858,0.09999926941459099,0.05000171160600148
0.5000006689047637,0.1999999997027156,-0.09999862609428846,0.30000066607834625,-0.39999967898061756,0.09999908475549166,0.050002144220628646
0.5000006063129813,0.19999999973055685,-0.09999875465556729,0.30000074702496926,-0.39999970901952475,0.09999917040165175,0.05000194357792978
0.5000005437211988,0.19999999975839813,-0.09999888321684612,0.3000008279715923,-0.39999973905843195,0.09999925604781185,0.050001742935230915
0.5000004811294164,0.1999999997862394,-0.09999901177812495,0.3000009089182153,-0.39999976909733914,0.09999934169397194,0.05000154229253205
0.500000418537634,0.19999999981408068,-0.09999914033940378,0.3000009898648383,-0.39999979913624634,0.09999942734013204,0.050001341649833185
0.5000003559458516,0.19999999984192193,-0.09999926890068261,0.3000010708114613,-0.39999982917515353,0.09999951298629214,0.05000114100713432
0.5000002933540691,0.1999999998697632,-0.09999939746196145,0.30000115175808434,-0.3999998592140607,0.09999959863245224,0.050000940364435455
0.5000002307622867,0.19999999989760445,-0.09999952602324028,0.30000123270470735,-0.3999998892529679,0.09999968427861233,0.05000073972173659
0.5000001681705043,0.19999999992544573,-0.09999965458451912,0.30000131365133037,-0.3999999192918751,0.09999976992477243,0.050000539079037724
0.5000001055787219,0.19999999995328702,-0.09999978314579795,0.3000013945979534,-0.3999999493307823,0.09999985557093252,0.05000033843633886
0.5000000429869395,0.19999999998112827,-0.09999991170707678,0.3000014755445764,-0.3999999793696895,0.09999994121709262,0.050000137793639994
0.4999999803951571,0.20000000000896953,-0.10000004026835563,0.3000015564911994,-0.4000000094085967,0.10000002686325273,0.049999937150941136
0.4999999178033747,0.20000000003681082,-0.10000016882963447,0.30000163743782243,-0.4000000394475039,0.10000011250941282,0.04999973650824228
0.49999985521159235,0.20000000006465207,-0.1000002973909133,0.30000171838444545,-0.4000000694864111,0.10000019815557291,0.04999953586554341
0.49999979261981,0.20000000009249336,-0.10000042595219215,0.30000179933106846,-0.4000000995253183,0.10000028380173301,0.04999933522284455
0.4999997300280276,0.20000000012033464,-0.100000554513471,0.3000018802776915,-0.4000001295642255,0.1000003694478931,0.04999913458014569
0.49999966743624524,0.20000000014817593,-0.10000068307474984,0.3000019612243145,-0.4000001596031327,0.1000004550940532,0.04999893393744683
0.4999996048444629,0.2000000001760172,-0.10000081163602868,0.3000020421709375,-0.40000018964203987,0.10000054074021329,0.049998733294747966
0.49999969635520425,0.20000000013521083,-0.10000062367595788,0.30000182941561554,-0.40000014572445874,0.10000041550867354,0.04999902664104923
0.4999997878659456,0.20000000009440444,-0.10000043571588708,0.30000161666029357,-0.4000001018068776,0.1000002902771338,0.04999931998735049
0.499999879376687,0.20000000005359805,-0.10000024775581629,0.3000014039049716,-0.4000000578892965,0.10000016504559404,0.04999961333365176
0.49999997088742837,0.20000000001279167,-0.10000005979574549,0.3000011911496496,-0.40000001397171536,0.1000000398140543,0.04999990667995302
0.5000000623981697,0.19999999997198528,-0.09999987183567469,0.30000097839432766,-0.39999997005413424,0.09999991458251455,0.050000200026254285
0.5000001539089111,0.1999999999311789,-0.09999968387560389,0.3000007656390057,-0.3999999261365531,0.09999978935097481,0.05000049337255555
0.5000002454196524,0.1999999998903725,-0.09999949591553309,0.3000005528836837,-0.399999882218972,0.09999966411943506,0.05000078671885681
0.5000003369303937,0.19999999984956615,-0.0999993079554623,0.30000034012836174,-0.39999983830139085,0.09999953888789531,0.05000108006515808
0.500000428441135,0.19999999980875977,-0.0999991199953915,0.30000012737303977,-0.3999997943838097,0.09999941365635556,0.05000137341145934
0.5000005199518763,0.19999999976795338,-0.09999893203532072,0.2999999146177178,-0.3999997504662286,0.09999928842481581,0.05000166675776061
0.5000004216288347,0.19999999981185743,-0.09999913398779813,0.29999955205568557,-0.39999979765312194,0.09999942298722014,0.05000135157302933
0.5000003233057931,0.19999999985576147,-0.09999933594027553,0.29999918949365334,-0.3999998448400153,0.09999955754962447,0.05000103638829805
0.5000002249827515,0.19999999989966552,-0.09999953789275294,0.2999988269316211,-0.3999998920269086,0.0999996921120288,0.05000072120356677
0.5000001266597099,0.19999999994356957,-0.09999973984523035,0.2999984643695889,-0.39999993921380195,0.09999982667443313,0.0500004060188355
0.5000000283366683,0.19999999998747361,-0.09999994179770776,0.29999810180755665,-0.3999999864006953,0.09999996123683746,0.05000009083410423
0.4999999300136267,0.20000000003137763,-0.10000014375018516,0.2999977392455244,-0.4000000335875886,0.1000000957992418,0.04999977564937295
0.49999983169058504,0.20000000007528168,-0.10000034570266257,0.2999973766834922,-0.40000008077448196,0.10000023036164613,0.04999946046464167
0.4999997333675434,0.2000000001191857,-0.10000054765513998,0.29999701412145996,-0.4000001279613753,0.10000036492405046,0.049999145279910395
0.49999974978263934,0.20000000011181726,-0.10000051393893965,0.2999972852266859,-0.40000012008350966,0.10000034245359388,0.049999197900804634
0.4999997661977353,0.20000000010444885,-0.10000048022273932,0.29999755633191183,-0.400000112205644,0.1000003199831373,0.049999250521698874
0.49999978261283123,0.2000000000970804,-0.10000044650653897,0.29999782743713777,-0.4000001043277784,0.10000029751268073,0.04999930314259311
0.4999997990279272,0.200000000089712,-0.10000041279033864,0.2999980985423637,-0.40000009644991275,0.10000027504222415,0.04999935576348735
0.49999981544302313,0.2000000000823436,-0.1000003790741383,0.29999836964758964,-0.4000000885720471,0.10000025257176758,0.04999940838438159
0.4999998318581191,0.20000000007497515,-0.10000034535793796,0.29999864075281557,-0.40000008069418147,0.100000230101311,0.04999946100527583
0.49999984827321503,0.20000000006760674,-0.10000031164173762,0.2999989118580415,-0.40000007281631583,0.10000020763085442,0.04999951362617006
0.499999864688311,0.20000000006023833,-0.10000027792553728,0.29999918296326744,-0.4000000649384502,0.10000018516039784,0.0499995662470643
0.49999988110340693,0.2000000000528699,-0.10000024420933694,0.2999994540684934,-0.40000005706058456,0.10000016268994126,0.04999961886795854
0.4999998975185029,0.20000000004550147,-0.1000002104931366,0.29999972517371937,-0.4000000491827189,0.10000014021948468,0.04999967148885277
0.4999999139335988,0.20000000003813304,-0.10000017677693625,0.2999999962789453,-0.4000000413048533,0.1000001177490281,0.04999972410974701
0.4999999303486948,0.20000000003076462,-0.1000001430607359,0.30000026738417124,-0.40000003342698764,0.10000009527857152,0.049999776730641245
0.4999999467637907,0.20000000002339618,-0.10000010934453556,0.3000005384893972,-0.400000025549122,0.10000007280811495,0.049999829351535484
0.4999999631788867,0.20000000001602777,-0.10000007562833522,0.3000008095946231,-0.40000001767125637,0.10000005033765837,0.04999988197242972
0.4999999795939826,0.20000000000865936,-0.10000004191213488,0.30000108069984904,-0.40000000979339073,0.10000002786720179,0.049999934593323955
0.4999999960090786,0.20000000000129095,-0.10000000819593455,0.300001351805075,-0.4000000019155251,0.10000000539674521,0.049999987214218194
0.5000000124241746,0.19999999999392254,-0.09999997447973422,0.3000016229103009,-0.39999999403765946,0.09999998292628863,0.050000039835112434
0.5000000288392705,0.1999999999865541,-0.09999994076353387,0.30000189401552685,-0.3999999861597938,0.09999996045583205,0.050000092456006666
0.5000000452543665,0.19999999997918566,-0.09999990704733352,0.3000021651207528,-0.3999999782819282,0.09999993798537547,0.0500001450769009
0.5000000616694624,0.19999999997181722,-0.09999987333113318,0.3000024362259787,-0.39999997040406254,0.0999999155149189,0.05000019769779513
0.5000000780845584,0.1999999999644488,-0.09999983961493283,0.30000270733120465,-0.3999999625261969,0.09999989304446232,0.05000025031868936
0.5000000944996543,0.19999999995708037,-0.0999998058987325,0.3000029784364306,-0.39999995464833127,0.09999987057400574,0.0500003029395836
0.5000001109147503,0.19999999994971193,-0.09999977218253216,0.3000032495416565,-0.39999994677046563,0.09999984810354916,0.050000355560477834
0.5000001273298462,0.1999999999423435,-0.09999973846633183,0.30000352064688246,-0.3999999388926,0.09999982563309258,0.05000040818137207
0.5000001437449422,0.19999999993497505,-0.0999997047501315,0.3000037917521084,-0.39999993101473436,0.099999803162636,0.05000046080226631
0.5000001252198492,0.19999999994361684,-0.09999974280106201,0.3000035578110002,-0.39999993990508187,0.09999982856407236,0.05000040141254978
