0.0,1.0323,0.0,0.8247,0.0,1.57,0.0
0.0040230642179345365,1.0323527323071702,0.007755463678507571,0.8286695902869394,0.0018394897493910082,1.566134580910994,0.011686899653763889
0.012311253813692389,1.0324688071441384,0.02369241527153354,0.8368403012605853,0.0056062034861767245,1.558193280735381,0.03570958016695459
0.023365687180199008,1.0326381578515476,0.04487614794361576,0.8477265264988861,0.01058745956763724,1.547643346077013,0.06765817599289389
0.035342722453690655,1.0328409843176396,0.06772841252224211,0.8595038175636385,0.015923661944881908,1.5362688511157259,0.10214025522907713
0.046785001231619834,1.0330581583881786,0.08942899170789673,0.8707312491448259,0.020942681923589456,1.5254744840828256,0.13490647796204347
0.05685002847873829,1.0332778014221373,0.10835764546307956,0.8805781929708406,0.025262962349939782,1.5160668578543892,0.1635156603626319
0.06524798529221863,1.0334933896812284,0.12396974931598095,0.8887611222417983,0.028761092903502164,1.5083159803111033,0.18714612797703306
0.07206119298034996,1.0337029050630158,0.13644184897067668,0.8953645554465032,0.03148532381397873,1.5021328990737557,0.2060616443181499
0.07755659187842541,1.0339070077790524,0.14630567197942929,0.9006550955069378,0.03356758856683288,1.4972520015937443,0.2210606304458115
0.0820448322987415,1.0341074419351493,0.15417454304430148,0.9049420000817642,0.03515809794550242,1.4933673179863267,0.2330644736319316
0.08579911294710628,1.0343060023177526,0.16058605777598048,0.908496853810756,0.036387976126338636,1.490210688034356,0.24288097548580925
0.08902356686712708,1.0345040177810931,0.1659416980207849,0.9115225572927788,0.03735508687009263,1.4875818679496657,0.25111330045206887
0.09185369921066285,1.034702260840024,0.17050836820928778,0.9141538669952871,0.03812467102983887,1.485347679487437,0.2581623426901002
0.09437206741922782,1.0349010388795499,0.17444940352238866,0.9164730212574946,0.03873694555840514,1.4834265534866569,0.2642733015184481
0.09662733154981981,1.0351003595312445,0.17786188779279702,0.9185286415558129,0.03921612910537763,1.4817699361708194,0.2695917905851775
0.09865019070200516,1.035300087715443,0.18080775922182665,0.920351528123268,0.03957793304727067,1.4803467972122006,0.2742106134142932
0.10046395741325072,1.0355000565651422,0.1833343958497558,0.9219651311652488,0.03983449944547291,1.4791333787418044,0.27820072039559895
0.1020900867750704,1.0357001281692266,0.18548536041877722,0.9233910248524764,0.03999697069672019,1.4781078449510399,0.28162736118817894
0.10355010035105755,1.0359002139249285,0.1873041262243902,0.9246508093778577,0.04007637899211566,1.4772484252654172,0.28455568797993913
0.10486549317081806,1.0361002710139833,0.18883389256399125,0.9257660174346142,0.040083604374793684,1.4765335034558205,0.287050474782076
0.10605686769848703,1.0363002888306905,0.19011591398750696,0.9267572603334592,0.04002898047356803,1.4759424474436915,0.28917360058260955
0.10714305904788093,1.0365002744041891,0.19118782039300553,0.927643365721902,0.03992190147065653,1.4754564442528628,0.29098151870284555
0.10814058964427456,1.0367002408304622,0.19208258309760431,0.9284408425736208,0.03977058470753117,1.4750590123993532,0.29252369788038385
0.10906350996898978,1.0369002004312164,0.1928282315970181,0.9291637283359966,0.039582013098136776,1.4747361407964061,0.29384219279230966
0.1099235372350154,1.0371001617287985,0.1934481472138183,0.9298237306050661,0.039362014496019296,1.4744761412298077,0.2949720825645368
0.11073036111553508,1.037300129126866,0.19396167749036305,0.9304305333194784,0.03911541611300271,1.474269340855346,0.2959423924674576
0.11149200178998332,1.0375001038022365,0.19438484826237062,0.9309921540560331,0.03884622083961932,1.474107726511269,0.29677716281105304
0.11221514609309213,1.037700085013758,0.19473102963100894,0.9315152790060481,0.03855777144912141,1.473984612280675,0.29749644889879806
0.11290542433803233,1.0379000712081934,0.19501148398930984,0.9320055388201497,0.03825288548216282,1.4738943658978931,0.2981171438713437
0.11356762113462945,1.038100060789708,0.1952357836878635,0.9324677186761048,0.03793395822905705,1.4738322001888835,0.2986536057470225
0.1142058290245171,1.0383000525039687,0.19541211621104523,0.9329059115489575,0.037603038320975196,1.4737940206137552,0.2991181154058336
0.11482355967652776,1.0385000455331455,0.19554750586447217,0.9333236292841088,0.03726188291129442,1.473776314454316,0.29952120918159686
0.11542382767404596,1.0387000394232049,0.19564798147848236,0.933723886402589,0.03691199968141287,1.4737760669111992,0.29987193038624205
0.1160092167528694,1.0389000339715784,0.19571870932595528,0.9341092664219791,0.036554680262059706,1.4737906945904766,0.3001780286111962
0.11658193619831576,1.0391000291095243,0.19576410640992076,0.9344819783414153,0.036191028754094606,1.4738179888103733,0.3004461295837145
0.11714387043137295,1.039300024820528,0.1957879400002128,0.9348439062967089,0.03582198676409171,1.4738560657937647,0.3006818844260939
0.11769662388804299,1.0395000210923209,0.195793417602925,0.9351966544768716,0.03544835598157994,1.4739033216663004,0.3008901045792802
0.11824156118942353,1.0397000178948526,0.19578326737362045,0.9355415873071908,0.03507081831627436,1.4739583922376838,0.301074882417401
0.11877984261494628,1.0399000151798001,0.19575980904943382,0.9358798649190606,0.03468995363227828,1.474020117534686,0.30123969764916475
0.11931245491978146,1.0401000128878164,0.19572501553058907,0.9362124739584151,0.03430625512938805,1.474087511010346,0.30138750970141504
0.11984023772641261,1.0403000109564666,0.19568056560226454,0.9365402539650924,0.03392014250478949,1.4741597331853757,0.30152083680876135
0.12036390589053383,1.040500009326808,0.1956278886147955,0.936863919730042,0.03353197310782925,1.474236069308882,0.3016418230415717
0.12088406835031731,1.0407000079474573,0.1955682021451966,0.9371840801378016,0.033142051345571695,1.4743159105277017,0.3017522948030024
0.12140124399192503,1.040900006775949,0.19550254370667733,0.9375012540279994,0.032750636605555106,1.4743987380307524,0.3018538083960629
0.12191587502979744,1.0411000057780444,0.19543179749857842,0.937815883573703,0.03235794994192932,1.4744841096726868,0.3019476901494063
0.122428338331188,1.0413000049264247,0.19535671705115865,0.9381283456052685,0.031964179737641554,1.4745716486502352,0.3020350703848241
0.12293895503772069,1.0415000041990723,0.19527794446729377,0.9384389612317322,0.03156948651635918,1.4746610338799067,0.3021169122799288
0.12344799886649627,1.0417000035779183,0.1951960270239369,0.9387480041418236,0.031174007094259413,1.4747519916961092,0.3021940367705389
0.12395570289992662,1.0419000030477896,0.19511143075062184,0.9390557073935761,0.030777857975647964,1.474844289061081,0.3022671429184204
0.12446226563578362,1.0421000025957357,0.19502455252769266,0.9393622694640256,0.030381138378020596,1.4749377275150384,0.3023368260589251
0.1249678561388177,1.0423000022105613,0.1949357303871753,0.9396678594003589,0.029983932807432268,1.475032138025178,0.3024035932526388
0.12547261842081303,1.0425000018825596,0.19484525227040517,0.9399726211995492,0.02958631324787102,1.4751273766064705,0.3024678764221214
0.12597667516276045,1.0427000016033239,0.194753363469961,0.940276677530084,0.029188341021585944,1.475223320600346,0.3025300435151445
0.1264801308786208,1.0429000013656178,0.19466027295503938,0.9405801328953478,0.028790068370269272,1.4753198655117192,0.3025904079930417
0.12698307460619185,1.043100001163239,0.19456615875140437,0.9408830763241665,0.02839153979991328,1.475416922318763,0.30264923690085827
0.12748558219755327,1.0433000009909021,0.19447117252080084,0.9411855836609822,0.02799279322558244,1.4755144151829844,0.30270675773666167
0.12798771826996783,1.043500000844116,0.19437544346158014,0.9414877195165425,0.027593860946528215,1.4756122794987199,0.30276316430263
0.12848953785014208,1.0437000007190727,0.19427908159627622,0.9417895389119932,0.02719477046806915,1.4757104602491826,0.3028186216365362
0.12899108782991506,1.0439000006125412,0.19418218068219276,0.9420910887344226,0.026795545229238063,1.4758089105510235,0.3028732703777281
0.12949240816061725,1.0441000005217778,0.19408482059947715,0.9423924089311064,0.02639620519980541,1.4759075904601693,0.30292723034932156
0.12999353287486007,1.0443000004444498,0.19398706939414864,0.9426935335311973,0.025996767391039382,1.4760064659502061,0.30298060362281476
0.13049449096058088,1.0445000003785707,0.19388898502571503,0.9429944915196847,0.025597246292612535,1.476105508038479,0.3030334771395734
0.13099530710792934,1.0447000003224483,0.19379061686053614,0.9432953075842075,0.025197654245941673,1.4762046920393377,0.30308592495092934
0.1314960022390366,1.0449000002746471,0.193692006731068,0.9435960026447708,0.024798001708996473,1.4763039970344598,0.3031380098070843
0.13199659410477935,1.0451000002339483,0.19359319012905285,0.9438965944504485,0.02439829755459262,1.4764034052761974,0.30318978494693843
0.1324970978223265,1.0453000001993127,0.19349419728030817,0.9441970981168748,0.023998549339084328,1.4765029016501279,0.3032412957103134
0.13299752656498456,1.045500000169834,0.19339505452402572,0.9444975268160198,0.023598763647183513,1.476602472985336,0.3032925816069509
0.13349789163801357,1.045700000144734,0.19329578446435833,0.9447978918519968,0.02319894612985502,1.4767021079786127,0.30334367654389877
0.1339982026472048,1.0459000001233518,0.1931964063074787,0.9450982028296226,0.02279910158857971,1.4768017970259095,0.3033946093311118
0.1344984677095967,1.0461000001051286,0.19309693628289193,0.9453984678651124,0.022399234080680976,1.476901532011661,0.30344540431343536
0.13499869367310288,1.0463000000895935,0.19299738808256736,0.9456986938056847,0.021999347029106265,1.4770013060891962,0.30349608202931955
0.13549888632792478,1.046500000076348,0.19289777328364527,0.9459988864409535,0.021599443328102486,1.4771011134693655,0.3035466598448942
0.13599905058756256,1.0467000000650546,0.19279810171035697,0.9462990506839202,0.021199525433694966,1.477200949239561,0.3035971524968623
0.13649919063343316,1.0469000000554258,0.1926983817231797,0.9465991907155772,0.02079959543597532,1.4773008092191258,0.3036475725262427
0.13699931002991592,1.0471000000472166,0.19259862044886333,0.9468993100999422,0.020399655116607393,1.4774006898443277,0.3036979306234183
0.13749941152563794,1.0473000000402375,0.19249882338311358,0.9471994115853632,0.01999970584949891,1.4775005883670378,0.3037482350321473
0.13799949798196057,1.047500000034292,0.19239899624704052,0.9474994980329112,0.01959974906490854,1.477600501926415,0.30379849433430206
0.13849957170074087,1.0477000000292225,0.19229914364306047,0.9477995717442097,0.019199785913425697,1.477700428221021,0.3038487154336734
0.13899963451073677,1.0479000000249028,0.1921992692276589,0.9480996345478309,0.018799817309159538,1.4778003654224305,0.30389890381512213
0.13949968778834773,1.0481000000212377,0.19209937575285996,0.9483996878200346,0.018399843940106353,1.477900312154492,0.30394906360678464
0.13999973325551263,1.04830000001811,0.19199946666156992,0.948699733282585,0.017999866666982237,1.4780002666955816,0.30399919997314445
0.14049977175629208,1.0485000000154603,0.19189954364143552,0.9489997717794569,0.01759988591169241,1.4781002282017897,0.30404931544573344
0.14099980467318582,1.0487000000131954,0.19179960945667557,0.9492998046930099,0.017199902365283636,1.4782001952908708,0.3040994141709792
0.14149983206363864,1.0489000000113098,0.1916996642221486,0.9495998320806828,0.016799916056469157,1.4783001679053878,0.30414949632117433
0.1419998546923047,1.049100000009751,0.19159970946673197,0.9498998547070522,0.016399927367463346,1.4784001452808258,0.30419956418969024
0.14249987396377603,1.0493000000084243,0.19149974799881656,0.9501998739765676,0.01599993700035588,1.478500126012851,0.30424962198921424
0.14299989020658296,1.0495000000073054,0.1913997804752794,0.950499890217726,0.015599945119362718,1.47860010977299,0.3042996707050863
0.1434999039074787,1.0497000000063605,0.1912998078693529,0.9507999039172311,0.015199951967788512,1.478700096074577,0.30434971179719056
0.14399991553776742,1.0499000000055576,0.19119983112337982,0.9510999155463394,0.014799957781215905,1.478800084446394,0.3043997466790752
0.1444999254947125,1.0501000000048695,0.19109985103166272,0.9513999255022739,0.014399962758218098,1.47890007449125,0.30444977654222277
0.14499993409317882,1.0503000000042746,0.19099986822375375,0.9516999340998675,0.013999967056181221,1.4790000658943376,0.30449980233098417
0.1454999415761585,1.0505000000037563,0.19089988318550008,0.9519999415820878,0.013599970796565579,1.4791000584127096,0.30454982477414766
0.14599994794365156,1.0507000000033149,0.1907998959169017,0.9522999479489346,0.013199973979371168,1.4792000520463657,0.3045998438717132
0.14649995351679687,1.0509000000029283,0.19069990706005516,0.9525999535215143,0.012799976765120144,1.4793000464742259,0.30464986058684884
0.1469999582955944,1.0511000000025965,0.19059991661496048,0.9528999582998268,0.012399979153812506,1.4794000416962898,0.30469987491955464
0.14749996254397496,1.0513000000023016,0.19049992510933048,0.9531999625477762,0.011999981277374772,1.479500037448675,0.30474988766141886
0.14799996626193856,1.0515000000020434,0.19039993254316515,0.9534999662653625,0.011599983135806942,1.4796000337313815,0.3047998988124415
0.1484999694494852,1.051700000001822,0.1902999389164645,0.9537999694525856,0.011199984729109012,1.4797000305444092,0.3048499083726226
0.148999972337716,1.0519000000016214,0.19019994469130053,0.9540999723405234,0.010799986172797437,1.479800027656699,0.30489991703508695
0.14949997492663095,1.0521000000014418,0.19009994986767326,0.9543999749291756,0.010399987466872214,1.4799000250682508,0.3049499247998345
0.14999997721623004,1.052300000001283,0.18999995444558268,0.9546999772185424,0.009999988611333343,1.4800000227790646,0.3049999316668653
0.15049997920651328,1.0525000000011449,0.1898999584250288,0.9549999792086237,0.009599989606180824,1.4801000207891404,0.30504993763617927
0.15099998089748068,1.0527000000010276,0.1897999618060116,0.9552999808994195,0.009199990451414657,1.4802000190984783,0.30509994270777646
0.15149998228913222,1.0529000000009312,0.1896999645885311,0.9555999822909298,0.008799991147034843,1.4803000177070782,0.30514994688165686
0.15199998361696507,1.0531000000008393,0.18959996724344913,0.9558999836186278,0.008399991810755106,1.4804000163794853,0.30519995086413043
0.15249998488097918,1.0533000000007517,0.18949996977076566,0.9561999848825137,0.00799999244257545,1.4805000151156995,0.3052499546551971
0.1529999860811746,1.0535000000006687,0.1893999721704807,0.9564999860825872,0.0075999930424958725,1.480600013915721,0.30529995825485695
0.15349998721755131,1.05370000000059,0.1892999744425943,0.9567999872188486,0.007199993610516375,1.4807000127795495,0.3053499616631099
0.15399998829010933,1.0539000000005159,0.1891999765871064,0.9570999882912977,0.006799994146636957,1.4808000117071853,0.30539996487995597
0.15449998929884864,1.0541000000004461,0.18909997860401703,0.9573999892999346,0.006399994650857619,1.4809000106986283,0.3054499679053952
0.15499999024376926,1.0543000000003808,0.18899998049332617,0.9576999902447593,0.00599999512317836,1.4810000097538785,0.30549997073942753
0.15549999112487115,1.05450000000032,0.18889998225503382,0.9579999911257717,0.00559999556359918,1.4811000088729358,0.30554997338205303
0.15599999194215433,1.0547000000002635,0.18879998388914,0.9582999919429719,0.00519999597212008,1.4812000080558003,0.30559997583327164
0.15649999269561882,1.0549000000002113,0.18869998539564467,0.9585999926963599,0.00479999634874106,1.481300007302472,0.30564997809308336
0.1569999933852646,1.0551000000001636,0.18859998677454787,0.9588999933859356,0.004399996693462119,1.481400006612951,0.30569998016148825
0.1574999940110917,1.0553000000001203,0.18849998802584958,0.9591999940116991,0.003999997006283258,1.481500005987237,0.30574998203848625
0.15799999457310007,1.0555000000000814,0.1883999891495498,0.9594999945736503,0.003599997287204476,1.4816000054253302,0.30579998372407735
0.15849999507128973,1.055700000000047,0.18829999014564855,0.9597999950717894,0.003199997536225774,1.4817000049272309,0.3058499852182616
0.15899999550566069,1.055900000000017,0.1881999910141458,0.9600999955061161,0.002799997753347151,1.4818000044929387,0.305899986521039
0.15949999587621294,1.0560999999999914,0.18809999175504158,0.9603999958766307,0.002399997938568608,1.4819000041224537,0.30594998763240955
0.1599999961829465,1.0562999999999703,0.1879999923683359,0.960699996183333,0.001999998091890144,1.482000003815776,0.3059999885523732
0.16049999642586135,1.0564999999999536,0.18789999285402872,0.9609999964262231,0.00159999821331176,1.4821000035729053,0.30604998928092997
0.1609999966049575,1.0566999999999414,0.18779999321212007,0.961299996605301,0.0011999983028334554,1.4822000033938418,0.3060999898180799
0.16149999672023493,1.0568999999999336,0.18769999344260993,0.9615999967205666,0.0007999983604552303,1.4823000032785856,0.30614999016382294
0.16199999677169366,1.0570999999999302,0.1875999935454983,0.96189999677202,0.0003999983861770847,1.4824000032271365,0.30619999031815914
0.1624999967593337,1.0572999999999313,0.1874999935207852,0.9621999967596612,-1.620000981397609e-09,1.4825000032394946,0.30624999028108846
0.162999996683155,1.0574999999999368,0.1873999933684706,0.9624999966834901,-0.000400001658078968,1.4826000033156599,0.3062999900526109
0.16349999654315764,1.0576999999999468,0.18729999308855452,0.9627999965435068,-0.000800001728056875,1.4827000034556324,0.30634998963272647
0.16399999633934156,1.057899999999961,0.18719999268103696,0.9630999963397112,-0.0012000018299347026,1.482800003659412,0.30639998902143517
0.1644999960717068,1.0580999999999796,0.1870999921459179,0.9633999960721035,-0.0016000019637124505,1.4829000039269988,0.306449988218737
0.16499999574025329,1.0583000000000027,0.18699999148319738,0.9636999957406834,-0.002000002129390119,1.4830000042583928,0.30649998722463195
0.1654999955524795,1.0585000000000158,0.18689999110775543,0.9639999955529286,-0.0024000022232492403,1.4831000044461329,0.30654998666145533
0.16599999550838537,1.0587000000000188,0.1867999910195921,0.9642999955088389,-0.0028000022452898143,1.483200004490219,0.30659998652920717
0.16649999560797094,1.0589000000000117,0.18669999121870737,0.9645999956084145,-0.003200002195511841,1.483300004390651,0.3066499868278874
0.1669999958512362,1.0590999999999946,0.18659999170510122,0.9648999958516552,-0.0036000020739153206,1.4834000041474291,0.30669998755749606
0.16749999623818115,1.0592999999999673,0.18649999247877366,0.9651999962385611,-0.004000001880500253,1.4835000037605532,0.30674998871803316
0.1679999967688058,1.05949999999993,0.1863999935397247,0.9654999967691322,-0.004400001615266638,1.4836000032300234,0.30679999030949867
0.16849999744311014,1.0596999999998826,0.18629999488795435,0.9657999974433685,-0.004800001278214476,1.4837000025558393,0.3068499923318926
0.16899999805376345,1.0598999999998397,0.1861999961089177,0.9660999980539602,-0.005200000972978375,1.483800001945295,0.30689999416338243
0.16949999860076573,1.0600999999998013,0.18609999720261475,0.9663999986009072,-0.005600000699558336,1.4839000013983905,0.30694999580396815
0.16999999908411698,1.0602999999997673,0.18599999816904553,0.9666999990842097,-0.006000000457954359,1.4840000009151257,0.30699999725364974
0.1704999995038172,1.060499999999738,0.18589999900821,0.9669999995038675,-0.006400000248166443,1.4841000004955005,0.3070499985124272
0.17099999985986641,1.060699999999713,0.1857999997201082,0.9672999998598807,-0.006800000070194589,1.484200000139515,0.30709999958030054
0.1715000001522646,1.0608999999996926,0.1857000003047401,0.9676000001522493,-0.007199999924038797,1.4842999998471693,0.30715000045726976
0.17200000038101176,1.0610999999996766,0.1856000007621057,0.9679000003809733,-0.007599999809699067,1.4843999996184631,0.3072000011433349
0.1725000005461079,1.061299999999665,0.18550000109220502,0.9682000005460527,-0.007999999727175399,1.4844999994533967,0.3072500016384959
0.173000000647553,1.0614999999996582,0.18540000129503806,0.9685000006474875,-0.008399999676467792,1.48459999935197,0.3073000019427528
0.17350000068534707,1.0616999999996557,0.1853000013706048,0.9688000006852777,-0.008799999657576246,1.4846999993141832,0.3073500020561056
0.17400000065949012,1.0618999999996577,0.18520000131890524,0.9691000006594233,-0.009199999670500763,1.4847999993400358,0.3074000019785542
0.17450000056998216,1.062099999999664,0.1851000011399394,0.9694000005699243,-0.009599999715241342,1.4848999994295282,0.30745000171009873
0.17500000041682318,1.0622999999996752,0.1850000008337073,0.9697000004167806,-0.009999999791797982,1.4849999995826604,0.3075000012507391
0.17550000020001316,1.0624999999996907,0.18490000040020887,0.9700000001999923,-0.010399999900170685,1.4850999997994323,0.30755000060047544
0.17599999991955212,1.0626999999997107,0.18479999983944417,0.9702999999195595,-0.010800000040359447,1.4852000000798438,0.30759999975930763
0.17649999957544005,1.062899999999735,0.1846999991514132,0.970599999575482,-0.011200000212364272,1.485300000423895,0.3076499987272357
0.17699999916767695,1.0630999999997641,0.1845999983361159,0.9708999991677599,-0.011600000416185158,1.485400000831586,0.30769999750425964
0.17749999869626282,1.0632999999997976,0.18449999739355233,0.9711999986963932,-0.012000000651822107,1.4855000013029165,0.30774999609037945
0.1779999981611977,1.0634999999998356,0.18439999632372248,0.9714999981613819,-0.012400000919275117,1.4856000018378868,0.30779999448559514
0.17849999776929307,1.0636999999998633,0.1842999955401333,0.9717999977695166,-0.012800001115169182,1.4857000022297218,0.3078499933101825
0.17899999752054896,1.0638999999998808,0.1841999950427848,0.9720999975207976,-0.013200001239504301,1.4858000024784217,0.3078999925641414
0.17949999741496536,1.0640999999998881,0.184099994831677,0.9723999974152246,-0.013600001292280475,1.4859000025839864,0.307949992247472
0.17999999745254228,1.0642999999998852,0.18399999490680988,0.9726999974527979,-0.014000001273497703,1.4860000025464157,0.30799999236017417
0.1804999976332797,1.064499999999872,0.18389999526818343,0.9729999976335172,-0.014400001183155986,1.48610000236571,0.308049992902248
0.18099999795717764,1.064699999999849,0.18379999591579768,0.9732999979573826,-0.014800001021255324,1.486200002041869,0.30809999387369347
0.1814999984242361,1.0648999999998157,0.1836999968496526,0.9735999984243943,-0.015200000787795716,1.4863000015748928,0.30814999527451054
0.18199999903445505,1.0650999999997721,0.18359999806974822,0.9738999990345519,-0.015600000482777163,1.4864000009647813,0.30819999710469925
0.18249999956409832,1.0652999999997343,0.18349999912873766,0.974199999564142,-0.016000000218034438,1.4865000004352313,0.30824999869322267
0.1830000000131659,1.0654999999997024,0.18340000002662088,0.9745000000131645,-0.016399999993567543,1.486599999986243,0.3083000000400808
0.1835000003816578,1.0656999999996761,0.18330000076339792,0.9748000003816194,-0.016799999809376475,1.486699999617816,0.3083500011452736
0.184000000669574,1.0658999999996557,0.18320000133906875,0.9751000006695066,-0.01719999966546124,1.4867999993299508,0.3084000020088012
0.1845000008769145,1.066099999999641,0.1831000017536334,0.9754000008768263,-0.01759999956182183,1.486899999122647,0.30845000263066347
0.18500000100367933,1.066299999999632,0.18300000200709182,0.9757000010035783,-0.01799999949845825,1.4869999989959046,0.30850000301086045
0.18550000104986847,1.066499999999629,0.18290000209944407,0.9760000010497628,-0.0183999994753705,1.4870999989497238,0.3085500031493921
0.1860000010154819,1.0666999999996316,0.1828000020306901,0.9763000010153796,-0.01879999949255858,1.4871999989841045,0.30860000304625856
0.18650000090051963,1.06689999999964,0.18270000180082996,0.9766000009004289,-0.019199999550022488,1.4872999990990468,0.3086500027014597
0.18700000070498168,1.0670999999996542,0.1826000014098636,0.9769000007049105,-0.019599999647762226,1.4873999992945506,0.30870000211499554
0.18750000042886805,1.0672999999996742,0.18250000085779106,0.9772000004288245,-0.01999999978577779,1.487499999570616,0.3087500012868661
0.1880000000721787,1.0674999999997,0.1824000001446123,0.9775000000721709,-0.020399999964069188,1.487599999927243,0.3088000002170714
0.18849999963491368,1.0676999999997314,0.18229999927032736,0.9777999996349497,-0.020800000182636412,1.4877000003644312,0.3088499989056114
0.18899999911707296,1.0678999999997687,0.1821999982349362,0.9780999991171608,-0.021200000441479464,1.487800000882181,0.3088999973524861
0.18949999851865656,1.0680999999998118,0.18209999703843888,0.9783999985188044,-0.021600000740598348,1.4879000014804924,0.3089499955576955
0.18999999806599394,1.0682999999998444,0.18199999613336743,0.9786999980661872,-0.02200000096686211,1.4880000019330755,0.3089999942000546
0.1904999977590851,1.0684999999998663,0.18189999551972186,0.9789999977593092,-0.02240000112027075,1.4881000022399304,0.3090499932795634
0.19099999759793004,1.0686999999998779,0.18179999519750217,0.9792999975981703,-0.02280000120082427,1.488200002401057,0.3090999927962219
0.19149999758252878,1.0688999999998787,0.18169999516670837,0.9795999975827706,-0.023200001208522673,1.4883000024164554,0.30914999275003013
0.1919999977128813,1.0690999999998692,0.18159999542734045,0.9798999977131101,-0.023600001143365953,1.4884000022861255,0.30919999314098806
0.1924999979889876,1.0692999999998491,0.18149999597939842,0.9801999979891888,-0.024000001005354113,1.4885000020100674,0.3092499939690957
0.19299999841084767,1.0694999999998185,0.18139999682288227,0.9804999984110067,-0.02440000079448715,1.488600001588281,0.30929999523435303
0.19349999897846154,1.0696999999997774,0.181299997957792,0.9807999989785637,-0.024800000510765068,1.4887000010207663,0.3093499969367601
0.19399999947742014,1.0698999999997412,0.18119999895542965,0.9810999994774724,-0.02520000026136035,1.4888000005218949,0.30939999843325383
0.19449999990772346,1.07009999999971,0.1810999998157952,0.9813999999077326,-0.025600000046272994,1.4889000000916668,0.3094499997238343
0.19500000026937153,1.0702999999996838,0.18100000053888865,0.9817000002693445,-0.025999999865503002,1.488999999730082,0.3095000008085015
0.19550000056236433,1.0704999999996627,0.18090000112471002,0.9820000005623079,-0.02639999971905037,1.4890999994371406,0.30955000168725544
0.19600000078670185,1.0706999999996465,0.18080000157325932,0.9823000007866229,-0.026799999606915106,1.4891999992128424,0.3096000023600961
0.1965000009423841,1.0708999999996354,0.18070000188453653,0.9826000009422896,-0.027199999529097203,1.4892999990571876,0.3096500028270235
0.1970000010294111,1.0710999999996291,0.18060000205854165,0.9829000010293079,-0.027599999485596664,1.489399998970176,0.3097000030880376
0.1975000010477828,1.071299999999628,0.18050000209527467,0.9832000010476777,-0.027999999476413486,1.4894999989518078,0.3097500031431384
0.19800000099749926,1.0714999999996317,0.1804000019947356,0.9835000009973991,-0.028399999501547674,1.489599999002083,0.30980000299232596
0.19850000087856043,1.0716999999996406,0.18030000175692446,0.9838000008784721,-0.028799999560999223,1.4896999991210012,0.30985000263560025
0.19900000069096635,1.0718999999996544,0.18020000138184122,0.9841000006908966,-0.029199999654768136,1.4897999993085627,0.30990000207296126
