0.0,1.0323,0.0,0.8247,0.0,1.57,0.0
0.002858489736091192,1.0323387136231081,0.0055045489439442315,0.8275202210413388,0.0013040659634515966,1.567258121617526,0.008294746148163556
0.009439715938201712,1.0324332226719644,0.01814778254027656,0.8340075905961032,0.004289481454939483,1.5609612003105235,0.02735249049790641
0.01922480247131401,1.0325833262164725,0.036894687683074266,0.8436441365767526,0.0086958986362443,1.5516268439835041,0.055620631054319414
0.0309683195071647,1.0327759668814922,0.05931531705810332,0.8551958213970019,0.013936597522202054,1.5404683455354538,0.08944298676192541
0.043249674790112866,1.0329960530720592,0.08265170449312222,0.8672562268344814,0.01935029784482447,1.528859727201295,0.12467034581025
0.0548501160888741,1.0332288243355003,0.10455124380038967,0.8786211472400111,0.024378836234818024,1.517973059987213,0.15775777807597702
0.06494804620107199,1.0334627205580633,0.1234399490064278,0.8884821884091488,0.028652495657914556,1.5085914445994566,0.18633138953085773
0.07316140718043804,1.033690348994994,0.13859875294313592,0.8964657922540171,0.03200694373169018,1.501072035161151,0.209303716155703
0.0794840367968985,1.0339082256166339,0.15003766011279054,0.902569800925222,0.0344529901071516,1.4954085648764235,0.2266846610129375
0.08417009116552705,1.034116703919202,0.15826332246668146,0.9070478242076547,0.036118130569842394,1.4913477716137167,0.23923327567770933
0.08760317576949633,1.034318294008191,0.16403030076868283,0.9102811618336941,0.03718697247898442,1.488513231730113,0.24808334981441785
0.09018768574208824,1.0345158144623896,0.1681299224085622,0.9126710959689102,0.037851061127830724,1.4865104585526538,0.25442524258652527
0.09227365391755529,1.0347117060383424,0.17124515978009974,0.9145645851669149,0.038274680170514094,1.4849990432129887,0.2592871309546653
0.09411802727497176,1.0349077518339693,0.1738766676984561,0.9162162445765072,0.0385776633785646,1.4837295670873707,0.2634230697711582
0.09587704841292122,1.0351047560488706,0.176328647243837,0.9177808934344908,0.0388325220758412,1.4825505079253694,0.26729143545242323
0.09762023315308736,1.0353028631773318,0.1787363550073744,0.9193273490518573,0.039071592047993084,1.481394452099953,0.2710959956951488
0.09935451059741221,1.035501870548816,0.18111391538549992,0.9208625907122412,0.039298175221348826,1.4802544210167545,0.2748580812226973
0.10104991537981207,1.035701465611124,0.18340563063340246,0.9223579442648832,0.039497894924762404,1.4791583753512725,0.27849455489394925
0.1026656636036364,1.0359013613763008,0.1855339994131823,0.9237735524035671,0.03965227080083086,1.478144904106021,0.281888712593776
0.10416625471581664,1.0361013559339205,0.18743121657225767,0.925074445691459,0.03974590758635903,1.4772476005646884,0.28493796270948196
0.10553007610718122,1.0363013390360085,0.1890560935665951,0.9262391941628114,0.03977016331321465,1.4764867235842734,0.28757954410482395
0.10675162926224836,1.036501270691761,0.19039855542393078,0.9272622351752344,0.03972458292808183,1.4758670284410982,0.28979750763016865
0.10784098981168044,1.0367011531525738,0.1914772709428852,0.9281527782201052,0.039615481445907194,1.4753787953014286,0.29161843437548096
0.1088163562684451,1.0369010067900324,0.19232773191209535,0.9289285988417968,0.039452146331611745,1.4750040212564814,0.29309514865746217
0.1096996482804575,1.0371008540222104,0.19299335031637946,0.9296115341127866,0.03924505914500773,1.4747209947209472,0.2942929183925343
0.11051252696652619,1.0373007116676263,0.1935173948235596,0.9302233886941087,0.03900425094461457,1.4745082328582835,0.2952771167432607
0.11127368298746207,1.0375005889136026,0.19393742956140722,0.9307831068515675,0.03873822764059308,1.4743471716170735,0.2961046648014719
0.11199749622462501,1.0377004881688419,0.194282501382387,0.9313053376497369,0.038453565969448045,1.4742235023853234,0.2968196555344759
0.1126940994904968,1.0379004076766865,0.1945729498995819,0.9318003340317299,0.03815492143309028,1.4741272809580572,0.29745284548128015
0.11336957202836123,1.0381003437267593,0.19482112248571376,0.9322742798453928,0.03784500559602175,1.4740523855001482,0.2980229300567865
0.11402694157970752,1.0383002923446194,0.19503331498984264,0.932730268046704,0.03752474265126685,1.473995730605259,0.298539482277034
0.11466688076607327,1.038500250144669,0.19521220889827792,0.9331689887495054,0.0371945823210723,1.4739559550212986,0.29900663623622387
0.11528960583377032,1.0387002146367112,0.19535828816141923,0.9335906607447393,0.036855067905275436,1.4739324557895348,0.2994255177662758
0.11589575816292086,1.0389001841903474,0.1954723374216122,0.933995915397014,0.03650694415249558,1.4739247279187453,0.29979716913171817
0.11648661912640645,1.0391001578066161,0.1955562392942382,0.9343860324459751,0.0361510947515554,1.473931970366667,0.3001240946220034
0.11706386896562046,1.0393001348850983,0.19561291582726803,0.9347627048027942,0.03578849266111049,1.4739530070612703,0.30041001325390126
0.11762929062110869,1.0395001150316725,0.19564567682170683,0.9351277523635044,0.035420113860995216,1.47398637840128,0.300659560408431
0.11818462816292798,1.0397000979332962,0.19565789811509063,0.9354829149148408,0.03504686472987477,1.4740304378144353,0.30087776539708005
0.11873147463911912,1.0399000832958627,0.19565282523957242,0.9358297417460758,0.0346695391543045,1.474083477531831,0.301069578534621
0.11927121116217736,1.0401000708270562,0.19563340787338804,0.9361695541277363,0.03428880458347839,1.4741438850584319,0.30123958983314447
0.119804993337545,1.0403000602392896,0.19560204707402318,0.9365034535984803,0.03390520887328747,1.4742102587439387,0.30139180392096054
0.12033376889438128,1.0405000512610083,0.19556064278914426,0.9368323511629725,0.03351919783407414,1.4742814519353777,0.3015295081990769
0.12085831043012829,1.0407000436460858,0.19551071041203713,0.9371570010764761,0.033131135480474916,1.4743565698459156,0.301655143975596
0.12137925170351234,1.0409000371804573,0.19545348549038008,0.9374780339745484,0.03274132291461525,1.4744349448340017,0.30177039141258977
0.12189711993081928,1.0411000316824937,0.1953900029021892,0.9377959810924087,0.03235001337946982,1.474516094174169,0.3018765252094046
0.12241235983705694,1.0413000270008923,0.19532114772981785,0.9381112933371798,0.0319574226232706,1.474599667477012,0.30197462726955815
0.12292535096126535,1.041500023010587,0.19524768655032385,0.9384243558149649,0.03156373601294369,1.4746853977403134,0.30206568775804044
0.1234364195877222,1.041700019607838,0.19517028609688178,0.9387354973461987,0.031169113388384843,1.4747730631831804,0.30215063476934795
0.12394584681922016,1.0419000167059265,0.195089524763319,0.9390449991476832,0.030773692453641806,1.4748624617580133,0.30223032850986475
0.12445387451763384,1.0421000142316437,0.1950059014012908,0.9393531016711685,0.03037759146500382,1.4749533982438126,0.3023055460079783
0.12496071013581263,1.0423000121227064,0.19491984349700628,0.9396600107231733,0.02998091158663759,1.4750456807712262,0.3023769700767464
0.12546653102568953,1.0425000103258293,0.19483171546364392,0.9399659016715691,0.029583739084358563,1.4751391235215972,0.30244518688285577
0.1259714884446122,1.0427000087952492,0.1947418270255097,0.9402709246612504,0.029186147392552937,1.4752335519260142,0.3025106916556434
0.1264757110924408,1.0429000074916972,0.19465044092339956,0.9405752078567035,0.02878819892957829,1.475328808373198,0.3025738991106677
0.1269793082906752,1.0431000063815443,0.19455777987843823,0.9408788603948884,0.02838994670130569,1.4754247559778302,0.3026351557408929
0.12748237289053038,1.0433000054360677,0.19446403286971606,0.9411819751772429,0.027991435740684717,1.475521280037194,0.30269475192642625
0.12798498380322937,1.043500004630781,0.1943693604932001,0.941484631316896,0.027592704342097582,1.4756182872502202,0.3027529324215877
0.1284872081544798,1.043700003944842,0.1942738994333302,0.9417868962255522,0.027193785101510652,1.475715703248322,0.30280990480348147
0.12898910311344633,1.0439000033605232,0.19417776619472754,0.9420888274027943,0.026794705794845768,1.475813469159867,0.3028658460547145
0.12949071741851773,1.0441000028627405,0.19408106018071553,0.9423904739154785,0.02639549011003506,1.4759115379748835,0.30292090758905393
0.12999209258495634,1.044300002438672,0.19398386611445517,0.942691877824856,0.025996158227041,1.476009871089039,0.30297521894422086
0.13049326403438255,1.0445000020773947,0.19388625630887954,0.9429930749334164,0.025596727363528877,1.4761084357494532,0.303028891053154
0.13099426189939015,1.044700001769627,0.19378829228498864,0.9432940957127814,0.02519721216445479,1.4762072031980435,0.30308201852147093
0.1314951119129879,1.044900001507446,0.19369002657802237,0.94359496616319,0.024797625134643102,1.4763061474356118,0.30313468224733625
0.13199583565128578,1.045100001284208,0.19359150322942784,0.9438957076795524,0.02439797675735695,1.4764052452534038,0.3031869500783693
0.13249645187771322,1.0453000010941318,0.19349276053060102,0.9441963393045908,0.02399827614824457,1.4765044750743903,0.3032388809684095
0.1329969765010772,1.0455000009323134,0.19339383094135548,0.9444968773081903,0.02359853103561757,1.4766038176563205,0.30329052485284647
0.13349742314925986,1.0457000007945496,0.1932947422637614,0.9447973357546954,0.023198748039605088,1.4767032560619433,0.3033419244610042
0.13399780352270124,1.04590000067723,0.19319551836673116,0.9450977265726798,0.022798932844233732,1.4768027763443754,0.30339311644633216
0.1344981275797142,1.046100000577282,0.19309617956553055,0.945398059849405,0.02239909028743554,1.4769023667841819,0.30344413199064163
0.13499840375363095,1.0463000004921033,0.1929967430652432,0.9456983441284985,0.02199922446645422,1.477002017363548,0.3034949974985902
0.13549863917633245,1.0465000004194933,0.19289722341665616,0.9459985866596332,0.021599338846342245,1.4771017194347587,0.3035457353038875
0.13599883988647346,1.0467000003575895,0.19279763294070174,0.9462987936039231,0.021199436361048003,1.4772014655146015,0.30359636432211656
0.13649901100918707,1.0469000003048108,0.19269798209473576,0.9465989702033523,0.020799519500680843,1.4773012491440438,0.30364690061173194
0.136999156904238,1.0471000002598128,0.19259827977456795,0.9468991209213695,0.020399590383474716,1.477401064773749,0.30369735783582064
0.13749928128636738,1.0473000002214499,0.19249853355988103,0.9471992495605575,0.019999650814257197,1.4775009076575318,0.3037477476373216
0.1379993870301011,1.0475000001888348,0.192398749315989,0.9474993591345285,0.019599702189624372,1.4776007741015655,0.3037980790269028
0.13849947709995536,1.0477000001610535,0.19229893309162874,0.9477994527326681,0.0191997459498773,1.4777006603463612,0.3038483612957924
0.13899955389913665,1.0479000001373653,0.19219908979022235,0.9480995325944879,0.018799783262607308,1.4778005633554032,0.30389860197549445
0.13949961933626726,1.0481000001171816,0.19209922330605622,0.9483996007474883,0.018399815055110718,1.4779004807157663,0.3039488070476525
0.13999967483093897,1.0483000001000635,0.1919993365356163,0.9486996586985023,0.017999842017089786,1.4780004106326914,0.30399898096129546
0.14049972217609102,1.0485000000854592,0.19189943313715802,0.9489997083258025,0.017599865019641742,1.4781003508422383,0.3040491293352452
0.14099976237989126,1.0487000000730569,0.19179951516771443,0.9492997504240835,0.01719988455258159,1.478200300070644,0.30409925532903753
0.14149979678214816,1.0489000000624447,0.19169958536098694,0.9495997865333499,0.016799901266853542,1.4783002566259933,0.30414936314145885
0.14199982622235974,1.0491000000533635,0.1915996454298602,0.9498998173597967,0.016399915570325736,1.4784002194479315,0.30419945540341226
0.1424998507112067,1.0493000000458084,0.1914996953961277,0.9501998430283471,0.015999927468186393,1.4785001885227929,0.3042495321483902
0.1429998709207822,1.0495000000395724,0.19139973663110676,0.9504998642346777,0.015599937286970702,1.4786001630017622,0.304299595482656
0.14349988775946623,1.0497000000343764,0.19129977098822598,0.9507998819252655,0.01519994546801375,1.478700141737669,0.3043496482529615
0.14399990186111325,1.049900000030024,0.19119979976078233,0.9510998967512683,0.014799952319272133,1.4788001239299875,0.3043996924457361
0.14449991377958576,1.0501000000263445,0.19109982407885925,0.9513999092872951,0.014399958109838884,1.4789001088792546,0.30444972979671864
0.14499992395793454,1.0503000000232015,0.19099984484644325,0.9516999199954512,0.013999963054969483,1.4790000960259653,0.3044997616943752
0.14549993273620912,1.05050000002049,0.19089986275736034,0.9519999292316029,0.01359996731987648,1.4791000849406966,0.3045497892043779
0.1459999403712365,1.0507000000181315,0.19079987833563206,0.9522999372651316,0.013199971029338897,1.4792000752991243,0.30459981313158974
0.1464999468630167,1.0509000000161255,0.19069989158125839,0.9525999440960374,0.012799974183356735,1.4793000671012486,0.30464983347601066
0.14699995254441514,1.0511000000143698,0.19059990317340722,0.9528999500741563,0.012399976943652162,1.4794000599267265,0.3046998512807981
0.14749995741543181,1.051300000012864,0.1904999131120786,0.9531999551994882,0.011999979310225178,1.479500053775558,0.30474986654595204
0.14799996174708896,1.051500000011525,0.1903999219502575,0.9534999597571242,0.011599981414751489,1.4796000483054967,0.30479988012082126
0.14849996553938655,1.051700000010353,0.190299929687944,0.9537999637470643,0.011199983257231092,1.4797000435165424,0.30484989200540574
0.1489999687923246,1.0519000000093472,0.1901999363251381,0.9540999671693084,0.01079998483766399,1.479800039408695,0.3048999021997055
0.1494999717410045,1.0521000000084357,0.19009994234153318,0.9543999702713536,0.010399986270273748,1.4799000356850684,0.3049499114404982
0.14999997438542623,1.0523000000076184,0.18999994773712928,0.9546999730531996,0.009999987555060364,1.4800000323456626,0.3049999197277839
0.1504999767255898,1.0525000000068951,0.18989995251192635,0.9549999755148467,0.00959998869202384,1.4801000293904776,0.30504992706156253
0.15099997876149518,1.052700000006266,0.18979995666592442,0.9552999776562947,0.009199989681164174,1.4802000268195135,0.3050999334418341
0.15149998049314242,1.052900000005731,0.1896999601991235,0.9555999794775437,0.008799990522481368,1.4803000246327702,0.30514993886859865
0.1519999819205315,1.05310000000529,0.18959996311152358,0.9558999809785936,0.00839999121597542,1.4804000228302479,0.3051999433418562
0.15249998328157308,1.0533000000048696,0.18949996588855034,0.9561999824099785,0.007999991877234696,1.4805000211115105,0.305249947607189
0.1529999845762672,1.0535000000044696,0.1893999685302038,0.9564999837716983,0.007599992506259195,1.480600019476558,0.30529995166459706
0.15349998580461385,1.0537000000040901,0.18929997103648394,0.9567999850637531,0.0071999931030489175,1.4807000179253906,0.30534995551408045
0.15399998696661302,1.0539000000037313,0.18919997340739075,0.9570999862861428,0.006799993667603863,1.4808000164580082,0.3053999591556391
0.15449998806226473,1.0541000000033929,0.18909997564292425,0.9573999874388675,0.006399994199924031,1.4809000150744107,0.3054499625892731
0.15499998909156895,1.0543000000030749,0.1889999777430844,0.9576999885219271,0.005999994700009423,1.4810000137745984,0.30549996581498234
0.15549999005452572,1.0545000000027775,0.18889997970787129,0.9579999895353216,0.0055999951678600375,1.4811000125585712,0.3055499688327669
0.155999990951135,1.0547000000025006,0.18879998153728483,0.9582999904790511,0.005199995603475875,1.4812000114263288,0.30559997164262676
0.1564999917813968,1.0549000000022442,0.18869998323132506,0.9585999913531157,0.004799996006856936,1.4813000103778715,0.30564997424456186
0.15699999254531116,1.0551000000020083,0.18859998478999196,0.9588999921575152,0.00439999637800322,1.4814000094131992,0.3056999766385723
0.15749999324287803,1.055300000001793,0.18849998621328554,0.9591999928922497,0.003999996716914727,1.4815000085323118,0.305749978824658
0.15799999387409744,1.055500000001598,0.1883999875012058,0.9594999935573191,0.0035999970235914567,1.4816000077352094,0.305799980802819
0.15849999443896937,1.0557000000014236,0.18829998865375275,0.9597999941527234,0.0031999972980334096,1.4817000070218922,0.3058499825730553
0.1589999949374938,1.0559000000012697,0.18819998967092638,0.9600999946784627,0.0027999975402405856,1.48180000639236,0.30589998413536684
0.1594999953696708,1.0561000000011362,0.1880999905527267,0.960399995134537,0.0023999977502129847,1.4819000058466127,0.3059499854897537
0.1599999957355003,1.0563000000010234,0.18799999129915368,0.9606999955209462,0.001999997927950607,1.4820000053846505,0.30599998663621586
0.16049999603498236,1.056500000000931,0.18789999191020734,0.9609999958376904,0.0015999980734534524,1.4821000050064732,0.3060499875747533
0.16099999626811692,1.056700000000859,0.1877999923858877,0.9612999960847695,0.001199998186721521,1.482200004712081,0.30609998830536606
0.161499996434904,1.0569000000008077,0.18769999272619475,0.9615999962621835,0.0007999982677548126,1.4823000045014736,0.3061499888280541
0.16199999653534364,1.0571000000007769,0.18759999293112847,0.9618999963699325,0.0003999983165533273,1.4824000043746515,0.30619998914281743
0.16249999656943578,1.0573000000007664,0.18749999300068887,0.9621999964080165,-1.6668829348493591e-09,1.4825000043316143,0.306249989249656
0.16299999653718047,1.0575000000007766,0.18739999293487594,0.9624999963764354,-0.0004000016825539739,1.4826000043723622,0.30629998914856993
0.16349999643857768,1.0577000000008072,0.18729999273368972,0.9627999962751892,-0.0008000017304597898,1.482700004496895,0.3063499888395591
0.1639999962736274,1.0579000000008583,0.18719999239713017,0.963099996104278,-0.0012000018106003826,1.4828000047052128,0.3063999883226236
0.16449999604232968,1.05810000000093,0.1870999919251973,0.9633999958637017,-0.0016000019229757525,1.4829000049973156,0.3064499875977634
0.16499999574468446,1.058300000001022,0.1869999913178911,0.9636999955534604,-0.002000002067585899,1.4830000053732033,0.30649998666497846
0.16549999558191664,1.0585000000010725,0.18689999098578464,0.9639999953838725,-0.002400002146666247,1.4831000055787582,0.3065499861548834
0.16599999555402617,1.058700000001081,0.18679999092887786,0.9642999953549379,-0.0028000021602167958,1.48320000561398,0.3065999860674781
0.1664999956610131,1.0589000000010478,0.1866999911471708,0.9645999954666568,-0.003200002108237546,1.4833000054788688,0.30664998640276275
0.16699999590287737,1.0591000000009727,0.1865999916406635,0.9648999957190291,-0.0036000019907284973,1.4834000051734246,0.3066999871607372
0.16749999627961903,1.059300000000856,0.18649999240935586,0.9651999961120548,-0.00400000180768965,1.4835000046976474,0.3067499883414015
0.16799999679123806,1.0595000000006973,0.18639999345324795,0.9654999966457338,-0.004400001559121004,1.4836000040515374,0.30679998994475566
0.16849999743773447,1.059700000000497,0.18629999477233974,0.9657999973200663,-0.004800001245022559,1.4837000032350942,0.30684999197079965
0.16899999802454632,1.0599000000003151,0.18619999596965295,0.9660999980799831,-0.00520000095992167,1.483800002494026,0.3068999938097991
0.1694999985516736,1.0601000000001517,0.18609999704518757,0.9663999989254846,-0.005600000703818336,1.483900001828333,0.306949995461754
0.16999999901911636,1.060300000000007,0.1859999979989436,0.9666999998565704,-0.0060000004767125584,1.4840000012380152,0.30699999692666435
0.17049999942687455,1.0604999999998805,0.18589999883092104,0.9670000008732408,-0.006400000278604337,1.4841000007230725,0.30704999820453016
0.1709999997749482,1.0606999999997728,0.18579999954111992,0.9673000019754956,-0.0068000001094936716,1.4842000002835047,0.3070999992953514
0.1715000000633373,1.0608999999996835,0.18570000012954022,0.9676000031633349,-0.007199999969380562,1.484299999919312,0.30715000019912814
0.17200000029204182,1.0610999999996127,0.18560000059618192,0.9679000044367587,-0.007599999858265009,1.4843999996304946,0.3072000009158603
0.17250000046106181,1.0612999999995605,0.18550000094104505,0.968200005795767,-0.007999999776147012,1.4844999994170522,0.3072500014455479
0.17300000057039724,1.0614999999995267,0.18540000116412958,0.9685000072403598,-0.008399999723026571,1.484599999278985,0.307300001788191
0.1735000006200481,1.0616999999995116,0.18530000126543553,0.968800008770537,-0.008799999698903686,1.4846999992162926,0.3073500019437895
0.17400000061001444,1.061899999999515,0.1852000012449629,0.9691000103862987,-0.009199999703778357,1.4847999992289755,0.3074000019123434
0.1745000005402962,1.0620999999995366,0.18510000110271166,0.9694000120876448,-0.009599999737650584,1.4848999993170335,0.3074500016938528
0.17500000041089345,1.062299999999577,0.18500000083868184,0.9697000138745755,-0.009999999800520368,1.4849999994804666,0.3075000012883176
0.17550000022180612,1.0624999999996358,0.18490000045287344,0.9700000157470906,-0.010399999892387707,1.4850999997192746,0.3075500006957379
0.17599999997303423,1.0626999999997133,0.18479999994528645,0.9703000177051903,-0.010800000013252603,1.4852000000334578,0.30759999991611364
0.1764999996645778,1.0628999999998092,0.18469999931592088,0.9706000197488743,-0.011200000163115054,1.4853000004230161,0.30764999894944484
0.1769999992964368,1.0630999999999238,0.1845999985647767,0.970900021878143,-0.011600000341975062,1.4854000008879495,0.3076999977957315
0.17749999886861126,1.0633000000000568,0.18449999769185396,0.971200024092996,-0.012000000549832626,1.485500001428258,0.3077499964549736
0.17799999854580245,1.063500000000157,0.18439999703320437,0.9715000260668866,-0.012400000706668197,1.485600001835937,0.30779999544332687
0.1784999983280104,1.0637000000002248,0.1842999965888279,0.9718000277998147,-0.012800000812481779,1.4857000021109863,0.3078499947607913
0.17899999821523507,1.0639000000002596,0.18419999635872458,0.9721000292917803,-0.013200000867273368,1.4858000022534061,0.3078999944073669
0.1794999982074765,1.0641000000002618,0.18409999634289442,0.9724000305427833,-0.013600000871042966,1.4859000022631963,0.3079499943830536
0.17999999830473468,1.0643000000002314,0.1839999965413374,0.9727000315528239,-0.014000000823790573,1.486000002140357,0.3079999946878515
0.1804999985070096,1.0645000000001683,0.1838999969540535,0.973000032321902,-0.014400000725516187,1.4861000018848882,0.3080499953217606
0.18099999881430126,1.0647000000000726,0.1837999975810428,0.9733000328500176,-0.01480000057621981,1.4862000014967898,0.3080999962847808
0.18149999922660967,1.064899999999944,0.18369999842230522,0.9736000331371708,-0.015200000375901442,1.4863000009760619,0.3081499975769122
0.18199999974393483,1.0650999999997828,0.18359999947784078,0.9739000331833615,-0.015600000124561081,1.4864000003227043,0.3081999991981547
0.18250000017672902,1.065299999999648,0.18350000036090178,0.9742000328124814,-0.01599999991428973,1.4864999997761064,0.30825000055448604
0.18300000052499227,1.0654999999995396,0.1834000010714882,0.9745000320245304,-0.01639999974508739,1.486599999336268,0.30830000164590615
0.18350000078872458,1.0656999999994574,0.18330000160960008,0.9748000308195087,-0.016799999616954057,1.4866999990031893,0.308350002472415
0.18400000096792596,1.0658999999994017,0.18320000197523736,0.9751000291974162,-0.017199999529889733,1.4867999987768703,0.30840000303401266
0.18450000106259637,1.0660999999993723,0.18310000216840008,0.975400027158253,-0.01759999948389442,1.4868999986573108,0.30845000333069905
0.18500000107273584,1.0662999999993692,0.18300000218908824,0.975700024702019,-0.017999999478968114,1.486999998644511,0.30850000336247424
0.18550000099834438,1.0664999999993925,0.18290000203730183,0.9760000218287141,-0.01839999951511082,1.4870999987384708,0.30855000312933817
0.18600000083942195,1.0666999999994422,0.18280000171304087,0.9763000185383386,-0.018799999592322533,1.4871999989391902,0.3086000026312909
0.18650000067535452,1.0668999999994935,0.1827000013782822,0.9766000155236391,-0.019199999672033955,1.4872999991464058,0.30865000211711996
0.18700000050614207,1.0670999999995463,0.18260000103302587,0.9769000127846156,-0.019599999754245083,1.4873999993601175,0.30870000158682537
0.18750000033178463,1.0672999999996007,0.18250000067727185,0.9772000103212681,-0.01999999983895592,1.4874999995803253,0.3087500010404071
0.1880000001522822,1.0674999999996566,0.18240000031102013,0.9775000081335967,-0.02039999992616646,1.4875999998070293,0.3088000004778652
0.18849999996763472,1.067699999999714,0.18229999993427073,0.9778000062216013,-0.020800000015876712,1.4877000000402294,0.30884999989919965
0.18899999977784226,1.0678999999997731,0.18219999954702362,0.978100004585282,-0.021200000108086668,1.4878000002799256,0.3088999993044105
0.18949999958290478,1.0680999999998337,0.18209999914927882,0.9784000032246387,-0.021600000202796333,1.487900000526118,0.30894999869349765
0.1899999993828223,1.0682999999998959,0.18199999874103634,0.9787000021396715,-0.022000000300005703,1.4880000007788066,0.30899999806646117
0.1904999991775948,1.0684999999999596,0.18189999832229617,0.9790000013303802,-0.022400000399714782,1.4881000010379912,0.309049997423301
0.1909999989672223,1.0687000000000249,0.1817999978930583,0.979300000796765,-0.022800000501923566,1.488200001303672,0.3090999967640172
0.19149999875170481,1.0689000000000917,0.18169999745332277,0.9796000005388259,-0.02320000060663206,1.488300001575849,0.3091499960886098
0.1919999985310423,1.0691000000001603,0.18159999700308954,0.9799000005565628,-0.023600000713840257,1.488400001854522,0.30919999539707876
0.1924999983052348,1.0693000000002304,0.18149999654235863,0.9802000008499757,-0.024000000823548164,1.4885000021396912,0.30924999468942405
0.19299999807428225,1.069500000000302,0.18139999607113003,0.9805000014190647,-0.024400000935755776,1.4886000024313566,0.30929999396564567
0.19349999783818472,1.0697000000003754,0.18129999558940374,0.9808000022638297,-0.024800001050463098,1.488700002729518,0.30934999322574364
0.1939999975969422,1.0699000000004502,0.18119999509717977,0.9811000033842708,-0.025200001167670124,1.4888000030341757,0.309399992469718
0.19449999735055465,1.0701000000005265,0.1810999945944581,0.981400004780388,-0.02560000128737686,1.4889000033453292,0.3094499916975687
0.1949999970990221,1.0703000000006044,0.18099999408123876,0.9817000064521813,-0.0260000014095833,1.489000003662979,0.30949999090929575
0.19549999684234454,1.070500000000684,0.18089999355752173,0.9820000083996505,-0.02640000153428945,1.4891000039871247,0.30954999010489914
0.19599999658052197,1.070700000000765,0.18079999302330702,0.9823000106227958,-0.026800001661495303,1.4892000043177667,0.3095999892843789
0.1964999963135544,1.0709000000008475,0.1806999924785946,0.9826000131216172,-0.027200001791200867,1.4893000046549048,0.309649988447735
0.1969999960414418,1.0711000000009316,0.18059999192338452,0.9829000158961145,-0.027600001923406135,1.489400004998539,0.3096999875949675
0.19749999591087683,1.071300000000972,0.18049999165698388,0.9832000185995492,-0.028000001986840887,1.4895000051634173,0.30974998718579344
0.19799999592185946,1.0715000000009685,0.1803999916793927,0.9835000212319213,-0.02840000198150512,1.4896000051495397,0.3097999872202129
0.1984999960743897,1.0717000000009211,0.18029999199061095,0.9838000237932307,-0.028800001907398835,1.4897000049569062,0.30984998769822586
0.19899999636846755,1.0719000000008299,0.18019999259063868,0.9841000262834775,-0.029200001764522032,1.4898000045855166,0.3098999886198323
