0.0,0.0,0.0,0.0,0.0,0.0,0.0
1.5414657690573657,0.02243938558757755,2.963809514113892,1.5201482041618526,0.7024108551061234,-1.4757684714313806,4.466369315180359
4.0231282444994205,0.061391215869888154,7.719506768572584,3.9645409880316036,1.8240117478026887,-3.8431084966888376,11.635673531644393
6.847767087812864,0.10987172483397321,13.10947690958991,6.742525838697938,3.0868602063437343,-6.525009020198361,19.765555696549118
9.485928155434165,0.16097674375313215,18.115134221376064,9.332803065913673,4.24566716376663,-9.013863481284432,27.32352319716123
11.531683874263353,0.20610600866286857,21.956902947805432,11.334806924109781,5.117550885918068,-10.92167131679743,33.13377222524345
12.725942021677739,0.2413121673775808,24.14169168911389,12.493652770707225,5.588894743464177,-12.003585800462377,36.45101844752475
12.962345926894189,0.26456846247093163,24.472805710686888,12.705488355704492,5.61663528673507,-12.161195207703061,36.976141242416496
12.274447924351424,0.2748793082230554,23.023797799487248,12.005307328357164,5.2230565124798165,-11.432390253778545,34.818788744122266
10.809915610404984,0.2732726914924081,20.087537610909262,10.540012667620115,4.481296340694175,-9.963654241997855,30.418330916832378
8.79420259122008,0.26184481244409785,16.10526888339839,8.533341776276437,3.499059601516878,-7.975286885450421,24.438140984816762
6.49150223480267,0.24366245762371586,11.59046207744279,6.246690934851926,2.399570761860881,-5.7231505460670835,17.650739719153655
4.166559956253574,0.22186745739377983,7.055370362258235,3.9418731426333173,1.3088128874055864,-3.462482637817604,10.827660814299369
2.0565146115265303,0.20202493619637887,2.9531699546188976,1.8512327726591362,0.33157581464511376,-1.4193363396725185,4.65016341260639
0.33901537750969823,0.18593789554580598,-0.375171927451146,0.15019815315924312,-0.453592437389297,0.23695917879755113,-0.36676667725247025
-0.876554750965286,0.17486989723036692,-2.721525602226163,-1.053120639956141,-1.000255957955164,1.403194799476585,-3.907768967423004
-1.551895455641826,0.16927427559172734,-4.015903451844057,-1.7212306741263954,-1.294807198828257,2.0451457279361147,-5.865729287722323
-1.7142821844484366,0.1688251991720179,-4.31497296981325,-1.8813690155047804,-1.3533442114378005,2.1915828406946027,-6.324412760763423
-1.4437532302839036,0.1727133658064891,-3.7772753660292224,-1.613097144152222,-1.2156793237347674,1.9217679542294555,-5.521224789502041
-0.8562453084986732,0.1797294917527834,-2.6299325548654813,-1.0313831693240059,-0.9371666850848929,1.3490661951907534,-3.79733316902009
-0.08466988327636293,0.1886323024102439,-1.1321076927117,-0.2680245392373459,-0.5797763475103801,0.602634306894367,-1.5428142648029426
0.7381545135971815,0.19580674230801998,0.45876709630336876,0.545540959927867,-0.20486845078976884,-0.18917117372435,0.854701158323766
1.4920068798449995,0.2008971057540523,1.9135835065692617,1.292084819083537,0.13109735830041042,-0.9118702640427544,3.0515267331452933
2.0884251004620795,0.2037760663053613,3.0609056280501274,1.8834859288358143,0.3895014724504765,-1.4805363392396256,4.788137329562367
2.472075349943694,0.20463953797382967,3.7939269106168956,2.2645154550625834,0.5472915278878379,-1.8424397976607743,5.9022506481796295
2.6220772955672325,0.20393973141609698,4.072949818927481,2.414100088459428,0.5972658031090516,-1.9782350264586728,6.332567654157115
2.549117248230277,0.20272116833732498,3.91946544367992,2.3425180963225016,0.5464018772679123,-1.8990192713375609,6.110318605312399
2.2892752631389186,0.2015609583824048,3.4042534327918905,2.0853161056497926,0.4128908256063495,-1.6403235338699977,5.3412389251780255
1.895857911928122,0.20072533822602381,2.631385625087253,1.6952191825331628,0.22224594151552346,-1.2541403118801544,4.181553794293751
1.4301540463596987,0.20024201262933405,1.7204880804558615,1.2331633854048578,0.002851126700971429,-0.8000315687621297,2.811454605821013
0.9537782528258489,0.20003500139653954,0.7910244722657471,0.7601193813595541,-0.21349456433133213,-0.3375609848166277,1.410953723427535
0.5240958721356672,0.2000094275659157,-0.04906133239127508,0.3313593057782715,-0.4040712459094539,0.07917087284990149,0.14128126548729214
0.18086337202901243,0.2000453569390298,-0.7216063545723803,-0.01296353605219469,-0.5523427359306595,0.4116850870687557,-0.8785371050802553
-0.051845729977908483,0.2001043117926493,-1.1790227910017559,-0.24821790270111016,-0.6489701327231138,0.6367472882403052,-1.5754590950188463
-0.16615283116913787,0.2001442289429036,-1.4053636609194853,-0.365894023988805,-0.691877923230707,0.746841025070181,-1.9242048473591005
-0.1689021671392873,0.20015805418435423,-1.4135097854140553,-0.37221422906260115,-0.6854126518211302,0.7487160468360577,-1.9431372621517469
-0.07867583533961425,0.20015421820667423,-1.239390434660309,-0.28522340492064896,-0.6388894051147683,0.6604986813697098,-1.6856498605702386
0.07811666598274553,0.20013924165744693,-0.9343669943411863,-0.13092733050739558,-0.5647724893783705,0.5078777102238236,-1.2287234438725387
0.2717842990877343,0.20011812165042808,-0.5566477843258446,0.061083258008667984,-0.4764508094680046,0.31979183680238893,-0.6601422574062029
0.4724799934072349,0.20009645369188023,-0.16430618193046792,0.26110404174186097,-0.3906897307835441,0.12520586628217412,-0.06750840197653352
0.6509273007665147,0.20007917584892268,0.1886859578257516,0.44153912967886133,-0.3175857672239492,-0.04866772754794671,0.46922968162666245
0.7889618696394542,0.2000641449890242,0.4653408339530111,0.5834333200525592,-0.2639694540244578,-0.18385878951763143,0.8931052938646052
0.8759796188631804,0.20005581060056085,0.6433999545033855,0.67531027540212,-0.23333383444096784,-0.2697306782052541,1.1692971230021165
0.909020260862569,0.2000466086551976,0.7156889861954413,0.7133692088678427,-0.22593123258655695,-0.3031165059262207,1.2858231660706798
0.8919508767067214,0.20003787999053194,0.6886650176596187,0.7007650219177205,-0.23923903633245786,-0.28754679750363077,1.2514648758946452
0.8339824647231253,0.20002956941650957,0.5795781190124581,0.6461775317813288,-0.26867207209479954,-0.23181728053247602,1.091568833805257
0.7477719045890241,0.20002427893050762,0.4128062846668127,0.5619521979132488,-0.3084362666118377,-0.14815364837856376,0.8425496920948518
0.647110786678264,0.20002067753557734,0.21560364433479937,0.4619358845577953,-0.3525649033071637,-0.05005880333436559,0.5456261192289311
0.5494444705632717,0.2000179631998168,0.015280476503102575,0.36013122298157635,-0.391699686895022,0.046566987637792004,0.2421007867204525
0.46512615308271327,0.2000157431235878,-0.16124670024734714,0.27028107293598624,-0.4225023601538791,0.13116129666997528,-0.028816191032694782
0.4014624232382065,0.20001347564195338,-0.2977822190817151,0.20064797287477604,-0.4430524730433333,0.1960982988844343,-0.24148195453763127
0.3623084333189575,0.20001158484132348,-0.38514665596614606,0.155937245804749,-0.4528657500451456,0.23714714688586827,-0.3808014416462045
0.34812589469427074,0.2000100002677398,-0.42121036191952815,0.13727385087045268,-0.4527420099321279,0.25346270803763565,-0.4424230159440165
0.35643541274226953,0.20000868248177173,-0.41008920591570686,0.1426048977797766,-0.444483280038326,0.2471805880771262,-0.4316419259922369
0.38254313648043026,0.20000764480702177,-0.3607307909557678,0.1674155127752838,-0.43053583938333334,0.22272183050107505,-0.3613380879859911
0.4204197112882607,0.20000667156413277,-0.2851462977598826,0.2056238408591498,-0.41339648508076055,0.1859350155630936,-0.24933441511190335
0.4638743392140099,0.20000572154949006,-0.19624615867584919,0.25068277197915867,-0.39938820524914975,0.1430035018039109,-0.11527048602516138
0.503087273179153,0.2000048043684572,-0.11050964395120584,0.29409560116898326,-0.3894117016614398,0.10068141498882839,0.020224850356750673
0.5343466828998136,0.20000394770647015,-0.03737597221376793,0.33110245186880055,-0.3837931759504397,0.0658350292198423,0.13815835868107768
0.5554028574495146,0.20000342894000694,0.016601227534261444,0.35840331049065627,-0.38232856305958396,0.04127081763863446,0.2274383837889006
0.5655140084544816,0.20000289874828026,0.04808804055742355,0.3743247673886295,-0.3843839411011859,0.028185420194800977,0.2819953469591301
0.5653096327094151,0.20000238199771167,0.056876743812726255,0.37877185371806166,-0.3886907583397868,0.026266448858442405,0.3007366816550179
0.5565121019704744,0.20000192656574373,0.045439663413948096,0.3730018066499265,-0.393027495183713,0.033954411039006815,0.2869239890024188
0.5415728760010713,0.20000164855163205,0.018236283792959662,0.35927341960684916,-0.3963335878746345,0.048812088565340396,0.24713470547882133
0.5230003841261047,0.2000014471504265,-0.019107667124110814,0.34043178036199495,-0.39837248067893727,0.06813795606011541,0.18999214119242955
0.5072368252055423,0.20000128932953054,-0.060830404551338285,0.3193867400293309,-0.3993539752196902,0.08641926641456565,0.12454194886668628
0.4954159736187859,0.20000112417232294,-0.09775457309418695,0.3002387860653556,-0.39964341293253336,0.10190769000467507,0.06347735757703984
0.4880218195835809,0.20000096643531573,-0.12666993217858108,0.28548565851463,-0.3995842179122283,0.113416085327195,0.012880626194811257
0.4849853685354688,0.20000088474746233,-0.14573976876281117,0.27599812154893905,-0.39942063832492064,0.12037679583227195,-0.023258888877072774
0.485771443340201,0.20000077553436585,-0.1545148105468297,0.27192320707218864,-0.3992876377562661,0.12281787083781813,-0.043202555290425514
0.48950768466580985,0.2000006509155725,-0.15378198541540453,0.2727730751423358,-0.39923479652905197,0.12127277428429946,-0.04733223401646957
0.49390289748328375,0.20000054106002269,-0.1452903807721273,0.27757542948367453,-0.39925958224634517,0.11664409175537971,-0.03779044019071425
0.49744935647136984,0.200000435518787,-0.13140527028555152,0.28485563402608016,-0.3993365059044447,0.11004371906944736,-0.017968138862907698
0.49969422117723983,0.20000035385918166,-0.11452037297826448,0.2917060368477238,-0.3994366594083756,0.10260108256137537,0.008214662748775057
0.500760778703295,0.20000028880560455,-0.10083256880312624,0.29751040872251655,-0.3995376322484945,0.0959133680584114,0.03531563528929808
0.5010069052663335,0.20000023509315293,-0.0911649581566237,0.3018712372310106,-0.39962634609783865,0.09168493092871616,0.05772558073495077
0.5008134647645952,0.20000020608496827,-0.0857832501749162,0.3046043477648974,-0.3996978592959201,0.08991851618488939,0.07382121110469775
0.5004723497980659,0.20000018378137702,-0.08444378373980159,0.3057304208888464,-0.3997526550166154,0.08992889012359079,0.08292681005093518
0.5001574925560657,0.2000001624746559,-0.08649493641611884,0.3054431567385104,-0.39979383703637705,0.09105774235512298,0.08525506255023932
0.4999422756132904,0.20000013970748898,-0.09054280584598098,0.30406494170556725,-0.399825163382613,0.09263695365155093,0.08175307399655149
0.49983405728183644,0.2000001178344913,-0.09452607001655139,0.3020290340018446,-0.3998498921836638,0.09419868372377606,0.07388210195666581
0.49980753192559313,0.20000009866602586,-0.09748999912738004,0.29971471379517733,-0.39987035365245427,0.09563248073013961,0.0633314474637972
0.49982899720141744,0.200000082648633,-0.09924935125184389,0.2975605584114797,-0.399887970581745,0.09685491650114145,0.054773996471096965
0.49986968003848226,0.20000006930690906,-0.1000268696112205,0.296217365026891,-0.399903482280289,0.0978146624520633,0.049207630657117446
0.49991074657738366,0.20000005881855384,-0.10017796429060066,0.2957500196599125,-0.3999172154225529,0.09849519112840222,0.04654709712545025
0.49994300155233007,0.20000005018522954,-0.10002733388823488,0.29593766650225733,-0.39992930275627975,0.0989106032062089,0.045854677250181844
0.4999642070374142,0.20000004295461196,-0.09980169060184216,0.2964863996470221,-0.3999398289158866,0.0990995691446897,0.04626433581237925
0.49997599424171313,0.20000003670590422,-0.09962228086235299,0.29714917619660797,-0.39994888902356523,0.09911688356335417,0.047133207758712124
0.4999813950040678,0.20000003131673733,-0.09953025942536425,0.29779080582579415,-0.3999566074408571,0.09902328421493914,0.048033245738738524
0.49998335025276314,0.2000000266843033,-0.09951915954323429,0.2983676819565318,-0.3999631438902724,0.0988700878095908,0.04874909302730798
0.4999840040638106,0.2000000227113457,-0.0995622871764445,0.2988480573010154,-0.39996867232285116,0.09871649241517573,0.049223471235209815
0.4999845610966303,0.20000001932142025,-0.09963091996993381,0.2992142372444345,-0.39997334075172547,0.09865885484118658,0.04948833065424473
0.49998551098201843,0.20000001644131296,-0.09970324705626456,0.29946325145568603,-0.39997728799022847,0.09870903088149506,0.04960938457824985
0.4999868932671347,0.2000000139971869,-0.09976662942039356,0.29960422168790407,-0.3999806345175639,0.09883713992064364,0.04965173199410737
0.49998853905578344,0.20000001192320546,-0.09981629014710969,0.29965572989274636,-0.3999834816704128,0.09900263770976114,0.049663632705618084
0.4999902385151499,0.20000001015916577,-0.09985254119205497,0.2996423155619025,-0.39998591184837307,0.09917167548206286,0.04967319280965607
0.4999918225122193,0.2000000086577458,-0.09987821362595063,0.2995888092668647,-0.39998798775905076,0.09932302462865682,0.04969175516307507
0.4999932060973988,0.20000000736684248,-0.09989688002707978,0.2995171158473841,-0.39998977792946044,0.09945349387129193,0.04972076794593958
0.4999943555968317,0.20000000626386322,-0.09991113664041569,0.29945108601782255,-0.3999913099140986,0.09955922686452821,0.0497558998755769
0.49999528003729243,0.2000000053306185,-0.09992270438110215,0.29942752566668035,-0.3999926071475644,0.09964103297221816,0.049792143017051156
0.49999603948019733,0.200000004517599,-0.09993307400081097,0.2994524612641913,-0.3999937363937463,0.09969985736175489,0.049826485421388476
0.49999664970090696,0.20000000383170335,-0.09994227304885742,0.29950893062693773,-0.3999946886355853,0.09974030021855512,0.04985623542655622
0.499997144427916,0.20000000325723744,-0.09995040868832768,0.2995790436196354,-0.3999954858898967,0.09977018167276303,0.04988076861884127
0.49999754690102516,0.2000000027820493,-0.09995747575214133,0.29964965641748936,-0.39999614517743487,0.09979478602966098,0.04990022551565083
0.4999978899756353,0.2000000023776415,-0.09996370127404716,0.29971655960068916,-0.3999967058339542,0.09981816006638691,0.049915793049700806
0.4999981879965895,0.20000000203067544,-0.09996913367220588,0.2997762593699986,-0.3999971865309519,0.0998410366334533,0.049928395772398285
0.499998448428531,0.20000000173275975,-0.09997380521693967,0.29982630798720533,-0.3999975990012104,0.09986311874997314,0.049938745534170846
0.49999867762587097,0.20000000147486524,-0.09997779942854051,0.29986554205814764,-0.39999795566829466,0.09988378456318377,0.0499475274888638
0.4999988740604117,0.20000000125581355,-0.0999811663006181,0.2998939901129406,-0.39999825894145047,0.0999018524923043,0.04995497969657168
0.4999990416008324,0.20000000106987997,-0.09998398943197691,0.2999128199402954,-0.3999985164646982,0.09991722472024156,0.049961392103159245
0.4999991836455155,0.20000000091237283,-0.09998635516283617,0.2999238885635799,-0.3999987346566085,0.09993004694926862,0.049966926996087346
0.49999930298439127,0.2000000007798816,-0.0999883317166962,0.29992934049126013,-0.39999891829229217,0.09994059621255023,0.049971664955264276
0.49999940571888263,0.20000000066481416,-0.09999003627353185,0.29993156084537376,-0.39999907714295957,0.09994942375212068,0.049975829785543144
0.49999949181822023,0.20000000056877582,-0.09999146568131098,0.2999321268307982,-0.3999992104296058,0.09995677133421554,0.04997933709489808
0.4999995718000131,0.20000000047896618,-0.0999927991040202,0.2999349122919632,-0.3999993344571526,0.09996357201768831,0.0499825989637594
0.4999996437684359,0.20000000039757235,-0.0999940037583098,0.2999403411263777,-0.3999994462101968,0.09996968137593101,0.04998553326039746
0.4999997042370728,0.20000000032898899,-0.09999501901642012,0.2999470155352196,-0.39999954019562634,0.09997481094215782,0.049987997201236464
0.49999975249709955,0.20000000027396925,-0.09999583163342517,0.2999543558741223,-0.39999961525977223,0.09997890713210751,0.04998996081772521
0.4999997906546602,0.20000000023052372,-0.09999647504986965,0.2999614118152206,-0.3999996746265782,0.09998214842838661,0.04999151166938221
0.4999998209609515,0.20000000019619713,-0.09999698632548176,0.2999680053580831,-0.3999997217776618,0.0999847251637972,0.04999274235700306
0.4999998453392596,0.20000000016878405,-0.09999739755400236,0.29997398028353134,-0.39999975969910795,0.09998679983660964,0.04999373165602568
0.4999998652797731,0.20000000014654234,-0.09999773377842457,0.2999792128739937,-0.39999979070922237,0.09998849833754667,0.04999454045452385
0.49999988044630383,0.20000000013050187,-0.09999798958577913,0.299982866483757,-0.3999998142959037,0.09998978991916305,0.04999515557064565
0.49999989442176035,0.20000000011516947,-0.09999822496741505,0.29998585109153725,-0.39999983601789996,0.09999098192584573,0.049995722077103094
0.49999990686246276,0.2000000001013526,-0.0999984343255999,0.29998817988517273,-0.39999985534800486,0.09999204390165771,0.04999622623566269
0.4999999177757855,0.20000000008921343,-0.09999861788697005,0.2999898933428523,-0.3999998723014401,0.09999297590573533,0.04999666843848714
0.49999992730463866,0.20000000007865437,-0.09999877811144718,0.29999105538423854,-0.39999988710228157,0.09999378985932696,0.04999705452033512
0.4999999368334918,0.20000000006809532,-0.09999893833592431,0.29999221742562476,-0.39999990190312307,0.09999460381291858,0.049997440602183106
0.49999994636234496,0.20000000005753626,-0.09999909856040144,0.299993379467011,-0.39999991670396456,0.0999954177665102,0.04999782668403109
0.4999999525424678,0.20000000005081625,-0.09999920243205103,0.29999400724584085,-0.399999926301637,0.09999594576669824,0.04999807708126788
0.4999999587225907,0.20000000004409624,-0.09999930630370062,0.29999463502467066,-0.39999993589930943,0.09999647376688627,0.049998327478504676
0.49999996490271353,0.20000000003737622,-0.0999994101753502,0.2999952628035005,-0.39999994549698187,0.09999700176707431,0.04999857787574147
0.4999999710828364,0.2000000000306562,-0.09999951404699979,0.29999589058233034,-0.3999999550946543,0.09999752976726234,0.04999882827297826
0.49999997726295925,0.2000000000239362,-0.09999961791864938,0.2999965183611602,-0.39999996469232674,0.09999805776745037,0.04999907867021505
0.49999997867315193,0.20000000002254306,-0.09999964159231603,0.2999966519009837,-0.3999999668812725,0.09999817826087858,0.04999913581500281
0.4999999800833446,0.20000000002114993,-0.09999966526598268,0.29999678544080716,-0.39999996907021823,0.09999829875430677,0.049999192959790564
0.4999999814935373,0.2000000000197568,-0.09999968893964933,0.29999691898063063,-0.399999971259164,0.09999841924773496,0.04999925010457832
0.49999998290373,0.20000000001836366,-0.09999971261331599,0.2999970525204541,-0.3999999734481097,0.09999853974116317,0.049999307249366076
0.4999999843139227,0.20000000001697052,-0.09999973628698264,0.2999971860602776,-0.39999997563705547,0.09999866023459136,0.04999936439415383
0.49999998572411536,0.20000000001557738,-0.09999975996064929,0.29999731960010106,-0.3999999778260012,0.09999878072801956,0.04999942153894159
0.49999998713430804,0.20000000001418425,-0.09999978363431594,0.29999745313992454,-0.39999998001494697,0.09999890122144775,0.049999478683729344
0.49999998854450073,0.2000000000127911,-0.0999998073079826,0.299997586679748,-0.3999999822038927,0.09999902171487594,0.0499995358285171
0.4999999899546934,0.20000000001139798,-0.09999983098164925,0.2999977202195715,-0.39999998439283846,0.09999914220830414,0.049999592973304856
0.4999999913648861,0.20000000001000484,-0.0999998546553159,0.299997853759395,-0.3999999865817842,0.09999926270173234,0.04999965011809261
0.4999999927750788,0.2000000000086117,-0.09999987832898255,0.29999798729921845,-0.39999998877072995,0.09999938319516054,0.04999970726288037
0.49999999418527147,0.20000000000721857,-0.0999999020026492,0.2999981208390419,-0.3999999909596757,0.09999950368858873,0.049999764407668124
0.49999999559546415,0.20000000000582543,-0.09999992567631585,0.2999982543788654,-0.39999999314862145,0.09999962418201694,0.04999982155245588
0.49999999700565684,0.2000000000044323,-0.0999999493499825,0.2999983879186889,-0.3999999953375672,0.09999974467544513,0.049999878697243635
0.4999999984158495,0.20000000000303916,-0.09999997302364916,0.29999852145851236,-0.39999999752651294,0.09999986516887333,0.04999993584203139
0.4999999998260422,0.20000000000164603,-0.09999999669731581,0.29999865499833583,-0.3999999997154587,0.09999998566230152,0.04999999298681915
0.5000000012362349,0.2000000000002529,-0.10000002037098246,0.2999987885381593,-0.40000000190440443,0.10000010615572973,0.0500000501316069
0.5000000026464276,0.19999999999885976,-0.10000004404464911,0.2999989220779828,-0.4000000040933502,0.10000022664915792,0.05000010727639466
0.5000000040566204,0.19999999999746662,-0.10000006771831577,0.29999905561780627,-0.40000000628229593,0.10000034714258611,0.050000164421182415
0.5000000054668131,0.19999999999607349,-0.10000009139198242,0.29999918915762974,-0.4000000084712417,0.10000046763601432,0.05000022156597017
0.5000000068770059,0.19999999999468035,-0.10000011506564907,0.2999993226974532,-0.4000000106601874,0.10000058812944251,0.05000027871075793
0.5000000082871986,0.19999999999328721,-0.10000013873931572,0.2999994562372767,-0.40000001284913317,0.10000070862287071,0.05000033585554568
0.5000000096973913,0.1999999999918941,-0.10000016241298237,0.2999995897771002,-0.4000000150380789,0.1000008291162989,0.05000039300033344
0.5000000111075841,0.19999999999050097,-0.10000018608664903,0.29999972331692365,-0.40000001722702466,0.1000009496097271,0.050000450145121195
0.5000000055668555,0.19999999999544854,-0.10000009321769726,0.2999995207950874,-0.40000000863207236,0.10000047594922137,0.05000022561412999
0.500000000026127,0.20000000000039614,-0.1000000003487455,0.2999993182732512,-0.40000000003712005,0.10000000228871564,0.05000000108313878
0.49999999448539845,0.2000000000053437,-0.09999990747979372,0.29999911575141497,-0.39999999144216775,0.09999952862820992,0.04999977655214757
0.4999999889446699,0.20000000001029128,-0.09999981461084194,0.2999989132295787,-0.39999998284721544,0.0999990549677042,0.049999552021156364
0.49999998340394136,0.20000000001523885,-0.09999972174189016,0.2999987107077425,-0.39999997425226314,0.09999858130719848,0.04999932749016516
0.4999999778632128,0.20000000002018642,-0.0999996288729384,0.29999850818590623,-0.39999996565731083,0.09999810764669276,0.04999910295917395
0.4999999723224843,0.20000000002513402,-0.09999953600398663,0.29999830566407,-0.3999999570623585,0.09999763398618702,0.04999887842818275
0.4999999753309204,0.20000000002242976,-0.09999958642998674,0.2999979774241595,-0.3999999617291878,0.09999789117893536,0.049999000338274605
0.4999999783393565,0.2000000000197255,-0.09999963685598685,0.29999764918424904,-0.39999996639601704,0.09999814837168368,0.04999912224836646
0.4999999813477926,0.20000000001702126,-0.09999968728198697,0.29999732094433856,-0.3999999710628463,0.099998405564432,0.04999924415845831
0.4999999843562287,0.200000000014317,-0.09999973770798708,0.2999969927044281,-0.39999997572967555,0.09999866275718033,0.04999936606855016
0.49999998736466483,0.20000000001161278,-0.09999978813398719,0.29999666446451767,-0.3999999803965048,0.09999891994992866,0.04999948797864202
0.49999999037310094,0.20000000000890852,-0.0999998385599873,0.2999963362246072,-0.39999998506333406,0.09999917714267698,0.049999609888733865
0.49999999338153706,0.20000000000620427,-0.09999988898598741,0.2999960079846967,-0.3999999897301633,0.09999943433542531,0.04999973179882571
0.49999999638997317,0.20000000000350002,-0.09999993941198752,0.29999567974478625,-0.3999999943969926,0.09999969152817365,0.04999985370891756
0.49999999860382394,0.20000000000147997,-0.09999997653141485,0.2999962502451988,-0.39999999783166984,0.09999988076137989,0.049999943422353366
0.5000000008176747,0.19999999999945992,-0.10000001365084217,0.2999968207456114,-0.4000000012663471,0.10000006999458613,0.05000003313578917
0.5000000030315255,0.19999999999743984,-0.1000000507702695,0.299997391246024,-0.40000000470102437,0.10000025922779238,0.050000122849224976
0.5000000052453762,0.19999999999541976,-0.10000008788969682,0.29999796174643656,-0.40000000813570163,0.10000044846099862,0.05000021256266078
0.500000007459227,0.19999999999339968,-0.10000012500912414,0.29999853224684914,-0.4000000115703789,0.10000063769420486,0.050000302276096587
0.5000000096730778,0.19999999999137963,-0.10000016212855146,0.2999991027472617,-0.40000001500505616,0.10000082692741111,0.05000039198953239
0.5000000118869286,0.19999999998935958,-0.10000019924797879,0.2999996732476743,-0.40000001843973343,0.10000101616061735,0.0500004817029682
0.5000000141007793,0.1999999999873395,-0.10000023636740611,0.30000024374808687,-0.4000000218744107,0.1000012053938236,0.050000571416404
0.5000000163146301,0.19999999998531945,-0.10000027348683344,0.30000081424849945,-0.40000002530908796,0.10000139462702984,0.05000066112983981
0.5000000185284809,0.19999999998329937,-0.10000031060626076,0.300001384748912,-0.4000000287437652,0.10000158386023608,0.05000075084327561
0.5000000135849987,0.19999999998775878,-0.10000022773606801,0.30000171761155975,-0.4000000210748333,0.10000116127354682,0.05000055051579111
0.5000000086415165,0.19999999999221815,-0.10000014486587526,0.30000205047420747,-0.40000001340590136,0.10000073868685755,0.050000350188306605
0.5000000036980343,0.19999999999667756,-0.10000006199568251,0.3000023833368552,-0.4000000057369694,0.10000031610016828,0.0500001498608221
0.49999999875455214,0.20000000000113693,-0.09999997912548976,0.3000027161995029,-0.3999999980680375,0.09999989351347902,0.0499999495333376
0.49999999381106996,0.20000000000559634,-0.09999989625529701,0.30000304906215064,-0.39999999039910555,0.09999947092678975,0.04999974920585309
0.4999999888675878,0.20000000001005575,-0.09999981338510426,0.30000338192479836,-0.3999999827301736,0.09999904834010048,0.049999548878368584
0.4999999885714309,0.20000000001033175,-0.09999980841776838,0.30000328388796055,-0.39999998227063827,0.09999902303057832,0.04999953687654793
0.49999998827527403,0.20000000001060775,-0.09999980345043251,0.30000318585112273,-0.3999999818111029,0.09999899772105617,0.04999952487472727
0.49999998797911716,0.20000000001088375,-0.09999979848309663,0.3000030878142849,-0.39999998135156756,0.099998972411534,0.04999951287290661
0.4999999876829603,0.20000000001115975,-0.09999979351576076,0.3000029897774471,-0.3999999808920322,0.09999894710201185,0.04999950087108595
0.4999999873868034,0.20000000001143575,-0.09999978854842488,0.3000028917406093,-0.39999998043249685,0.09999892179248969,0.049999488869265286
0.4999999870906465,0.20000000001171178,-0.099999783581089,0.3000027937037715,-0.3999999799729615,0.09999889648296753,0.049999476867444624
0.49999998679448965,0.20000000001198778,-0.09999977861375313,0.30000269566693366,-0.39999997951342614,0.09999887117344537,0.04999946486562396
0.49999998649833277,0.20000000001226378,-0.09999977364641725,0.30000259763009585,-0.3999999790538908,0.09999884586392323,0.049999452863803306
0.4999999901661568,0.20000000000894108,-0.09999983513500646,0.3000020486874442,-0.39999998474397613,0.09999915939700318,0.04999960149717786
0.49999999383398086,0.20000000000561838,-0.09999989662359567,0.3000014997447925,-0.3999999904340615,0.09999947293008314,0.04999975013055241
0.4999999975018049,0.20000000000229567,-0.09999995811218487,0.30000095080214084,-0.39999999612414683,0.0999997864631631,0.049999898763926964
