0.0,1.0323,0.0,0.8247,0.0,1.57,0.0
0.003340976210772033,1.0323449462607006,0.006434907620631487,0.8279964918854603,0.0015253637597665228,1.5667935642487587,0.009696312830917665
0.010684168544789947,1.0324498364362713,0.020546224519532336,0.8352358835510273,0.004858248526180045,1.5597638643301805,0.030966813823147483
0.021105019629003262,1.0326089778997691,0.040513137423071464,0.8454988859737744,0.009551245518884754,1.549820532520141,0.0610756681779063
0.03305508831852238,1.0328068581531908,0.06331982706092082,0.857251419939031,0.014877968150064775,1.5384674172380102,0.09548410997963984
0.04502862321398918,1.0330262721682928,0.08604963115975249,0.8690062746110337,0.02014351406375167,1.5271583804163658,0.12980068787284937
0.05592566574398272,1.0332536923868543,0.10658306938784781,0.8796761412955609,0.0248461053994815,1.5169501532864718,0.16083170577945397
0.06515563758429442,1.0334791288580922,0.12379554392422906,0.8886805109820861,0.028723309083689662,1.5084022286991217,0.18687921728403284
0.07257812167973098,1.0336975270699127,0.13743471083933004,0.895884255878388,0.031721388156262145,1.5016390911646995,0.20755908641349857
0.07836411984962552,1.0339076406235077,0.14784825754719422,0.9014594236974144,0.033929962936958616,1.4964861725432332,0.22339099530571688
0.08284276518136428,1.0341111751261916,0.15568687976542006,0.9057339649126809,0.0355093332432392,1.492618304176128,0.23535221031003625
0.08637738352130289,1.0343105801623378,0.16166411937324623,0.9090690630001019,0.03663325472089822,1.489679372846994,0.24451555556460894
0.08928554258262722,1.0345080745049913,0.16640170348028546,0.9117800521569309,0.0374522166383822,1.4873592932496413,0.25181645110256146
0.09180200747531736,1.0347052961953933,0.17035866814960302,0.9140999497564882,0.03807704565348333,1.485429212019415,0.25794574147726207
0.09407448409859802,1.034903049257193,0.17382390068375472,0.916175356064036,0.03857746690389432,1.4837451373091983,0.26333822257345013
0.09617920255861795,1.0351015747245047,0.17694683324325608,0.9180819108290668,0.03898986141601228,1.4822325521486326,0.2682186286633203
0.0981437147047873,1.0353007913428072,0.17978249989573938,0.919847104296978,0.03932784109265161,1.4808640503709547,0.2726695986563024
0.09996952702958874,1.0355004887948336,0.1823358716588359,0.9214727102410699,0.03959287457422801,1.4796371034320859,0.27669834035887075
0.1016492264047844,1.0357004502566123,0.18459474866800302,0.9229521078290632,0.03978210033586806,1.4785578385240579,0.28028664007575604
0.10317843998921271,1.0359005106450005,0.1865522440874807,0.9242813401938511,0.03989481637401702,1.4776295132334534,0.2834238797136322
0.10456118251484683,1.0361005719390843,0.1882164645959922,0.9254640802416519,0.03993424090793873,1.4768478480365,0.2861213142581414
0.10580825390624901,1.0363005928324194,0.18960917482549836,0.926510970309386,0.03990645347770352,1.4762018327609805,0.28841109257551106
0.1069354349378549,1.0365005682545119,0.1907620108770477,0.9274377665311387,0.03981959974288474,1.4756755381805262,0.2903404782720472
0.10796055952450852,1.0367005110039715,0.19171082105686418,0.9282624390935066,0.03968248968074232,1.475251100282948,0.29196332170197936
0.10890120276165223,1.0369004382037101,0.19249096438769658,0.9290026642554264,0.03950365574125391,1.4749108755682745,0.29333290702828824
0.10977317350225639,1.037100364219879,0.19313405915275345,0.9296743079200758,0.03929071736797078,1.4746391079773216,0.29449686502680167
0.11058966826190283,1.0373002979949948,0.1936664321968969,0.9302905525558233,0.03905003450669585,1.4744227304304793,0.2954947629628185
0.11136102941914842,1.0375002433063427,0.19410861047074546,0.930861661028043,0.03878662946398822,1.474251456673352,0.29635740820469947
0.11209498504488878,1.037700200284313,0.19447597083413393,0.9313953308624505,0.038504298122961446,1.4741175854947537,0.29710788402935195
0.11279720811366498,1.0379001671262555,0.1947799013808382,0.9318972429030957,0.038205862564854476,1.4740154555334888,0.297763293533648
0.11347197200431379,1.0381001414179196,0.19502897729252355,0.9323716908369771,0.03789337252944492,1.4739407926919887,0.2983365177191087
0.11412268840424446,1.0383001209485125,0.1952300335369295,0.932822107388152,0.03756851357157436,1.4738901793552992,0.2988378052169228
0.11475226989078252,1.038500104054665,0.19538889238626644,0.9332514055528928,0.03723277730727348,1.473860697439837,0.29927587349128093
0.11536327640594456,1.0387000896512526,0.19551077369726413,0.9336621486086374,0.03688755002889749,1.473849733233635,0.29965853055515823
0.11595806790669469,1.0389000771100523,0.1956004686513338,0.9340567026496344,0.036534125550204084,1.47385491136327,0.299992944400279
0.11653880310151356,1.039100066105064,0.19566237564484917,0.9344372590173523,0.03617368754077739,1.4738740512664477,0.3002856985278661
0.11710745441379604,1.039300056471109,0.19570047499276305,0.9348058123844728,0.035807290561625016,1.473905166950495,0.30054275385901047
0.11766579278939844,1.0395000481008352,0.19571828771995348,0.9351641339397364,0.0354358502147074,1.4739464820104384,0.30076939801943636
0.11821537439203518,1.0397000408956514,0.19571886463530389,0.9355137637260006,0.035060146038658146,1.4739964418527116,0.30097022355340874
0.11875753961730166,1.0399000347439018,0.19570475337767204,0.9358560192815807,0.034680833376379915,1.4740537143048376,0.3011491493273596
0.11929342547825575,1.0401000295216105,0.19567807085438696,0.9361920159296744,0.034298460037783016,1.4741171775992292,0.3013094733724221
0.11982398876042732,1.0403000251009986,0.19564061175209416,0.9365226941030865,0.033913484568182266,1.474185896183406,0.3014539255740224
0.12035003197276808,1.0405000213605957,0.1955939186656118,0.9368488469455324,0.03352629243278014,1.4742590926324206,0.3015847212416467
0.12087222921287205,1.0407000181918389,0.19553932619736047,0.9371711450071679,0.03313720959325179,1.4743361192731226,0.3017037317739178
0.12139114909066298,1.040900015501775,0.19547798954870294,0.9374901568934993,0.03274651323539314,1.474416432278258,0.30181258378398157
0.12190727366740879,1.0411000132131225,0.19541090529643182,0.9378063661815763,0.03235444002339562,1.4744995701398356,0.3019127093839701
0.12242101342990495,1.0413000112627713,0.19533892890478105,0.9381201850623377,0.031961192440796996,1.474585137129445,0.30200536935380223
0.12293271894604389,1.0415000095991371,0.19526279114148928,0.9384319648763939,0.03156694378435638,1.4746727916366884,0.30209166520084185
0.12344268996455879,1.0417000081796095,0.19518311387389287,0.938742006157376,0.031171842228410393,1.4747622376355796,0.3021725492977056
0.12395118278436,1.0419000069685875,0.19510042511258807,0.9390505658275992,0.03077601428934569,1.474853217822469,0.30224883692128535
0.12445841634909074,1.042100005935932,0.19501517287046796,0.9393578625827842,0.03037956783184408,1.4749455093968518,0.3023212208303047
0.12496457746969011,1.042300005055832,0.19492773748489595,0.9396640827214261,0.02998259471928149,1.4750389204360694,0.302390287258241
0.12546982535459142,1.0425000043060835,0.1948384421928854,0.9399693850038368,0.029585173134664064,1.4751332865340552,0.3024565317034487
0.12597429557200557,1.0427000036675687,0.19474756204090898,0.9402739047609452,0.029187369602519248,1.4752284675147442,0.3025203733921396
0.12647810352619016,1.0429000031238567,0.194655331359255,0.9405777578415497,0.028789240743636226,1.4753243440465986,0.30258216788001335
0.12698134741160047,1.043100002660871,0.1945619498367747,0.9408810426352392,0.028390834745562227,1.4754208149493424,0.3026422173300715
0.12748411080581756,1.0433000022665946,0.19446758772565637,0.9411838428274923,0.02799219264054887,1.4755177943270084,0.30270077911301924
0.1279864648719609,1.0435000019307912,0.19437239019472843,0.941486229712456,0.027593349382511765,1.4756152090717187,0.30275807276972544
0.12848847022217655,1.0437000016447546,0.19427648100218858,0.9417882641081147,0.027194334754555818,1.4757129967686782,0.3028142856858098
0.12899017849323885,1.043900001401088,0.19417996561983192,0.9420899979364787,0.026795174135811676,1.4758111039815136,0.30286957778830575
0.12949163368049185,1.0441000011935042,0.194082933906048,0.9423914755338797,0.026395889151812048,1.475909484866595,0.3029240855013954
0.1299928732498972,1.0443000010166599,0.19398546235650554,0.9426927348088381,0.025996498218043344,1.4760081001626861,0.30297792505796955
0.13049392916924196,1.0445000008660013,0.19388761621590542,0.9429938080899416,0.02559701704625516,1.4761069160105356,0.30303119563813063
0.13099482867612436,1.044700000737651,0.19378945105360165,0.9432947229103351,0.025197459021850367,1.476205903310365,0.3030839817181105
0.13149559495430166,1.0449000006283073,0.19369101415455095,0.9435955026969364,0.024797835536778848,1.476305037140431,0.30313635516373905
0.13199624740626034,1.0451000005352062,0.19359234508516118,0.9438961663730865,0.02439815612416982,1.4764042968557334,0.30318837608781307
0.13249680308376488,1.045300000455916,0.19349347861773455,0.9441967313059276,0.02399842916184616,1.4765036637884181,0.3032400973000873
0.13299727615109555,1.0455000003884158,0.19339444363666858,0.9444972121325589,0.02359866160880245,1.476603122776065,0.30329156265574436
0.13349767881254934,1.0457000003309633,0.19329526503227626,0.9447976216777225,0.02319885946119065,1.4767026611029985,0.3033428099389813
0.13399802162469088,1.0459000002820513,0.1931959643374978,0.9450979706647133,0.02279902790584456,1.476802267534663,0.3033938718377465
0.13449831360389564,1.0461000002403926,0.19309655994535402,0.9453982681750754,0.022399171372994714,1.4769019322400718,0.3034447762749887
0.13499856239398833,1.046300000204896,0.19299706744971984,0.9456985218932128,0.02199929361855189,1.4770016466738194,0.30349554692618946
0.13549877445235325,1.0465000001746403,0.1928975000242273,0.9459987383255967,0.02159939781549029,1.4771014034609904,0.3035462037941119
0.13599895523504593,1.0467000001488465,0.19279786879952307,0.9462989229894516,0.021199486644764245,1.4772011962832368,0.3035967637807204
0.1364991093646231,1.0469000001268554,0.19269818320558274,0.9465990805721081,0.020799562377757475,1.477301019758011,0.30364724120611425
0.13699924076962877,1.0471000001081063,0.19259845125636063,0.9468992150614957,0.02039962694482134,1.477400869314706,0.3036976482402174
0.1374993527962549,1.0473000000921222,0.19249867977770385,0.9471993298532606,0.019999681990147164,1.4775007410763985,0.30374799524862645
0.1379994480312586,1.0475000000785333,0.19239887404618564,0.9474994276402963,0.019599728784760392,1.477600632052176,0.30379829024426114
0.13849952914801494,1.047700000066958,0.19229903951511834,0.9477995111803554,0.019199768642244767,1.4777005391825286,0.3038485415079902
0.13899959792980118,1.0479000000571421,0.19219917982214388,0.9480995821331036,0.018799802438826733,1.4778004604315542,0.3038987545635159
0.13949965656711633,1.048100000048774,0.19209929943563153,0.9483996429058785,0.01839983125082939,1.477900393291083,0.3039489361960356
0.13999970651870727,1.048300000041645,0.19199940133124094,0.9486996945683406,0.01799985579502002,1.4780003360936076,0.3039990909240558
0.14049974897188508,1.0485000000355873,0.19189948793095626,0.9489997385434227,0.017599876654796544,1.4781002874788327,0.3040492224253528
0.14099978516213868,1.0487000000304216,0.19179956175500984,0.9492997761683258,0.0171998944372242,1.4782002460361625,0.30409933452686166
0.14149981591727762,1.0489000000260316,0.19169962449203928,0.9495998081681335,0.01679990954905601,1.4783002108175318,0.3041494297927713
0.14199984147433253,1.0491000000223822,0.19159967662556476,0.9498998347745886,0.016399922106759154,1.4784001815510308,0.3041995089573087
0.14249986317093502,1.0493000000192847,0.19149972088420508,0.9501998573771759,0.015999932767592845,1.4785001567045362,0.3042495761638712
0.14299988133183375,1.0495000000166912,0.1913997579304098,0.95049987630343,0.015599941691124514,1.478600135906553,0.30429963241838387
0.14349989652342474,1.0497000000145207,0.19129978891956187,0.9507998921383345,0.015199949155658006,1.4787001185087063,0.3043496794752893
0.14399990931184786,1.0499000000126923,0.19119981500652203,0.9510999054694935,0.014799955439371591,1.4788001038628151,0.3043997190882376
0.14449992017818564,1.050100000011138,0.19109983717264384,0.9513999167972957,0.014399960778649868,1.4789000914180406,0.30444975274740943
0.14499992950305043,1.0503000000098035,0.19099985619433335,0.9516999265180922,0.013999965360510487,1.4790000807385608,0.3044997816317737
0.14549993757789728,1.0505000000086475,0.19089987266612582,0.9519999349356039,0.013599969328162752,1.4791000714906313,0.3045498066441295
0.14599994440272618,1.0507000000076698,0.19079988658802124,0.9522999420498308,0.013199972681606663,1.479200063674252,0.30459982778447675
0.14649995035565438,1.050900000006817,0.1906998987313362,0.9525999482550134,0.01279997560663385,1.479300056856422,0.30464984622405633
0.14699995543668187,1.0511000000060886,0.19059990909607064,0.9528999535511515,0.012399978103244315,1.4794000510371417,0.3046998619628683
0.14749995994987053,1.0513000000054415,0.19049991830247667,0.9531999582553187,0.011999980320841819,1.4795000458682024,0.30474987594276276
0.14799996389522035,1.051500000004876,0.1903999263505543,0.9534999623675149,0.011599982259426362,1.4796000413496042,0.30479988816373976
0.14849996727273132,1.0517000000043917,0.19029993324030353,0.9537999658877402,0.011199983918997946,1.4797000374813474,0.3048498986257993
0.14899997033844364,1.0519000000039522,0.19019993949401787,0.9540999690829927,0.010799985425364375,1.4798000339702018,0.30489990812204204
0.14949997309235732,1.0521000000035574,0.19009994511169728,0.9543999719532723,0.010399986778525654,1.4799000308161672,0.30494991665246796
0.14999997553447236,1.0523000000032074,0.1899999500933418,0.9546999744985791,0.00999998797848178,1.4800000280192438,0.30499992421707706
0.15049997766478876,1.0525000000029023,0.1898999544389514,0.9549999767189131,0.009599989025232755,1.4801000255794317,0.3050499308158693
0.1509999794833065,1.0527000000026419,0.1897999581485261,0.9552999786142742,0.009199989918778576,1.4802000234967307,0.3050999364488447
0.15149998099002562,1.0529000000024262,0.1896999612220659,0.9555999801846624,0.008799990659119246,1.480300021771141,0.3051499411160033
0.15199998242807253,1.0531000000022204,0.18959996415552197,0.9558999816835185,0.008399991365717176,1.480400020124198,0.30519994557044533
0.1524999837974472,1.0533000000020243,0.18949996694889434,0.9561999831108424,0.007999992038572367,1.4805000185559016,0.3052499498121708
0.15299998509814966,1.0535000000018382,0.189399969602183,0.9564999844666342,0.007599992677684817,1.4806000170662519,0.30529995384117964
0.1534999863301799,1.0537000000016619,0.18929997211538793,0.9567999857508938,0.007199993283054527,1.4807000156552488,0.3053499576574719
0.15399998749353788,1.0539000000014953,0.18919997448850917,0.9570999869636212,0.006799993854681497,1.4808000143228923,0.3053999612610476
0.15449998858822367,1.0541000000013387,0.1890999767215467,0.9573999881048164,0.006399994392565727,1.4809000130691825,0.3054499646519067
0.15499998961423722,1.054300000001192,0.1889999788145005,0.9576999891744795,0.005999994896707218,1.4810000118941191,0.30549996783004923
0.15549999057157857,1.054500000001055,0.1888999807673706,0.9579999901726105,0.005599995367105968,1.4811000107977024,0.3055499707954752
0.15599999146024768,1.054700000000928,0.18879998258015698,0.9582999910992093,0.005199995803761979,1.4812000097799323,0.3055999735481845
0.15649999228024458,1.0549000000008106,0.18869998425285966,0.9585999919542759,0.004799996206675249,1.4813000088408088,0.3056499760881773
0.15699999303156925,1.0551000000007031,0.18859998578547862,0.9588999927378103,0.00439999657584578,1.481400007980332,0.3056999784154535
0.15749999371422171,1.0553000000006054,0.1884999871780139,0.9591999934498127,0.00399999691127357,1.4815000071985018,0.30574998053001307
0.15799999432820194,1.0555000000005177,0.18839998843046543,0.9594999940902827,0.003599997212958621,1.4816000064953183,0.3057999824318561
0.15849999487350996,1.0557000000004397,0.18829998954283325,0.9597999946592207,0.003199997480900932,1.4817000058707812,0.3058499841209825
0.15899999535014575,1.0559000000003715,0.18819999051511738,0.9600999951566265,0.002799997715100503,1.4818000053248908,0.30589998559739234
0.15949999575810933,1.0561000000003133,0.18809999134731778,0.9603999955825001,0.002399997915557334,1.481900004857647,0.3059499868610856
0.15999999609740068,1.056300000000265,0.1879999920394345,0.9606999959368415,0.001999998082271425,1.4820000044690498,0.3059999879120623
0.16049999636801981,1.0565000000002263,0.18789999259146747,0.9609999962196508,0.0015999982152427763,1.4821000041590993,0.30604998875032235
0.16099999656996672,1.0567000000001976,0.18779999300341674,0.961299996430928,0.0011999983144713876,1.4822000039277954,0.30609998937586586
0.16149999670324142,1.0569000000001787,0.1876999932752823,0.961599996570673,0.0007999983799572589,1.4823000037751382,0.3061499897886928
0.16199999676784388,1.0571000000001696,0.18759999340706415,0.9618999966388858,0.0003999984117003903,1.4824000037011276,0.3061999899888031
0.16249999676377413,1.0573000000001704,0.1874999933987623,0.9621999966355664,-1.5902992182674491e-09,1.4825000037057634,0.30624998997619685
0.16299999669103216,1.057500000000181,0.18739999325037673,0.9624999965607149,-0.00040000162604156677,1.4826000037890459,0.306299989750874
0.16349999654961797,1.0577000000002015,0.18729999296190744,0.9627999964143312,-0.0008000016955266552,1.482700003950975,0.3063499893128346
0.16399999633953155,1.0579000000002319,0.18719999253335445,0.9630999961964154,-0.0012000017987544836,1.4828000041915508,0.30639998866207857
0.16449999606077292,1.058100000000272,0.18709999196471774,0.9633999959069673,-0.001600001935725052,1.4829000045107732,0.306449987798606
0.16499999571334206,1.058300000000322,0.18699999125599734,0.9636999955459872,-0.00200000210643836,1.4830000049086423,0.3064999867224168
0.16549999551240832,1.0585000000003508,0.1868999908461149,0.9639999953371658,-0.002400002205168998,1.4831000051387417,0.30654998610001194
0.16599999545797173,1.0587000000003586,0.18679999073507042,0.9642999952805035,-0.002800002231916966,1.4832000052010719,0.3065999859313914
0.16649999555003225,1.0589000000003452,0.1866999909228639,0.9645999953759999,-0.003200002186682263,1.4833000050956326,0.3066499862165553
0.1669999957885899,1.0591000000003108,0.18659999140949537,0.9648999956236554,-0.0036000020694648897,1.483400004822424,0.30669998695550355
0.16749999617364467,1.0593000000002553,0.18649999219496483,0.9651999960234696,-0.004000001880264847,1.483500004381446,0.3067499881482361
0.16799999670519655,1.0595000000001784,0.18639999327927223,0.9654999965754427,-0.004400001619082133,1.4836000037726984,0.30679998979475304
0.16849999738324556,1.0597000000000805,0.18629999466241762,0.9657999972795748,-0.004800001285916749,1.4837000029961815,0.3068499918950543
0.16899999799881735,1.0598999999999916,0.1861999959181163,0.9660999980768602,-0.005200000983450095,1.4838000022912146,0.3068999938018282
0.1694999985519119,1.060099999999912,0.1860999970463683,0.966399998967299,-0.0056000007116821715,1.4839000016577977,0.30694999551507474
0.16999999904252922,1.060299999999841,0.18599999804717357,0.9666999999508912,-0.0060000004706129775,1.4840000010959309,0.30699999703479386
0.1704999994706693,1.0604999999997793,0.18589999892053213,0.9670000010276367,-0.006400000260242514,1.484100000605614,0.3070499983609856
0.17099999983633213,1.0606999999997266,0.185799999666444,0.9673000021975356,-0.00680000008057078,1.4842000001868472,0.30709999949365
0.17150000013951774,1.060899999999683,0.18570000028490916,0.9676000034605879,-0.007199999931597775,1.4842999998396302,0.30715000043278706
0.17200000038022611,1.0610999999996484,0.18560000077592761,0.9679000048167936,-0.0075999998133235,1.4843999995639634,0.30720000117839674
0.17250000055845727,1.0612999999996229,0.18550000113949935,0.9682000062661528,-0.007999999725747955,1.4844999993598467,0.30725000173047906
0.17300000067421117,1.0614999999996064,0.1854000013756244,0.9685000078086653,-0.00839999966887114,1.4845999992272798,0.30730000208903396
0.17350000072748784,1.061699999999599,0.18530000148430273,0.9688000094443312,-0.008799999642693056,1.484699999166263,0.3073500022540615
0.17400000071828728,1.0618999999996006,0.18520000146553436,0.9691000111731505,-0.009199999647213701,1.4847999991767964,0.3074000022255617
0.17450000064660948,1.0620999999996112,0.18510000131931928,0.9694000129951231,-0.009599999682433077,1.4848999992588796,0.3074500020035345
0.17500000051245446,1.062299999999631,0.1850000010456575,0.9697000149102492,-0.009999999748351182,1.484999999412513,0.30750000158797997
0.1755000003158222,1.0624999999996596,0.184900000644549,0.9700000169185286,-0.010399999844968017,1.4850999996376961,0.30755000097889806
0.17600000005671268,1.0626999999996973,0.18480000011599382,0.9703000190199613,-0.010799999972283583,1.4851999999344294,0.30760000017628875
0.17649999973512595,1.0628999999997442,0.1846999994599919,0.9706000212145475,-0.011200000130297878,1.4853000003027128,0.30764999918015207
0.17699999935106198,1.0630999999998,0.1845999986765433,0.970900023502287,-0.011600000319010904,1.485400000742546,0.30769999799048803
0.17749999890452078,1.063299999999865,0.184499997765648,0.9712000258831799,-0.01200000053842266,1.4855000012539294,0.3077499966072966
0.17799999856582735,1.063499999999914,0.18439999707475038,0.9715000280060881,-0.012400000704842543,1.4856000016418043,0.307799995558171
0.17849999833498167,1.0636999999999475,0.1842999966038505,0.9718000298710118,-0.012800000818270558,1.4857000019061708,0.3078499948431112
0.17899999821198376,1.0638999999999652,0.18419999635294831,0.9721000314779507,-0.013200000878706703,1.485800002047029,0.3078999944621172
0.1794999981968336,1.0640999999999672,0.18409999632204385,0.9724000328269049,-0.013600000886150976,1.4859000020643787,0.30794999441518894
0.17999999828953117,1.0642999999999534,0.18399999651113708,0.9727000339178745,-0.01400000084060338,1.48600000195822,0.30799999470232653
0.1804999984900765,1.0644999999999238,0.18389999692022801,0.9730000347508594,-0.014400000742063913,1.486100001728553,0.3080499953235299
0.1809999987984696,1.0646999999998787,0.18379999754931667,0.9733000353258596,-0.014800000590532577,1.4862000013753776,0.3080999962787991
0.18149999921471044,1.0648999999998179,0.18369999839840304,0.9736000356428751,-0.015200000386009369,1.4863000008986937,0.30814999756813405
0.18199999973879905,1.0650999999997413,0.18359999946748712,0.973900035701906,-0.015600000128494291,1.4864000002985014,0.3081999991915348
0.18250000017773066,1.065299999999677,0.18350000036286007,0.9742000353125989,-0.015999999912821774,1.4864999997958317,0.30825000055115576
0.18300000053150525,1.0654999999996253,0.1834000010845219,0.974500034474954,-0.016399999738991818,1.4865999993906847,0.3083000016469969
0.18350000080012283,1.065699999999586,0.1833000016324726,0.9748000331889712,-0.016799999607004422,1.4866999990830605,0.30835000247905825
0.18400000098358338,1.0658999999995593,0.18320000200671216,0.9751000314546505,-0.017199999516859587,1.486799998872959,0.3084000030473398
0.1845000010818869,1.066099999999545,0.1831000022072406,0.975400029271992,-0.017599999468557313,1.4868999987603801,0.30845000335184153
0.18500000109503342,1.0662999999995433,0.1830000022340579,0.9757000266409955,-0.0179999994620976,1.486999998745324,0.30850000339256345
0.18550000102302291,1.066499999999554,0.1829000020871641,0.9760000235616612,-0.018399999497480446,1.4870999988277904,0.3085500031695056
0.18600000086585539,1.066699999999577,0.18280000176655914,0.976300020033989,-0.018799999574705854,1.4871999990077795,0.3086000026826679
0.18650000070241146,1.066899999999601,0.18270000143315107,0.9766000167983393,-0.019199999655015242,1.4872999991949565,0.3086500021763887
0.18700000053269114,1.0670999999996258,0.18260000108693986,0.9769000138547121,-0.019599999738408612,1.4873999993893214,0.3087000016506681
0.1875000003566944,1.0672999999996515,0.18250000072792552,0.9772000112031075,-0.019999999824885966,1.4874999995908744,0.30875000110550593
0.18800000017442126,1.0674999999996782,0.18240000035610804,0.9775000088435255,-0.0203999999144473,1.4875999997996152,0.3088000005409023
0.18849999998587172,1.0676999999997057,0.1822999999714874,0.977800006775966,-0.02080000000709262,1.487700000015544,0.30884999995685714
0.1889999997910458,1.067899999999734,0.18219999957406366,0.978100005000429,-0.02120000010282192,1.4878000002386607,0.3088999993533705
0.18949999958994343,1.0680999999997633,0.18209999916383676,0.9784000035169146,-0.021600000201635206,1.4879000004689653,0.3089499987304423
0.18999999938256468,1.0682999999997935,0.18199999874080675,0.9787000023254228,-0.022000000303532472,1.488000000706458,0.30899999808807266
0.19049999916890953,1.0684999999998246,0.18189999830497358,0.9790000014259534,-0.022400000408513723,1.4881000009511385,0.3090499974262615
0.19099999894897798,1.0686999999998565,0.1817999978563373,0.9793000008185067,-0.022800000516578954,1.488200001203007,0.3090999967450089
0.19149999872277002,1.0688999999998894,0.18169999739489787,0.9796000005030824,-0.02320000062772817,1.4883000014620633,0.30914999604431476
0.19199999849028565,1.0690999999999231,0.18159999692065532,0.9799000004796807,-0.023600000741961367,1.4884000017283077,0.30919999532417913
0.1924999982515249,1.0692999999999577,0.18149999643360962,0.9802000007483016,-0.024000000859278545,1.48850000200174,0.309249994584602
0.19299999800648773,1.0694999999999932,0.18139999593376077,0.980500001308945,-0.024400000979679707,1.4886000022823602,0.3092999938255834
0.19349999775517415,1.0697000000000296,0.1812999954211088,0.9808000021616109,-0.02480000110316485,1.4887000025701684,0.30934999304712324
0.19399999749758418,1.069900000000067,0.1811999948956537,0.9811000033062994,-0.025200001229733978,1.4888000028651645,0.3093999922492216
0.1944999972337178,1.070100000000105,0.18109999435739546,0.9814000047430105,-0.025600001359387087,1.4889000031673485,0.30944999143187846
0.19499999696357503,1.0703000000001441,0.18099999380633408,0.981700006471744,-0.02600000149212418,1.4890000034767206,0.3094999905950938
0.19549999668715584,1.070500000000184,0.18089999324246958,0.9820000084925001,-0.026400001627945254,1.4891000037932804,0.3095499897388677
0.19599999640446025,1.070700000000225,0.18079999266580193,0.9823000108052788,-0.026800001766850313,1.4892000041170284,0.3095999888632001
0.19649999611548827,1.0709000000002666,0.18069999207633117,0.9826000134100801,-0.027200001908839352,1.4893000044479643,0.309649987968091
0.1969999958202399,1.0711000000003092,0.18059999147405725,0.9829000163069038,-0.027600002053912377,1.489400004786088,0.3096999870535404
0.1974999956760561,1.0713000000003299,0.18049999117993848,0.9832000191348448,-0.028000002124758453,1.4895000049512102,0.3097499866069222
0.19799999568293697,1.0715000000003287,0.18039999119397485,0.9835000218939028,-0.028400002121377586,1.4896000049433307,0.3097999866282365
0.19849999584088243,1.0717000000003059,0.18029999151616635,0.9838000245840781,-0.02880000204376977,1.4897000047624496,0.3098499871174832
0.19899999614989253,1.071900000000261,0.180199992146513,0.9841000272053705,-0.02920000189193501,1.4898000044085669,0.30989998807466235
