0.0,1.0323,0.0,0.8247,0.0,1.57,0.0
0.0015414657690573656,1.0323224393855877,0.002963809514113892,0.8262201482041618,0.0007024108551061235,1.5685242315285688,0.00446636931518036
0.005564594013556787,1.0323838306014574,0.010683316282686477,0.8301846891921933,0.0025264226029088122,1.56468112303188,0.016102042846824753
0.01241236110136965,1.0324937023262915,0.02379279319227639,0.8369272150308913,0.005613282809252547,1.5581561140116817,0.035867598543373874
0.021898289256803816,1.0326546790700446,0.04190792741365246,0.846260018096805,0.009858949973019176,1.5491422505303973,0.06319112174053511
0.03342997313106717,1.0328607850787075,0.06386483036145789,0.8575948250209148,0.014976500858937244,1.5382205792136,0.09632489396577856
0.04615591515274491,1.0331020972460851,0.08800652205057177,0.870088477791622,0.02056539560240142,1.5262169934131375,0.13277591241330333
0.059118261079639106,1.033366665708556,0.11247932776125866,0.8827939661473265,0.02618203088913649,1.5140557982054346,0.16975205365571983
0.07139270900399053,1.033641545016779,0.1355031255607459,0.8947992734756837,0.03140508740161631,1.502623407951656,0.20457084239984208
0.08220262461439551,1.0339148177082715,0.15559066317165515,0.9053392861433038,0.035886383742310485,1.4926597537096582,0.23498917331667446
0.09099682720561558,1.0341766625207156,0.17169593205505354,0.9138726279195802,0.03938544334382736,1.4846844668242078,0.25942731430149124
0.09748832944041826,1.0344203249783392,0.18328639413249634,0.9201193188544322,0.041785014105688245,1.4789613162781408,0.2770780540206449
0.10165488939667183,1.034642192435733,0.19034176449475457,0.9240611919970655,0.04309382699309383,1.4754988336403232,0.28790571483494426
0.10371140400819837,1.0348442173719294,0.19329493444937346,0.9259124247697246,0.04342540280773895,1.4740794973006506,0.29255587824755064
0.10405041938570807,1.0350301552674752,0.1929197625219223,0.9260626229228838,0.04297181037034965,1.4743164564794482,0.29218911157029814
0.10317386463474278,1.0352050251647056,0.19019823691969615,0.9250095022829277,0.04197155441239449,1.4757196512789248,0.28828134260287513
0.10162196917910095,1.0353742994402972,0.1861823334678521,0.9232882716088012,0.04067674721356623,1.4777647970068608,0.2824156133151528
0.09990768699465251,1.0355431246394693,0.18186736049803884,0.9214069025932965,0.039323403002128436,1.4799563798475555,0.2760912005543894
0.0984639337643686,1.0357158380052758,0.1780900851320096,0.9197938054491442,0.03810772367839367,1.4818781478017848,0.27056997576488734
0.09760768845586992,1.0358955674970285,0.17546015257714412,0.9187624222798202,0.037170556993308776,1.4832272139969755,0.26677264259586725
0.09752301857259356,1.0360841997994388,0.17432804488443243,0.9184943977405828,0.0365907806457984,1.4838298483038699,0.2652298283310643
0.09826117308619074,1.0362800065417468,0.1747868119807358,0.9190399387005107,0.03638591219500863,1.4836406771301456,0.26608452948938804
0.09975317996603575,1.036480903647501,0.17670039548730507,0.9203320235195942,0.03651700955330904,1.4827288068661029,0.26913605622253334
0.10184160506649782,1.0366846797138063,0.17976130111535518,0.92221550944843,0.036906511025759516,1.4812482705268633,0.2739241935520957
0.10431368041644151,1.03688931925178,0.18355522802597207,0.9244800249034926,0.03745380255364735,1.4794058307292024,0.2798264442002753
0.10693575771200875,1.0370932589831963,0.18762817784489955,0.926894124991952,0.0380510683567564,1.4774275957027436,0.28615901185443243
0.10948487496023902,1.0372959801515336,0.19154764328857946,0.9292366430882745,0.038597470234024316,1.4755285764314061,0.29226933045974485
0.11177415022337794,1.0374975411099159,0.19495189672137134,0.9313219591939242,0.03901036105963066,1.473888252897536,0.29761056938492286
0.11367000813530606,1.037698266448142,0.19758328234645858,0.9330171783764574,0.03923260700114618,1.472634112585656,0.3017921231792166
0.11510016218166576,1.0378985084607713,0.19930377042691444,0.9342503417618623,0.03923545812784716,1.4718340810168937,0.3046035777850376
0.1160539404344916,1.038098543462168,0.2000947948991802,0.9350104611432218,0.039021963563515824,1.471496520032077,0.30601453150846514
0.11657803630662728,1.0382985528897337,0.20004573356678892,0.9353418204490002,0.03861789231760637,1.471575690904927,0.30615581277395243
0.11675889967865628,1.0384985982466728,0.19932412721221654,0.935328856912948,0.03806554958167571,1.4719873759919957,0.3052772756688722
0.11670705394867838,1.0386987025584655,0.19814510442121477,0.9350806390102469,0.037416579448952596,1.472624123280236,0.30370181657385337
0.11654090111750924,1.0388988467874085,0.1967397407602953,0.9347147449862581,0.03672470152572189,1.4733709643053061,0.30177761172649425
0.11637199895036995,1.039099004841593,0.19532623097488125,0.9343425307571954,0.03603928887390076,1.4741196803521421,0.2998344744643425
0.11629332311503034,1.0392991590597995,0.19408684054022093,0.9340573073522748,0.03540039946878599,1.4747801790335118,0.2981488246037723
0.11637143978101308,1.039499298301457,0.19315247354587975,0.9339263800217674,0.03483562697940762,1.4752880567437356,0.29692010115989975
0.11664322408010082,1.0396994164231075,0.1925958257615539,0.9339874632797761,0.034359176169939616,1.475607848580538,0.29625995890249357
0.11711570407350805,1.0398995128767994,0.19243151957962343,0.934248567321518,0.03396848643915607,1.4757330544468201,0.296192450500517
0.11776663137427457,1.0400995920526483,0.19262020553744919,0.9346901064511968,0.033650900671932125,1.4756843867192722,0.29666168018214367
0.11855559324391401,1.0402996561976374,0.19308554637140218,0.9352735397712493,0.033386931217907666,1.4755005279297546,0.2975547854760083
0.1194315728627772,1.040499712008238,0.19372894632590557,0.9359488500466514,0.033153597383466696,1.4752307972515493,0.2987240825990104
0.12034059312363976,1.0406997586168931,0.19444463531210102,0.9366622192555193,0.032927666150880136,1.474927680745623,0.3000099057650811
0.12123254400034648,1.0408997964968836,0.19513330032976064,0.937362984277437,0.032688427114547676,1.4746401339481194,0.30126137064097575
0.12206652646506962,1.0410998260663,0.1957128784487731,0.9380091618092183,0.032419755042452876,1.474408316667587,0.302352939474781
0.12281429836965864,1.0412998503452304,0.19612568473343991,0.9385711140071316,0.03211131877584104,1.4742601630192085,0.30319548916687583
0.12346140915633691,1.041499871022766,0.1963412883777747,0.9390330498916893,0.03175875387253387,1.4742101042158742,0.30374111528610476
0.12401085362690017,1.0416998889859659,0.1963565688542778,0.939393181114671,0.03136705418563885,1.474256671203512,0.3039832160728252
0.12447597977998288,1.0418999047290896,0.19619532215403046,0.939663462187607,0.03094455182548497,1.4743878325001818,0.3039543998817925
0.12487744220322108,1.0420999182047315,0.19589753993494874,0.9398641101604818,0.030501499352441636,1.4745839307990662,0.30371291792725486
0.12523975063654005,1.0422999297895728,0.1955123932789826,0.9400200474062865,0.030048633602396492,1.474821077945952,0.30333211648560865
0.12558787653123432,1.0424999397898405,0.19509118291706307,0.940157321257157,0.029595891592464365,1.4750745406539898,0.30288969346966466
0.1259443119439766,1.0426999484723223,0.19468109371114736,0.9402999261549367,0.02915140831242604,1.4753217212420668,0.30245805154367245
0.12632685508045702,1.0428999561171293,0.19432036292019159,0.9404673416677121,0.028720872473042707,1.475544443072568,0.30209671345568645
0.12674727479174527,1.0430999627886934,0.1940352166224317,0.9406729655085713,0.028307475987961947,1.475730378088131,0.30184737904057457
0.1272111491309593,1.0432999685102429,0.19383897046375584,0.9409236482805504,0.0279080877827128,1.475873381589935,0.3017321085545494
0.12771423640413845,1.0434999733146113,0.19372846081980463,0.9412177438817194,0.02751867608105136,1.4759740630049238,0.30175233340490615
0.12824858308703826,1.0436999772623177,0.19369108484759087,0.9415488463335883,0.02713488290510092,1.4760398980341436,0.30189049176358723
0.12880398594448778,1.0438999806912577,0.19370768607512515,0.9419072496440789,0.026752554342041338,1.4760811688517823,0.30211793014737615
0.12936949995294225,1.044099983590006,0.19375577411568257,0.9422815744114675,0.026368170400940152,1.4761093542719772,0.30239992549433525
0.12993480958565168,1.0442999859720037,0.19381265085949528,0.9426603462651856,0.025979479642600365,1.4761356207208356,0.3027006621759903
0.13049132168762215,1.0444999878985695,0.19385809052290923,0.9430333480718355,0.02558645214741665,1.4761695751318746,0.3029875861649927
0.13103289456362321,1.0446999895471212,0.1938763268067022,0.9433926214914423,0.025190118559542018,1.47621838722044,0.30323472087047154
0.13155589494774933,1.0448999909942716,0.19385721913957807,0.9437330532718043,0.02479174607886308,1.4762865251765,0.30342471301166396
0.13206313177295487,1.045099992283601,0.19379638873502672,0.9440524400118336,0.024392392103643388,1.4763729444429146,0.30354925496053065
0.13255854774657366,1.0452999934077734,0.19369863416193253,0.944352678797899,0.023992748690710854,1.4764748521329192,0.3036127323181077
0.13304656956615724,1.0454999943742087,0.19357196422975395,0.9446381644564136,0.023593164472798626,1.4765882682182463,0.3036256129443025
0.1335315549346927,1.045699995258956,0.19342622446099114,0.9449141625779626,0.023193743834473705,1.4767086450140785,0.30360235405542546
0.1340173263780329,1.0458999960344904,0.19327170965044432,0.9451860857850347,0.02279445619671744,1.4768314628849164,0.303559151500135
0.1345068340626987,1.0460999966854059,0.19311792766502892,0.945458858860177,0.022395221400188386,1.4769527356592007,0.30351181926611853
0.13500073696018197,1.046299997226466,0.1929726372842568,0.9457364342896607,0.021995961817942042,1.477069379750956,0.30347402882592783
0.13549818631665334,1.0464999976619846,0.19284123201397124,0.9460212899236867,0.0215966253120376,1.4771794234700255,0.30345606068706493
0.13599788053783057,1.0466999980158438,0.19272671164099298,0.9463129959605344,0.021197188652629224,1.4772820245525868,0.3034642753498137
0.13649864131653386,1.0468999983046494,0.19262587907218984,0.9466105063692569,0.02079765102038073,1.4773779379206453,0.303499590985103
0.1369996482218002,1.0470999985397427,0.19253471411403322,0.9469123776064879,0.02039802467428289,1.477469622851574,0.30355731656583795
0.1375004616865648,1.0472999987458276,0.1924489308638583,0.9472169819542529,0.01999832681498697,1.477559541367759,0.3036311377769427
0.13800093403636285,1.047499998929609,0.1923644870801185,0.9475227123751417,0.019598574159970353,1.4776494702578824,0.3037140645869936
0.1385010915289189,1.0476999990920837,0.19227799214370236,0.9478281555318803,0.019198780322933977,1.4777405280002376,0.3037993196495439
0.1390010338045322,1.0478999992317912,0.1921874493378564,0.9481322204735858,0.018798955159551364,1.4778331649538892,0.3038810727235404
0.139500867861814,1.0480999993496256,0.19209292326783983,0.9484342495075877,0.0183991052673677,1.477927363637613,0.3039549548254971
0.14000067539373962,1.0482999994482916,0.19199543326871246,0.9487339642213829,0.017999234913715245,1.478022996118343,0.3040182862729609
0.14050050439094103,1.04849999953094,0.1918961839174606,0.9490315247797944,0.0175993469431335,1.4781198510348443,0.304073060269432
0.1410003740709795,1.048699999600247,0.19179615704784939,0.9493277421448213,0.01719944346085321,1.4782176656972963,0.3041222679000891
0.1415002848175569,1.0488999996590656,0.1916959790835588,0.9496234921644812,0.016799526245430657,1.4783161608884248,0.30416881499721454
0.1420002278191092,1.0490999997092507,0.19159595174967056,0.9499194298309834,0.01639959694267438,1.4784150714916309,0.3042146696744647
0.1425001920261466,1.0492999997522052,0.19149615005906873,0.9502159162306304,0.015999657113758493,1.4785141710607757,0.3042609340102771
0.1430001680203883,1.0494999997889112,0.19139652777820637,0.950513065406827,0.015599708224734927,1.478613287944339,0.3043080672180358
0.14350014941539238,1.0496999998202279,0.19129699751878101,0.9508108562126528,0.015199751617294071,1.4787123112285538,0.3043561004637746
0.14400013276564513,1.0498999998469123,0.19119747835923778,0.9511092238946094,0.014799788473403798,1.4788111813163634,0.3044048495568019
0.14450011676970895,1.0500999998696237,0.19109791607206134,0.9514080719519104,0.014399819801080948,1.4789098978087785,0.3044540730280371
0.14500010133080557,1.050299999888945,0.1909982851520914,0.9517072861891548,0.013999846460329222,1.4790085566636197,0.3045035613586914
0.14550008684178758,1.0504999999053863,0.19089858190503514,0.9520067494406105,0.013599869172338994,1.4791072656945012,0.30455317074326965
0.14600007373505472,1.0506999999193836,0.19079881527561474,0.9523063536622984,0.01319988853782143,1.4792061028344219,0.30460282247526377
0.1465000622741105,1.0508999999313067,0.19069899898546763,0.9526060093921912,0.012799905056151016,1.4793051054721316,0.3046524861079694
0.14700005251262566,1.0510999999414659,0.19059914644427559,0.9529056517077531,0.012399919144302643,1.4794042771476137,0.30470215930077904
0.1475000443351379,1.0512999999501236,0.19049926823064964,0.9532052405170199,0.011999931156543592,1.4795036001722424,0.3047518510559421
0.14800003754123528,1.0514999999574903,0.19039937135062257,0.9535047576328674,0.011599941378614132,1.4796030536661136,0.30480157182388806
0.1485000318968321,1.0516999999637542,0.19029946021398214,0.9538042087188852,0.011199950068700034,1.479702612892978,0.30485132772376367
0.14900002717686942,1.0518999999690848,0.19019953750960103,0.9541036362445519,0.010799957461552469,1.47980225392595,0.3049011198667807
0.14950002321634961,1.0520999999736025,0.19009960443560023,0.954403088705816,0.010399963725158723,1.4799019537833118,0.3049509463522021
0.15000001986605052,1.0522999999774343,0.18999966216255137,0.9547025976364429,0.009999969036523138,1.4800016940835303,0.3050008025876287
0.15050001701047844,1.0524999999806914,0.18989971175386305,0.9550021766800626,0.009599973550633242,1.480101464265203,0.3050506833562475
0.15100001455737946,1.0526999999834734,0.1897997542781109,0.9553018263364801,0.009199977405455806,1.4802012590512328,0.3051005835817632
0.1515000124473551,1.052899999985851,0.18969979057683686,0.9556015428960808,0.008799980699621852,1.4803010772112992,0.30515049937481287
0.15200001063535168,1.0530999999878816,0.18959982144316465,0.9559013191554507,0.008399983513090901,1.4804009182479327,0.30520042777058526
0.1525000090837802,1.0532999999896144,0.1894998476379477,0.9562011454634379,0.00799998591408969,1.4805007813666826,0.3052503665161194
0.15300000776140607,1.0534999999910892,0.18939986983851914,0.9565010110054961,0.007599987958421396,1.4806006651512458,0.3053003140436083
0.15350000663546648,1.053699999992345,0.18929988867221853,0.9568009049956091,0.007199989699479946,1.480700567003738,0.30535026902330487
0.15400000567706731,1.0538999999934149,0.18919990468278655,0.9571008178155493,0.006799991183015247,1.4808004842284583,0.30540023041540804
0.15450000486071283,1.0540999999943272,0.1890999183276237,0.9574007417041129,0.006399992448358639,1.4809004142754076,0.30545019734240414
0.15500000416369722,1.054299999995107,0.188999929995907,0.9577006710446042,0.005999993530066346,1.4810003548716202,0.3055001690073594
0.1555000035694161,1.0544999999957718,0.18889993995963347,0.9580006026054496,0.005599994452923387,1.4811003042953723,0.30555014483714493
0.15600000306123432,1.0546999999963407,0.18879994849395215,0.9583005347322804,0.005199995242493781,1.4812002610667065,0.3056001241742398
0.15650000263303435,1.0548999999968196,0.18869995569484813,0.9586004696445724,0.004799995908036628,1.4813002246387241,0.3056501067732036
0.15700000227680277,1.0550999999972173,0.1885999616910898,0.9589004099856987,0.004399996461826431,1.4814001943201,0.305700092306464
0.15750000198103986,1.0552999999975463,0.1884999666720734,0.959200357001234,0.003999996921630805,1.4815001691310423,0.30575008030366524
0.15800000173353695,1.0554999999978203,0.18839997084043997,0.9595003113571081,0.003599997306371033,1.4816001480381744,0.30580007026448297
0.1585000015241916,1.0556999999980508,0.1882999743653901,0.9598002727689233,0.0031999976317444545,1.4817001301866028,0.30585006177615237
0.15900000134515255,1.055899999998247,0.1881999773790646,0.9601002407742814,0.0027999979099667927,1.4818001149117666,0.3059000545185094
0.15950000119049182,1.0560999999984158,0.1880999799815106,0.9604002147545649,0.002399998150267685,1.4819001017116031,0.3059500482501654
0.16000000105577158,1.0562999999985623,0.18799998224773218,0.9607001939674389,0.0019999983595584627,1.4820000902099406,0.30600004279061993
0.16050000093621788,1.0564999999986928,0.18789998425814639,0.9610001768339227,0.0015999985452625589,1.4821000799998598,0.30605003794619057
0.16100000083063964,1.056699999998808,0.18779998603317896,0.9613001626850143,0.001199998709244659,1.4822000709817857,0.30610003366826766
0.16150000073750212,1.0568999999989095,0.18769998759885337,0.9616001508648995,0.000799998853896654,1.4823000630256875,0.3061500298945033
0.1620000006552779,1.0570999999989987,0.1875999889809664,0.9619001407582424,0.00039999898159521395,1.4824000560015933,0.30620002656294176
0.16250000058258254,1.0572999999990773,0.18749999020285493,0.9622001318136266,-9.055070676025796e-10,1.4825000497914527,0.3062500236174621
0.16300000051941604,1.0574999999991455,0.187399991264519,0.9625001240310522,-0.0004000008074101907,1.4826000443952656,0.3063000210580643
0.1635000004657784,1.057699999999203,0.1872999921659586,0.9628001174105192,-0.0008000007241141553,1.4827000398130321,0.30635001888474833
0.16400000041832086,1.0578999999992538,0.18719999296352655,0.9631001114177651,-0.0012000006504157923,1.4828000357587987,0.3064000169618296
0.16450000037704346,1.058099999999298,0.18709999365722285,0.9634001060527898,-0.0016000005863151018,1.4829000322325656,0.3064500152893081
0.16500000034194617,1.0582999999993352,0.1869999942470475,0.9637001013155934,-0.0020000005318120836,1.4830000292343326,0.30650001386718384
0.165500000313029,1.0584999999993658,0.1868999947330005,0.9640000972061757,-0.002400000486906738,1.4831000267641,0.30655001269545684
0.16600000029029197,1.0586999999993898,0.18679999511508186,0.964300093724537,-0.0028000004515990645,1.4832000248218673,0.30660001177412705
0.1665000002689651,1.0588999999994124,0.18669999547348953,0.9646000903764379,-0.003200000418480337,1.483300023000128,0.30665001090994204
0.16700000024904846,1.0590999999994335,0.18659999580822356,0.9649000871618787,-0.003600000387550555,1.4834000212988825,0.3067000101029018
0.16750000023054198,1.0592999999994532,0.18649999611928392,0.9652000840808593,-0.004000000358809719,1.4835000197181303,0.3067500093530064
0.16800000021344572,1.0594999999994716,0.1863999964066706,0.9655000811333798,-0.004400000332257828,1.4836000182578715,0.30680000866025575
0.16850000019775963,1.0596999999994887,0.1862999966703836,0.9658000783194401,-0.004800000307894884,1.483700016918106,0.3068500080246499
0.16900000018348374,1.0598999999995042,0.18619999691042297,0.9661000756390402,-0.005200000285720885,1.483800015698834,0.30690000744618884
0.16950000017061806,1.0600999999995184,0.18609999712678865,0.9664000730921801,-0.005600000265735832,1.4839000146000554,0.30695000692487256
0.17000000015916256,1.0602999999995313,0.18599999731948066,0.9667000706788599,-0.006000000247939724,1.4840000136217704,0.3070000064607011
0.17050000014911726,1.0604999999995426,0.185899997488499,0.9670000683990795,-0.006400000232332563,1.4841000127639787,0.3070500060536744
0.17100000014048214,1.0606999999995526,0.1857999976338437,0.9673000662528389,-0.006800000218914347,1.4842000120266805,0.3071000057037925
0.17150000013325722,1.0608999999995612,0.1856999977555147,0.9676000642401381,-0.007200000207685077,1.4843000114098757,0.30715000541105536
0.1720000001274425,1.0610999999995685,0.18559999785351206,0.9679000623609771,-0.0076000001986447525,1.4844000109135642,0.30720000517546303
0.17250000012303796,1.0612999999995743,0.18549999792783575,0.968200060615356,-0.008000000191793375,1.4845000105377462,0.3072500049970155
0.1730000001200436,1.0614999999995787,0.18539999797848578,0.9685000590032747,-0.008400000187130942,1.4846000102824215,0.30730000487571274
0.17350000011845945,1.0616999999995818,0.18529999800546212,0.9688000575247333,-0.008800000184657455,1.4847000101475905,0.3073500048115548
0.17400000011828548,1.0618999999995835,0.1851999980087648,0.9691000561797316,-0.009200000184372913,1.4848000101332528,0.3074000048045416
0.17450000011952171,1.0620999999995837,0.18509999798839383,0.9694000549682698,-0.009600000186277317,1.4849000102394085,0.3074500048546732
0.17500000012216815,1.0622999999995826,0.18499999794434918,0.9697000538903477,-0.010000000190370667,1.4850000104660577,0.3075000049619496
0.17550000012622477,1.0624999999995801,0.18489999787663086,0.9700000529459656,-0.010400000196652963,1.4851000108132002,0.3075500051263708
0.1760000001316916,1.062699999999576,0.18479999778523887,0.9703000521351233,-0.010800000205124205,1.4852000112808361,0.3076000053479368
0.1765000001385686,1.0628999999995707,0.18469999767017323,0.9706000514578207,-0.011200000215784392,1.4853000118689657,0.30765000562664757
0.1770000001468558,1.063099999999564,0.1845999975314339,0.970900050914058,-0.011600000228633525,1.4854000125775886,0.30770000596250313
0.17750000015655318,1.063299999999556,0.18449999736902092,0.9712000505038351,-0.012000000243671604,1.485500013406705,0.3077500063555035
0.17800000016766077,1.0634999999995465,0.18439999718293426,0.971500050227152,-0.012400000260898629,1.4856000143563146,0.3078000068056486
0.17850000017322762,1.063699999999542,0.18429999708971656,0.9718000497479471,-0.0128000002695307,1.4857000148322639,0.30785000703126275
0.17900000017325374,1.0638999999995424,0.18419999708936782,0.9721000490662204,-0.013200000269567821,1.4858000148345527,0.3079000070323459
0.17950000016773915,1.0640999999995477,0.18409999718188802,0.9724000481819718,-0.013600000261009989,1.4859000143631809,0.307950006808898
0.18000000015668383,1.064299999999558,0.18399999736727718,0.9727000470952014,-0.014000000243857204,1.4860000134181486,0.3080000063609192
0.18050000014008777,1.0644999999995732,0.1838999976455353,0.9730000458059092,-0.014400000218109468,1.4861000119994558,0.30805000568840935
0.18100000011795098,1.0646999999995934,0.18379999801666236,0.9733000443140951,-0.014800000183766778,1.4862000101071025,0.3081000047913685
0.18150000009027345,1.0648999999996185,0.18369999848065838,0.9736000426197592,-0.015200000140829137,1.4863000077410886,0.30815000366979667
0.18200000006560438,1.065099999999641,0.1835999988942284,0.9739000405971834,-0.015600000102558324,1.4864000056322675,0.3082000026701349
0.18250000004394373,1.0652999999996606,0.18349999925737243,0.9742000382463676,-0.016000000068954343,1.486500003780639,0.30825000179238327
0.18300000002529151,1.0654999999996777,0.18339999957009043,0.9745000355673119,-0.01640000004001719,1.4866000021862036,0.3083000010365417
0.18350000000964775,1.0656999999996921,0.18329999983238243,0.9748000325600163,-0.016800000015746865,1.4867000008489608,0.30835000040261024
0.18399999999701241,1.0658999999997036,0.18320000004424844,0.9751000292244809,-0.01719999999614337,1.4867999997689108,0.30839999989058886
0.1844999999873855,1.0660999999997125,0.18310000020568845,0.9754000255607055,-0.017599999981206704,1.4868999989460534,0.3084499995004776
0.18499999998076705,1.0662999999997187,0.18300000031670247,0.9757000215686902,-0.01799999997093687,1.4869999983803888,0.3084999992322764
0.18549999997715702,1.0664999999997222,0.18290000037729048,0.976000017248435,-0.01839999996533386,1.4870999980719168,0.3085499990859853
0.18599999997576083,1.0666999999997238,0.18280000040075906,0.9763000134986802,-0.01879999996316553,1.4871999979526782,0.30859999902940766
0.1864999999765785,1.0668999999997233,0.1827000003871082,0.9766000103194259,-0.019199999964431877,1.4872999980226729,0.3086499990625434
0.18699999997961003,1.0670999999997208,0.18260000033633794,0.9769000077106719,-0.019599999969132902,1.4873999982819006,0.30869999918539265
0.18749999998485542,1.0672999999997161,0.18250000024844826,0.9772000056724183,-0.019999999977268604,1.4874999987303616,0.30874999939795533
0.18799999999231465,1.0674999999997095,0.18240000012343913,0.9775000042046651,-0.02039999998883898,1.4875999993680558,0.3087999997002314
0.18850000000198772,1.0676999999997008,0.18229999996131058,0.9778000033074123,-0.02080000000384404,1.4877000001949832,0.30885000009222097
0.18900000001387465,1.06789999999969,0.1821999997620626,0.97810000298066,-0.021200000022283772,1.4878000012111439,0.3089000005739239
0.18950000002797543,1.0680999999996774,0.1820999995256952,0.9784000032244081,-0.02160000004415818,1.4879000024165376,0.3089500011453403
0.19000000004429005,1.0682999999996627,0.18199999925220836,0.9787000040386566,-0.02200000006946727,1.4880000038111647,0.30900000180647014
0.19050000006281853,1.068499999999646,0.1818999989416021,0.9790000054234056,-0.022400000098211036,1.4881000053950248,0.3090500025573134
0.19100000007640353,1.0686999999996338,0.18179999871386604,0.9793000071410172,-0.02280000011928587,1.4882000065562984,0.3091000031078292
0.19150000008504503,1.068899999999626,0.18169999856900015,0.9796000091914914,-0.023200000132691773,1.4883000072949852,0.3091500034580175
0.19200000008874307,1.0690999999996227,0.18159999850700448,0.9799000115748282,-0.023600000138428744,1.4884000076110855,0.30920000360787836
0.19250000008749762,1.0692999999996238,0.181499998527879,0.9802000142910277,-0.02400000013649678,1.4885000075045989,0.3092500035574117
0.1930000000813087,1.0694999999996293,0.18139999863162368,0.9805000173400898,-0.024400000126895884,1.4886000069755256,0.30930000330661755
0.1935000000701763,1.0696999999996393,0.18129999881823858,0.9808000207220147,-0.024800000109626057,1.4887000060238658,0.3093500028554959
0.1940000000587477,1.0698999999996497,0.1811999990098208,0.9811000240059026,-0.025200000091896695,1.4888000050468964,0.3094000023923725
0.19450000004702298,1.0700999999996603,0.18109999920637038,0.9814000271917537,-0.025600000073707798,1.4889000040446174,0.3094500019172472
0.1950000000350021,1.0702999999996712,0.18099999940788727,0.981700030279568,-0.026000000055059366,1.489000003017029,0.30950000143012013
0.19550000002268506,1.0704999999996823,0.1808999996143715,0.9820000332693454,-0.026400000035951398,1.489100001964131,0.3095500009309912
0.19600000001007187,1.0706999999996938,0.18079999982582307,0.982300036161086,-0.026800000016383895,1.4892000008859234,0.30960000041986047
0.19649999999716253,1.0708999999997055,0.180700000042242,0.9826000389547898,-0.027199999996356857,1.4892999997824063,0.3096499998967279
0.196999999983957,1.0710999999997175,0.18060000026362824,0.9829000416504566,-0.027599999975870284,1.4893999986535797,0.30969999936159354
0.19749999997045534,1.0712999999997297,0.18050000048998183,0.9832000442480867,-0.027999999954924176,1.4894999974994436,0.30974999881445736
0.19799999996062148,1.0714999999997386,0.18040000065484682,0.9835000462967741,-0.02839999993966815,1.4895999966588407,0.3097999984159545
0.19849999995445547,1.071699999999744,0.18030000075822322,0.9838000477965189,-0.028799999930102214,1.4896999961317707,0.30984999816608505
0.19899999995195727,1.0718999999997463,0.18020000080011103,0.984100048747321,-0.02919999992622636,1.489799995918234,0.30989999806484897
