0.0,0.0,0.0,0.0,0.0,0.0,0.0
2.222232658615869,0.03123896633238971,4.276304386200628,2.1918335832999714,1.0130835980066026,-2.1298303469355706,6.443831537053752
5.43790783881694,0.08037912850757065,10.441059832194718,5.359233908540954,2.4657391622152343,-5.199245906774623,15.738142277301554
8.620204509490712,0.13504456612979215,16.511372892100493,8.48949630532297,3.882194177082964,-8.219463012753616,24.898082966947946
11.055778024278617,0.1842173430507898,21.113331517920486,10.878115587201613,4.938165392281391,-10.507207395234968,31.852215930275097
12.367564127259483,0.22155658805097886,23.52833958319909,12.153311617608326,5.467120478673085,-11.704332637309596,35.5146149210018
12.481226464501061,0.24389867985854702,23.625821236306468,12.244043276653958,5.443122023591078,-11.746810970763189,35.68545212491924
11.555781703209817,0.25191576906923,21.721383076904118,11.308983227469334,4.9459317191017025,-10.792246185648846,32.83980220217398
9.89205388763274,0.24834341488465372,18.404155895188698,9.646621309476714,4.119140627264751,-9.13462532963576,27.862656261271134
7.845039190945622,0.23701923330702512,14.365108286103832,7.608617000314851,3.1287165262983434,-7.118388567392048,21.79400531713638
5.7509103817791125,0.22178067437784937,10.255771856536722,5.527731561366402,2.129887529660238,-5.0682989413663835,15.615196828403935
3.879552530511356,0.20759901310197226,6.594008162213207,3.669238896370283,1.246968155556659,-3.242514158933689,10.105340355303056
2.401591413041626,0.1966602788285005,3.707913497561393,2.20204758400301,0.555541283606243,-1.8042839138051554,5.760353424388476
1.3894995825686474,0.18972682508000968,1.7342247509868733,1.1973880294673231,0.08534238288339674,-0.8210709384638017,2.787345495694789
0.8303065370185755,0.18679872984010254,0.6440294497590593,0.6420315640992575,-0.17299804518797746,-0.27816400713556777,1.1442129168956525
0.649288386452471,0.18720388450758035,0.2893073462815596,0.46167219115206637,-0.25648897929053516,-0.10160806370040668,0.6090837737364593
0.7371917396403953,0.18993342467293498,0.45598667880933264,0.5478662584303493,-0.2172751252137362,-0.1845904213662971,0.8602138176228245
0.9762109552220217,0.19354590950602615,0.9141809827967404,0.7836898990835198,-0.11033739759386574,-0.4125572285815057,1.5514136536732916
1.2597661334396366,0.19663335245411762,1.456676824139575,1.0633789950379036,0.014769771873347243,-0.6821321556165756,2.3706469644690444
1.5037368236441155,0.19866926025310883,1.9229487823178224,1.304863772297758,0.11835553915299547,-0.9130824211143891,3.077180679566569
1.6587115766589968,0.19977658981280824,2.216540153763419,1.4586486167931918,0.17918294510078908,-1.0576938514575625,3.524623317615965
1.7053097060831621,0.20021547021166267,2.2995964906385664,1.505071381644731,0.1898157024504241,-1.0974523907657758,3.6550277468308705
1.648972553673491,0.20023734709576907,2.1827297220305235,1.4492453386588509,0.15398901334662657,-1.0378657720675606,3.483625093376406
1.5122001251725492,0.20007312266276842,1.9098452131475734,1.3133263657989023,0.08290438598787378,-0.9009381704090254,3.0760890152482636
1.326194092888962,0.19989029351680163,1.5417787418334628,1.1282227027248037,-0.00867435559519765,-0.7170134873451627,2.5238896649757634
1.123114722213514,0.19975912269090582,1.1414252321715965,0.9261032676432965,-0.10614914742836933,-0.5172959218480444,1.9220953188676773
0.9335809270179638,0.19969768939985638,0.7658467418595263,0.7360498219760608,-0.19406760193304945,-0.33072954368520985,1.3553136281657032
0.7762077559169729,0.19969525013126097,0.4525383131669448,0.5772515123108656,-0.2650866654106624,-0.1756198461372558,0.8810199887598917
0.6606531115284555,0.1997291085820272,0.2213101233971495,0.4599198017605539,-0.315934902223064,-0.061500339171476806,0.5299616938293894
0.5882989647908049,0.19977665217023155,0.07551041909650591,0.3858874916474875,-0.34693332806759053,0.010213349882290376,0.3078954422429372
0.5540932453488555,0.19982336242018117,0.005601518388055671,0.35040991754103185,-0.36106121327771035,0.04442660476177561,0.20090536317699056
0.5489439434778185,0.19986266918983542,-0.006138102355672812,0.3445465617180163,-0.3628344982019302,0.05002651034912725,0.18248770429833538
0.5621379548959974,0.1998926066327521,0.0191811212010555,0.3576000154920004,-0.3570564209943022,0.037508912765074134,0.22081603582536896
0.5836905973024297,0.199913932541279,0.061473542047797106,0.379365681652982,-0.34850313628791096,0.016757808456015547,0.2852912775940645
0.6023803667814439,0.19992862747458634,0.10125858277935107,0.3997273292138217,-0.3432414314281864,-0.003363376125388104,0.34792990179269745
0.6137981897740264,0.1999392276185249,0.1280680931251832,0.4135276517113891,-0.34220506193524813,-0.016024249705920486,0.39169594547451964
0.6161666046411024,0.19994724685173945,0.13707876578696213,0.4183239778440163,-0.34527832028607813,-0.019252771213586876,0.40853332246300983
0.6098706582152783,0.19995385761653794,0.12810948494149346,0.4140177369242255,-0.35160970411575865,-0.013357881293097392,0.3976158717212845
0.5967914483493779,0.1999596242437285,0.10435176359116254,0.40221560326073585,-0.35927994165558247,-0.00024315753295631008,0.363459605559803
0.5795826846303026,0.19996494656939268,0.07091006788002607,0.38549260222030396,-0.36667849577294437,0.017347004492494593,0.3136997339807775
0.5620128664849567,0.19996982604690172,0.03343007392938096,0.3666998706959917,-0.3730256097431931,0.03502704446959347,0.2569688207624953
0.5472790461784907,0.19997422355755046,-0.0006177317036734215,0.34882219521440805,-0.37808269783949056,0.050939812104165386,0.20359574308481254
0.535916180197146,0.19997809575536526,-0.028713176856821603,0.334483085027791,-0.3819487812324543,0.06402264530857738,0.15831256034151495
0.5278978460574325,0.1999814577272716,-0.04968024729523396,0.3241416643187207,-0.384873532319322,0.07380880095052775,0.1237023567230418
0.5227997815745158,0.19998431554355575,-0.06355535048990418,0.31761943659788083,-0.38712733723257725,0.08036229790207361,0.10030322153289543
0.5196117633869054,0.1999867152696327,-0.07129274905561102,0.3142809021172023,-0.38893306182539633,0.08414335832402418,0.0870172082945643
0.5173847373772794,0.1999887187299797,-0.07439736920673862,0.3128648667002483,-0.3904446136608689,0.0858443480343547,0.08167833638230426
0.5155376505258282,0.19999039590738313,-0.07438217854695783,0.31206648230181044,-0.3917532878445336,0.08628361974485654,0.08169642297686522
0.5137962074233281,0.19999180962535748,-0.07409341268038634,0.31124651311379514,-0.3929059664278949,0.08610905280244477,0.08459830580939792
0.5120871180776325,0.1999930106288995,-0.07480650916607517,0.31031061114651814,-0.3939237515546457,0.0858573927896602,0.08614656099904643
0.5104381856300683,0.1999940325722383,-0.07661565736072905,0.3092441611087997,-0.394816145554832,0.08615392030331158,0.08536425532196847
0.5089064137915111,0.1999949077090991,-0.07913216955127728,0.30808705913304985,-0.39559015736141595,0.0871170342471514,0.08264705757149732
0.5075385873376175,0.19999565736801775,-0.08197897517793604,0.30690687347215256,-0.39625430245461235,0.08855432140922391,0.07883819002169792
0.5063565928720216,0.19999629906926772,-0.08479632808742155,0.30581342593359157,-0.39681953059680913,0.09019017224832787,0.07471617771459871
0.5053589520854521,0.19999684759322794,-0.08734055955578987,0.30487211128885555,-0.3972980891967012,0.09179893590029363,0.07075598337821078
0.5045280885642958,0.19999731569058582,-0.08949852362212231,0.30408991293309634,-0.3977024543307978,0.0932974617866957,0.06725156406322384
0.5038388602429941,0.1999977145437187,-0.09125829531813992,0.3034486884166021,-0.3980443040686809,0.09460327844019072,0.06431801143867608
0.5032652692869378,0.19999805401813692,-0.09266702972182018,0.3029217271314882,-0.39833388419502175,0.09567255225736808,0.061942607152727217
0.5027842483254974,0.19999834283017745,-0.09379506775752496,0.3024848901399742,-0.39857984282905545,0.09649844970751145,0.060043538293779945
0.5023773091862812,0.19999858854549318,-0.094711487277733,0.30211873779633586,-0.3987892587566186,0.09710326605576135,0.058517913326080646
0.5020305108369484,0.19999879766509687,-0.09547217635610199,0.3018089709388654,-0.39896786088584413,0.0975278763561186,0.0572710516040048
0.5017335073230839,0.19999897574466607,-0.09611709866895997,0.30154511393234634,-0.39912033875704295,0.09781963226566219,0.05622934773561271
0.5014789236024455,0.19999912735586006,-0.09667143711935859,0.30132007003442374,-0.39925043079610145,0.09802278172387083,0.055342629935970125
0.5012607740998393,0.19999925647611305,-0.09715134322253231,0.30112784690791017,-0.3993613845052026,0.09817478302444324,0.054578278586663
0.5010739163775829,0.1999993666001984,-0.0975676524377667,0.30096284325462164,-0.39945607717142395,0.09830707492637031,0.053915110558646694
0.5009143056385756,0.19999946046555214,-0.09792723447553688,0.30082158632940403,-0.39953679018502647,0.09845558889392578,0.053340681485473586
0.5007781068490189,0.19999954054146477,-0.09823642569127096,0.3007008542082774,-0.39960561849692605,0.09862620035391086,0.052844841704065434
0.500662026264947,0.1999996088581859,-0.09850091773674692,0.3005978629602007,-0.39966430462577224,0.09880744472824003,0.05241915968046145
0.5005632019222337,0.1999996671095114,-0.0987261754744958,0.30050981435442525,-0.3997143164420522,0.09898430026071828,0.05205567596470636
0.500479478377427,0.19999971653088972,-0.09891672820483878,0.30043494360881656,-0.3997567306838637,0.09914470197529081,0.05174775447626081
0.500408357905544,0.19999975856914898,-0.09907809632822928,0.3003709782143544,-0.399792799566018,0.09928512445770649,0.05148688369065686
0.5003479646280548,0.19999979429434978,-0.09921474439659762,0.30031640756568245,-0.3998234493723582,0.09940349769942669,0.05126604053165587
0.5002965716924893,0.19999982470454106,-0.09933075519695449,0.30026987515768266,-0.39984954066365497,0.09950048379430283,0.05107869970288241
0.5002528340389188,0.19999985058167633,-0.09942933558370866,0.30023026104947165,-0.3998717459251965,0.09957785807202751,0.05091966796075112
0.500215549011742,0.19999987263109284,-0.09951333653360024,0.3001965113043968,-0.3998906702027307,0.09963910439997031,0.05078428249862594
0.5001837749583908,0.19999989141363786,-0.09958494784356352,0.3001677205856706,-0.39990679254033823,0.09968971956092326,0.050668918089597295
0.5001566751624841,0.19999990742791474,-0.09964607077392014,0.3001431392105824,-0.39992053948977513,0.09973296703568696,0.0505704602196575
0.5001335687505183,0.19999992107982165,-0.09969822649740094,0.3001221626928501,-0.39993225863971243,0.09977053575465608,0.050486437344214256
0.5001138684527529,0.19999993271843441,-0.09974272144018528,0.3001042637571762,-0.39994224934108985,0.09980334304096607,0.05041474083540099
0.5000970737559433,0.19999994264050716,-0.09978066878078912,0.3000889912327689,-0.3999507663026745,0.0998319101745515,0.050353581426415966
0.5000825051914886,0.1999999512475499,-0.09981359231797125,0.3000757722698048,-0.3999581546808318,0.09985718516753342,0.05030050618818063
0.5000702933645026,0.19999995846257848,-0.09984118807287241,0.300064725948479,-0.3999643480677902,0.09987841377712696,0.05025601804451777
0.5000599461593616,0.19999996457659178,-0.09986456974937885,0.30005522801483225,-0.3999695958103401,0.09989639113522658,0.05021832372828679
0.5000510865299331,0.19999996981162052,-0.09988458791262962,0.3000471252027609,-0.3999740892101703,0.09991174774983731,0.05018605234299698
0.5000433072716723,0.19999997440743722,-0.0999021628886219,0.30004004692509834,-0.3999780347803462,0.09992519463720802,0.05015772014465483
0.5000369461783332,0.19999997816649884,-0.0999165344706271,0.3000342813817306,-0.3999812610416274,0.09993619959371418,0.050134551930177726
0.500031440312076,0.19999998141953965,-0.0999289733016497,0.3000291281522332,-0.3999840535716635,0.09994571554573711,0.05011449960400042
0.5000267639451845,0.19999998418387252,-0.09993953835454088,0.3000248486930991,-0.3999864253742244,0.0999538017262105,0.050097467894518855
0.500022087578293,0.1999999869482054,-0.09995010340743206,0.300020569233965,-0.3999887971767853,0.09996188790668388,0.05008043618503729
0.5000186292895269,0.19999998899264676,-0.09995791628410286,0.3000173680535362,-0.39999055119579613,0.09996786362493885,0.05006784126113623
0.5000155637306584,0.1999999908028926,-0.09996484151750507,0.3000145039662265,-0.3999921060466294,0.09997315381418426,0.05005667737838634
0.5000130266933993,0.1999999923004787,-0.09997057264715413,0.3000121253364167,-0.39999339283945823,0.0999775293318532,0.05004743849702521
0.5000109859965977,0.19999999350507192,-0.09997518250085155,0.3000102107569635,-0.3999944278895499,0.09998104795607522,0.05004000718326534
0.500009356031112,0.19999999446741354,-0.099978864521024,0.3000086829598511,-0.3999952546152869,0.09998385824887453,0.05003407158512441
0.5000080468492132,0.19999999524060952,-0.099981821914644,0.3000074581176969,-0.3999959186375661,0.099986115625135,0.05002930411839265
0.5000069819062863,0.19999999586978826,-0.09998422759599856,0.300006464049401,-0.3999964587800072,0.09998795211883996,0.05002542603592275
0.5000059169633595,0.199999996498967,-0.09998663327735313,0.3000054699811051,-0.39999699892244833,0.09998978861254491,0.050021547953452844
0.500005168814863,0.19999999694127824,-0.09998832335047536,0.30000477459955305,-0.39999737838442234,0.09999107919128637,0.05001882346277137
0.5000044206663665,0.19999999738358948,-0.09999001342359759,0.300004079218001,-0.39999775784639635,0.09999236977002783,0.05001609897208989
0.5000039286635455,0.19999999767470802,-0.09999112488196824,0.3000036243901965,-0.39999800738976415,0.09999321883938768,0.050014307235235166
0.5000034366607244,0.19999999796582657,-0.0999922363403389,0.30000316956239204,-0.39999825693313196,0.09999406790874751,0.05001251549838044
0.5000029446579034,0.19999999825694512,-0.09999334779870955,0.30000271473458756,-0.39999850647649976,0.09999491697810736,0.05001072376152572
0.5000026711857132,0.19999999841891306,-0.09999396559962473,0.30000246351497944,-0.3999986451805491,0.09999538916018934,0.0500097278264139
0.500002397713523,0.19999999858088097,-0.0999945834005399,0.30000221229537133,-0.3999987838845985,0.09999586134227131,0.05000873189130209
0.5000021242413327,0.1999999987428489,-0.09999520120145508,0.30000196107576327,-0.39999892258864783,0.09999633352435329,0.05000773595619028
0.5000018507691425,0.19999999890481684,-0.09999581900237026,0.3000017098561552,-0.3999990612926972,0.09999680570643527,0.050006740021078466
0.5000015772969523,0.19999999906678478,-0.09999643680328543,0.30000145863654715,-0.39999919999674655,0.09999727788851724,0.050005744085966655
0.500001303824762,0.19999999922875272,-0.09999705460420061,0.3000012074169391,-0.3999993387007959,0.0999977500705992,0.05000474815085484
0.5000012438810427,0.1999999992642231,-0.09999719002172981,0.30000115205795475,-0.3999993691041022,0.09999785354835906,0.05000452984934333
0.5000011839373234,0.1999999992996935,-0.09999732543925902,0.3000010966989704,-0.39999939950740854,0.09999795702611892,0.050004311547831824
0.5000011239936041,0.19999999933516388,-0.09999746085678822,0.30000104133998606,-0.39999942991071485,0.0999980605038788,0.05000409324632032
0.5000010640498848,0.19999999937063428,-0.09999759627431742,0.3000009859810017,-0.39999946031402117,0.09999816398163866,0.05000387494480881
0.5000010041061654,0.1999999994061047,-0.09999773169184663,0.3000009306220174,-0.3999994907173275,0.09999826745939852,0.050003656643297305
0.5000009441624461,0.19999999944157507,-0.09999786710937583,0.30000087526303304,-0.3999995211206338,0.0999983709371584,0.0500034383417858
0.5000008842187268,0.19999999947704544,-0.09999800252690505,0.3000008199040487,-0.3999995515239401,0.09999847441491826,0.05000322004027429
0.5000008242750075,0.19999999951251582,-0.09999813794443425,0.30000076454506436,-0.39999958192724644,0.09999857789267812,0.050003001738762785
0.5000007643312882,0.19999999954798622,-0.09999827336196346,0.30000070918608,-0.39999961233055276,0.09999868137043798,0.05000278343725128
0.5000007043875688,0.1999999995834566,-0.09999840877949266,0.3000006538270957,-0.3999996427338591,0.09999878484819784,0.05000256513573977
0.5000006444438495,0.19999999961892698,-0.09999854419702187,0.30000059846811133,-0.3999996731371654,0.0999988883259577,0.050002346834228266
0.5000005845001302,0.19999999965439738,-0.09999867961455107,0.300000543109127,-0.3999997035404717,0.09999899180371756,0.05000212853271676
0.5000005245564109,0.19999999968986776,-0.09999881503208027,0.30000048775014265,-0.399999733943778,0.09999909528147742,0.05000191023120525
0.5000004646126915,0.19999999972533816,-0.09999895044960948,0.3000004323911583,-0.39999976434708434,0.09999919875923728,0.050001691929693746
0.5000004046689722,0.19999999976080857,-0.09999908586713868,0.30000037703217397,-0.39999979475039066,0.09999930223699714,0.05000147362818224
0.5000003447252529,0.19999999979627894,-0.09999922128466789,0.30000032167318963,-0.399999825153697,0.099999405714757,0.050001255326670734
0.5000002847815336,0.19999999983174935,-0.09999935670219709,0.3000002663142053,-0.3999998555570033,0.09999950919251686,0.05000103702515923
0.5000002248378143,0.19999999986721975,-0.09999949211972631,0.30000021095522095,-0.3999998859603096,0.09999961267027672,0.05000081872364772
0.5000001648940949,0.19999999990269016,-0.09999962753725551,0.3000001555962366,-0.3999999163636159,0.09999971614803659,0.050000600422136214
0.5000001049503756,0.19999999993816056,-0.09999976295478472,0.30000010023725227,-0.39999994676692224,0.09999981962579645,0.05000038212062471
0.5000000450066563,0.19999999997363094,-0.09999989837231392,0.3000000448782679,-0.39999997717022856,0.0999999231035563,0.0500001638191132
0.4999999850629369,0.20000000000910134,-0.10000003378984314,0.2999999895192836,-0.4000000075735349,0.10000002658131617,0.049999945517601695
0.49999992511921754,0.20000000004457172,-0.10000016920737234,0.29999993416029924,-0.4000000379768412,0.10000013005907603,0.04999972721609019
0.49999986517549816,0.20000000008004212,-0.10000030462490156,0.2999998788013149,-0.4000000683801475,0.10000023353683589,0.04999950891457868
0.4999998052317788,0.2000000001155125,-0.10000044004243076,0.29999982344233056,-0.40000009878345383,0.10000033701459575,0.049999290613067175
0.4999997452880594,0.20000000015098288,-0.10000057545995997,0.2999997680833462,-0.40000012918676014,0.10000044049235561,0.04999907231155567
0.4999998593291539,0.20000000008332325,-0.10000031780659815,0.29999987127265076,-0.40000007134681487,0.10000024318430809,0.04999948767105961
0.49999997337024843,0.20000000001566362,-0.10000006015323634,0.2999999744619553,-0.4000000135068696,0.10000004587626056,0.04999990303056355
0.5000000874113429,0.199999999948004,-0.09999980249987453,0.30000007765125986,-0.3999999556669243,0.09999984856821303,0.05000031839006749
0.5000002014524375,0.19999999988034436,-0.09999954484651272,0.3000001808405644,-0.39999989782697903,0.09999965126016551,0.05000073374957143
0.5000003154935321,0.19999999981268474,-0.0999992871931509,0.30000028402986895,-0.39999983998703376,0.09999945395211798,0.050001149109075375
0.5000004295346266,0.1999999997450251,-0.09999902953978909,0.3000003872191735,-0.3999997821470885,0.09999925664407046,0.05000156446857931
0.5000005435757212,0.19999999967736548,-0.09999877188642728,0.30000049040847804,-0.3999997243071432,0.09999905933602293,0.05000197982808326
0.5000004947072575,0.19999999970640367,-0.09999888230078323,0.3000005537835964,-0.39999974909218233,0.0999991439844064,0.050001801829211906
0.5000004458387938,0.19999999973544186,-0.09999899271513918,0.3000006171587148,-0.39999977387722147,0.09999922863278987,0.050001623830340555
0.50000039697033,0.19999999976448005,-0.09999910312949513,0.30000068053383316,-0.3999997986622606,0.09999931328117334,0.0500014458314692
0.5000003481018663,0.19999999979351823,-0.09999921354385108,0.3000007439089516,-0.39999982344729973,0.0999993979295568,0.05000126783259785
0.5000002992334026,0.19999999982255642,-0.09999932395820703,0.30000080728407,-0.39999984823233886,0.09999948257794027,0.050001089833726496
0.5000002503649389,0.19999999985159464,-0.09999943437256299,0.30000087065918846,-0.399999873017378,0.09999956722632374,0.050000911834855145
0.5000002014964752,0.19999999988063283,-0.09999954478691896,0.3000009340343069,-0.3999998978024171,0.09999965187470719,0.050000733835983795
0.5000001526280115,0.19999999990967102,-0.09999965520127492,0.3000009974094253,-0.39999992258745626,0.09999973652309066,0.050000555837112444
0.5000001037595477,0.1999999999387092,-0.09999976561563087,0.30000106078454375,-0.3999999473724954,0.09999982117147412,0.05000037783824109
0.500000054891084,0.1999999999677474,-0.09999987602998682,0.3000011241596621,-0.3999999721575345,0.09999990581985758,0.050000199839369736
0.5000000060226203,0.1999999999967856,-0.09999998644434278,0.30000118753478056,-0.39999999694257365,0.09999999046824105,0.050000021840498385
0.49999995715415657,0.2000000000258238,-0.10000009685869873,0.30000125090989893,-0.4000000217276128,0.10000007511662452,0.04999984384162703
0.49999990828569285,0.200000000054862,-0.10000020727305468,0.30000131428501736,-0.4000000465126519,0.10000015976500799,0.049999665842755676
0.49999985941722913,0.20000000008390018,-0.10000031768741065,0.30000137766013574,-0.40000007129769105,0.10000024441339145,0.049999487843884326
0.4999998105487654,0.20000000011293836,-0.1000004281017666,0.3000014410352541,-0.4000000960827302,0.10000032906177492,0.04999930984501297
0.4999997616803017,0.20000000014197655,-0.10000053851612256,0.30000150441037254,-0.4000001208677693,0.10000041371015837,0.04999913184614162
0.49999971281183797,0.20000000017101474,-0.10000064893047851,0.3000015677854909,-0.40000014565280845,0.10000049835854184,0.04999895384727027
0.49999966394337425,0.20000000020005293,-0.10000075934483446,0.30000163116060935,-0.4000001704378476,0.10000058300692531,0.04999877584839891
0.49999961507491053,0.20000000022909112,-0.10000086975919041,0.3000016945357278,-0.4000001952228867,0.10000066765530877,0.04999859784952756
0.49999971402101867,0.20000000017012262,-0.10000064617463826,0.3000015024535742,-0.40000014504085835,0.10000049585186789,0.049998958295709356
0.4999998129671268,0.20000000011115412,-0.10000042259008611,0.30000131037142064,-0.40000009485883,0.10000032404842701,0.04999931874189116
0.49999991191323495,0.20000000005218566,-0.10000019900553396,0.30000111828926707,-0.40000004467680167,0.10000015224498612,0.04999967918807296
0.5000000108593431,0.19999999999321716,-0.09999997542098181,0.3000009262071135,-0.39999999449477336,0.09999998044154525,0.050000039634254756
0.5000001098054512,0.19999999993424866,-0.09999975183642966,0.3000007341249599,-0.39999994431274505,0.09999980863810437,0.050000400080436554
0.5000002087515593,0.19999999987528017,-0.09999952825187751,0.30000054204280635,-0.39999989413071674,0.0999996368346635,0.05000076052661835
0.5000003076976673,0.19999999981631167,-0.09999930466732536,0.3000003499606528,-0.39999984394868837,0.09999946503122262,0.05000112097280015
0.5000004066437754,0.19999999975734317,-0.09999908108277321,0.3000001578784992,-0.39999979376666006,0.09999929322778174,0.05000148141898195
0.5000005055898835,0.19999999969837468,-0.09999885749822106,0.29999996579634564,-0.39999974358463175,0.09999912142434086,0.05000184186516375
0.5000004204356213,0.19999999974920488,-0.09999904992877166,0.29999964147101293,-0.39999978677131076,0.09999926946895925,0.050001531640488234
0.5000003352813591,0.19999999980003508,-0.09999924235932227,0.29999931714568023,-0.39999982995798977,0.09999941751357763,0.05000122141581271
0.5000002501270969,0.19999999985086525,-0.09999943478987287,0.29999899282034753,-0.3999998731446688,0.09999956555819602,0.05000091119113719
0.5000001649728347,0.19999999990169545,-0.09999962722042348,0.29999866849501483,-0.3999999163313478,0.0999997136028144,0.050000600966461674
0.5000000798185725,0.19999999995252565,-0.09999981965097408,0.29999834416968213,-0.3999999595180268,0.09999986164743278,0.050000290741786156
0.49999999466431033,0.20000000000335583,-0.10000001208152469,0.29999801984434943,-0.4000000027047058,0.10000000969205117,0.04999998051711064
0.49999990951004813,0.20000000005418603,-0.1000002045120753,0.2999976955190167,-0.4000000458913848,0.10000015773666955,0.04999967029243512
0.49999982435578594,0.20000000010501623,-0.1000003969426259,0.2999973711936841,-0.40000008907806384,0.10000030578128793,0.0499993600677596
0.49999973920152374,0.20000000015584643,-0.1000005893731765,0.2999970468683514,-0.40000013226474285,0.10000045382590632,0.049999049843084085
0.4999997638146707,0.20000000014109517,-0.10000053374452876,0.299997421186025,-0.400000119782438,0.10000041089343062,0.049999139526135536
0.49999978842781767,0.20000000012634392,-0.10000047811588102,0.29999779550369865,-0.40000010730013313,0.10000036796095492,0.049999229209186986
0.49999981304096464,0.20000000011159266,-0.10000042248723327,0.2999981698213723,-0.4000000948178283,0.10000032502847922,0.04999931889223844
0.4999998376541116,0.2000000000968414,-0.10000036685858553,0.2999985441390459,-0.4000000823355234,0.10000028209600352,0.04999940857528989
0.49999986226725857,0.20000000008209015,-0.10000031122993779,0.29999891845671955,-0.40000006985321857,0.10000023916352782,0.04999949825834134
0.49999988688040553,0.2000000000673389,-0.10000025560129004,0.2999992927743932,-0.4000000573709137,0.10000019623105212,0.04999958794139279
0.4999999114935525,0.20000000005258764,-0.1000001999726423,0.2999996670920668,-0.40000004488860885,0.10000015329857642,0.04999967762444424
0.49999993610669946,0.20000000003783638,-0.10000014434399455,0.30000004140974046,-0.400000032406304,0.10000011036610072,0.04999976730749569
0.4999999607198464,0.20000000002308513,-0.10000008871534681,0.3000004157274141,-0.40000001992399914,0.10000006743362502,0.04999985699054714
0.4999999853329934,0.20000000000833387,-0.10000003308669907,0.30000079004508773,-0.4000000074416943,0.10000002450114932,0.04999994667359859
0.5000000099461404,0.19999999999358262,-0.09999997745805132,0.30000116436276136,-0.3999999949593894,0.09999998156867362,0.05000003635665004
0.5000000345592873,0.19999999997883136,-0.09999992182940358,0.300001538680435,-0.39999998247708457,0.09999993863619792,0.05000012603970149
0.5000000591724343,0.1999999999640801,-0.09999986620075584,0.30000191299810863,-0.3999999699947797,0.09999989570372222,0.05000021572275295
0.5000000837855813,0.19999999994932885,-0.09999981057210809,0.30000228731578227,-0.39999995751247486,0.09999985277124653,0.0500003054058044
0.5000001083987282,0.1999999999345776,-0.09999975494346035,0.3000026616334559,-0.39999994503017,0.09999980983877083,0.05000039508885585
0.5000001330118752,0.19999999991982634,-0.0999996993148126,0.30000303595112954,-0.39999993254786514,0.09999976690629513,0.0500004847719073
0.5000001576250221,0.19999999990507508,-0.09999964368616486,0.3000034102688032,-0.3999999200655603,0.09999972397381943,0.05000057445495875
0.5000001822381691,0.19999999989032383,-0.09999958805751712,0.3000037845864768,-0.39999990758325543,0.09999968104134373,0.0500006641380102
0.5000001458174853,0.19999999991238018,-0.09999967040368461,0.30000368479531714,-0.3999999260519043,0.09999974510794025,0.05000053137415692
0.5000001093968015,0.19999999993443654,-0.09999975274985211,0.30000358500415747,-0.3999999445205532,0.09999980917453678,0.05000039861030364
0.5000000729761177,0.19999999995649292,-0.0999998350960196,0.3000034852129978,-0.3999999629892021,0.09999987324113331,0.05000026584645036
0.5000000365554339,0.1999999999785493,-0.0999999174421871,0.30000338542183813,-0.399999981457851,0.09999993730772984,0.050000133082597084
