0.0,0.0,0.0,0.0,0.0,0.0,0.0
3.3409762107720327,0.04494626070057649,6.4349076206314875,3.2964918854602963,1.5253637597665228,-3.2064357512414206,9.696312830917664
7.343192334017914,0.10489017557077526,14.11131689890085,7.239391665566995,3.3328847664135224,-7.0296999185781885,21.27050099222982
10.420851084213314,0.15914146349791375,19.96691290353913,10.263002422747139,4.69299699270471,-9.943331810039517,30.10885435475881
11.950068689519117,0.19788025342163218,22.80668963784935,11.752533965256532,5.326722631180021,-11.35311528213089,34.40844180173354
11.9735348954668,0.21941401510204855,22.72980409883167,11.754854672002718,5.2655459136868945,-11.30903682164435,34.31657789320954
10.897042529993548,0.22742021856143702,20.533438228095314,10.669866684527225,4.7025913357298315,-10.208227129893904,31.031017906604582
9.2299718403117,0.2254364712378688,17.21247453638125,9.004369686525191,3.8772036842081596,-8.547924587350106,26.047511504578864
7.422484095436555,0.21839821182056834,13.639166915100978,7.2037448963019415,2.9980790725724797,-6.763137534422095,20.679869129465743
5.785998169894536,0.21011355359499304,10.413546707864166,5.575167819026353,2.2085747806964706,-5.152918621466239,15.831908892218319
4.478645331738771,0.2035345026837625,7.838622218225842,4.2745412152665425,1.5793703062805824,-3.867868367105162,11.96121500431937
3.5346183399386124,0.19940503614632477,5.977239607826175,3.3350980874210436,1.123921477659023,-2.938931329134114,9.163345254572686
2.908159061324328,0.19749434265354177,4.737584107039233,2.7109891568289877,0.8189619174839758,-2.3200795973526267,7.300895537952527
2.5164648926901396,0.19722169040194387,3.9569646693175646,2.3198975995572675,0.6248290151011324,-1.9300812302263135,6.129290374700592
2.2724766232806584,0.19775306179961283,3.4652325341517,2.0754063075477722,0.500421250410989,-1.6840747102166322,5.3924810961880505
2.1047184600199373,0.19852546731177773,3.1229325595013684,1.9065547650307426,0.41239451211796446,-1.512585160565631,4.880406089870186
1.964512146169363,0.19921661830253493,2.8356666524832956,1.7651934679112928,0.3379796766393284,-1.3685017776778976,4.450969992982099
1.825812324801427,0.19969745202634076,2.5533717630965374,1.6256059440918906,0.26503348157640205,-1.2269469388688328,4.028741702568337
1.6796993751956606,0.19996146177863136,2.2588770091670907,1.4793975879933623,0.18922576164005236,-1.0792649080279015,3.5882997168852704
1.529213584428319,0.20006038838828533,1.9574954194776857,1.3292323647878985,0.11271603814895172,-0.9283252906045248,3.137239637876165
1.3827425256341315,0.2000612940838856,1.6642205085115087,1.1827400478008447,0.03942453392170818,-0.7816651969534119,2.69743454450919
1.2470713914021823,0.2000208933351094,1.3927102295061595,1.046890067734115,-0.027787430235207508,-0.6460152755194233,2.2897783173696356
1.127181031605891,0.19997542209251298,1.1528360515493348,0.9267962217526889,-0.086853734818778,-0.5262945804541935,1.929385696536137
1.0251245866536196,0.19994274945966178,0.9488101798164996,0.8246725623678582,-0.1371100621424164,-0.424437897578155,1.6228434299321635
0.9406432371437147,0.19992719973859502,0.7801433308323868,0.740225161919876,-0.17883393948840565,-0.34022471467344273,1.3695853263088906
0.8719707406041604,0.19992601616894476,0.6430947650568485,0.6716436646492929,-0.2129383732831303,-0.2717675909529788,1.1639579985134172
0.816494759646439,0.19993377511567612,0.5323730441434387,0.6162446357474889,-0.24068286127493238,-0.21637754684223992,0.9978979360168434
0.7713611572455951,0.19994531134789706,0.442178273848572,0.5711084722197465,-0.26340504270763176,-0.17127375712723125,0.8626452418809276
0.7339556257403598,0.19995697797034434,0.36736036338846345,0.5336698344075307,-0.2823313410267702,-0.1338711785983749,0.7504758246525072
0.7022230687762012,0.19996684194250824,0.30393054670426817,0.5019120406452222,-0.29843555810697253,-0.10212996126485512,0.655409504296067
0.6747638906488095,0.19997429166410563,0.24907591168535598,0.47444793388144024,-0.31249003540955855,-0.07466284150011435,0.5732241854606979
0.6507163999306707,0.19997953059299584,0.20105624440595443,0.45041655117478185,-0.32485895787055685,-0.05061333668953856,0.5012874978141209
0.6295814865380589,0.19998310615263837,0.15885884933694178,0.4292981647407613,-0.3357362643008851,-0.029481915462358572,0.4380682743581217
0.6110065151620397,0.19998559658759496,0.12188131099769027,0.4107430557446145,-0.3452272783759918,-0.010964206201880985,0.38265706387732684
0.5947915007501361,0.1999874587997653,0.08969495406964655,0.39455404099692204,-0.3534244786934057,0.0051781296348478514,0.33441384512077826
0.5807351948188689,0.19998899501182973,0.06190699351537723,0.3805563677179933,-0.3604380094266935,0.019139903177603106,0.2927541275870854
0.5686513122824762,0.19999036604506365,0.03809934791387937,0.36855336712050357,-0.3663969791523779,0.031115684047419864,0.25705533114439394
0.5583383756023996,0.19999162972618567,0.017812727190433232,0.358321555263563,-0.3714403469176157,0.04131505994332156,0.2266441604259145
0.5495816026367416,0.1999927948162698,0.0005769153503977324,0.34962978626415436,-0.3757041760492574,0.04995984227316656,0.20082553397235478
0.5421652252664785,0.19999384825035857,-0.014111257631856604,0.34225555558010445,-0.3793126622782304,0.057272452126041234,0.17892577395084314
0.5358858609540823,0.19999477770877336,-0.026682523285073912,0.3359966480936693,-0.382373338596898,0.06346329439175087,0.1603240450625092
0.5305632821715762,0.1999955793879965,-0.037459102292801756,0.3306781734121758,-0.3849754696007528,0.06871858417674641,0.14445220160031189
0.5260432123407639,0.19999625959719217,-0.04669308648237505,0.3261528424458854,-0.38719213540212577,0.07319644901456657,0.13079566762428102
0.5221972401039606,0.19999683124326034,-0.05459246825131281,0.3222980616355038,-0.3890828395283476,0.07702664070189143,0.11901053227111508
0.5189198777909301,0.19999730993609663,-0.06133664865752754,0.3190118863314879,-0.39069635785864876,0.08031300513535523,0.10885201006376309
0.5161245767458148,0.19999771134763628,-0.06708425227110383,0.3162092880769744,-0.39207321199752293,0.08313786157749412,0.10012559998851295
0.5137397624961603,0.19999804964868706,-0.07197639165077394,0.3138188807614109,-0.3932475825986187,0.08556698960941526,0.09265996983217868
0.5117055161389349,0.1999983363658865,-0.07613776329176776,0.3117798140562024,-0.39424865644061624,0.08765450724335923,0.08629584703963031
0.5099710185149005,0.1999985804722719,-0.07967726759641092,0.3100412809820707,-0.395101555945986,0.08944599889124728,0.08088409686376542
0.5084928198012142,0.19999878897809015,-0.08268876130479161,0.30855967022319225,-0.39582793906470065,0.09098018688939397,0.07628762357976697
0.5072335647307489,0.19999896734453798,-0.08525224212010546,0.30729675518498994,-0.39644645750161195,0.09229157438278024,0.07238390901935518
0.506161120599365,0.19999911990004812,-0.087435385572009,0.30622013864191744,-0.39697311256258966,0.09341103921768044,0.06906642793631002
0.5052478849013137,0.19999925025150267,-0.08929529201054946,0.3053022824106472,-0.39742158461742755,0.09436609798569599,0.06624444520768896
0.5044702174141574,0.19999936148516423,-0.09088015197643076,0.3045197571084891,-0.39780353214481795,0.09518098068895937,0.06384168869088516
0.503807954184585,0.19999945628810076,-0.09223068165396846,0.3038530806045785,-0.39812885888302,0.09587653185444449,0.06179448787374437
0.5032438854103213,0.19999953701423337,-0.0933815224803185,0.3032847936894865,-0.39840599807399885,0.09647090274370898,0.06004945005816364
0.5027633942171055,0.1999996057235573,-0.09436211111831566,0.30280019225310606,-0.3986421050133582,0.09697937766596346,0.05856178294772021
0.5023540661433366,0.19999966419658136,-0.09519753092793393,0.30238688496361926,-0.3988432580371057,0.09741474471045215,0.05729365670621915
0.5020053502156618,0.1999997139634664,-0.09590919253984649,0.3020343956587263,-0.39901462795594766,0.0977876969595263,0.05621291608436384
0.5017082710622971,0.19999975633330816,-0.09651538235665172,0.30173382836405427,-0.39916061874414344,0.09810721283544098,0.05529210249595426
0.5014551872530021,0.19999979241624488,-0.09703171378392207,0.3014775974009461,-0.3992849839996294,0.09838088508140186,0.05450771308963827
0.5012395694053325,0.1999998231555535,-0.09747154954246325,0.3012592749584391,-0.39939093376870477,0.09861529609105289,0.05383955657415854
0.5010559193447534,0.19999984934135134,-0.0978461406001321,0.30107328110355724,-0.3994811717881834,0.09881584784946361,0.05327058016109893
0.5008995068824056,0.19999987164973582,-0.09816516230375459,0.3009148203935703,-0.3995580244047922,0.09898729982931705,0.052786079979908286
0.5007662781773089,0.19999989065644164,-0.09843689905070653,0.3007797866013054,-0.3996234850715199,0.0991338300659293,0.052373445628552756
0.5006524519586759,0.1999999068989196,-0.098669069389761,0.300663676150088,-0.39967941260902656,0.09925971530239268,0.052020924074030556
0.5005556775045341,0.1999999207098355,-0.09886646742663341,0.30056493284116903,-0.3997269623236621,0.09936693268468676,0.05172121227418413
0.5004730673306794,0.1999999324997789,-0.09903498106596687,0.300480826631309,-0.3997675530437095,0.09945898764684749,0.051465355657068994
0.5004026614538024,0.1999999425473987,-0.09917860439232262,0.3004095451636306,-0.39980214761179944,0.09953832693353454,0.051247283236937224
0.5003428121415493,0.19999995108791213,-0.09930069477845835,0.30034898699079143,-0.39983155534609066,0.09960643166455566,0.05106189876525003
0.5002919792047549,0.19999995834122772,-0.09940439214379647,0.30029751036212465,-0.3998565328498445,0.09966470540884019,0.050904437242225715
0.5002487900926894,0.19999996450344057,-0.09949249563417742,0.3002537181373623,-0.39987775444282303,0.09971443374758357,0.05077065120072379
0.5002120583649298,0.19999996974407888,-0.09956742549255357,0.3002164323839076,-0.3998958030615991,0.09975678717104014,0.050656867922445746
0.5001807826926667,0.19999997420618865,-0.0996312247042284,0.30018466385491116,-0.3999111707260442,0.09979282224642483,0.05055998660851102
0.5001541295771514,0.19999997800880437,-0.09968559394033323,0.3001575826564,-0.39992426700677003,0.09982347477422134,0.050477425393812225
0.5001314050056729,0.19999998125097987,-0.09973194922210123,0.30013448938759296,-0.3999354329361354,0.0998495566950464,0.05040703410315982
0.5001120266261073,0.19999998401581098,-0.09977147865677732,0.30011479176498845,-0.39994495467417407,0.099871761692441,0.05034700840903821
0.5000952350037129,0.1999999864110044,-0.09980573151820188,0.3000977870356656,-0.39995320538677204,0.09989097577741053,0.05029499563468735
0.5000811167563532,0.1999999884248922,-0.09983453106729781,0.3000835400591198,-0.3999601425156243,0.09990713035271763,0.05025126372906495
0.5000687817862322,0.19999999018410675,-0.09985969297446141,0.30007095274818263,-0.39996620341803396,0.09992124902555158,0.050213055525714485
0.5000586373151372,0.19999999163178278,-0.09988038651233548,0.30006077277490395,-0.3999711879973439,0.09993285952886066,0.05018163251967873
0.5000499515909419,0.19999999287093612,-0.09989810439059449,0.30005166246200654,-0.39997545580936955,0.09994280252447307,0.05015472802021068
0.5000424531778137,0.19999999394227932,-0.0999134002846602,0.3000439750820433,-0.3999791402234757,0.09995138522507818,0.050131501297011466
0.5000361902536058,0.19999999483434963,-0.09992617594641866,0.3000376249031875,-0.3999822175723432,0.09995855732977796,0.05011210150885476
0.5000307551389235,0.19999999560984916,-0.09993726297054446,0.30003199980760764,-0.3999848881681917,0.09996478136925308,0.0500952659096616
0.5000255570549308,0.19999999635072466,-0.09994786647451719,0.300026606455163,-0.399987442296856,0.09997073349891152,0.05007916453737979
0.500021696602488,0.19999999690247533,-0.09995574135968602,0.30002260258733693,-0.39998933916631113,0.09997515350524623,0.050067206562553146
0.5000181608987307,0.1999999974065003,-0.09996295379528358,0.30001892625404347,-0.3999910764683304,0.09997920201678585,0.05005625451265052
0.5000151915909823,0.19999999782944108,-0.09996901084794037,0.3000158349044908,-0.39999253546650804,0.09998260215335701,0.05004705690539934
0.5000127884231214,0.19999999817175318,-0.09997391303985001,0.3000133311590506,-0.39999371628641595,0.09998535410877854,0.050039612948309393
0.500010866337771,0.19999999844567615,-0.09997783387819689,0.30001132780225787,-0.39999466072172324,0.09998755522542918,0.0500336591718189
0.500009324864806,0.19999999866552345,-0.0999809783104854,0.30000972079641686,-0.3999954181393802,0.09998932052017297,0.050028884364269464
0.5000080748468568,0.1999999988439595,-0.09998352820753464,0.30000841751170754,-0.3999960323477346,0.09999075207038795,0.05002501235576638
0.5000068248289077,0.19999999902239554,-0.09998607810458389,0.3000071142269982,-0.399996646556089,0.09999218362060291,0.0500211403472633
0.5000059529282047,0.1999999991470511,-0.09998785668506512,0.3000062051825541,-0.3999970749728123,0.09999318217005708,0.05001843957960588
0.5000050810275017,0.19999999927170667,-0.09998963526554634,0.30000529613811,-0.39999750338953555,0.09999418071951124,0.050015738811948464
0.5000045131886579,0.19999999935304982,-0.09999079359395256,0.3000047041671821,-0.3999977824024961,0.09999483106069455,0.050013979894475716
0.5000039453498141,0.19999999943439295,-0.09999195192235878,0.30000411219625417,-0.3999980614154567,0.09999548140187786,0.05001222097700296
0.5000033775109702,0.19999999951573608,-0.099993110250765,0.3000035202253262,-0.39999834042841725,0.09999613174306117,0.050010462059530206
0.5000030657123273,0.1999999995605004,-0.09999374628567217,0.30000319525247965,-0.3999984936335694,0.09999648885428451,0.05000949624271175
0.5000027539136844,0.19999999960526474,-0.09999438232057935,0.30000287027963307,-0.3999986468387215,0.09999684596550786,0.050008530425893295
0.5000024421150415,0.19999999965002904,-0.09999501835548652,0.30000254530678644,-0.3999988000438736,0.0999972030767312,0.050007564609074844
0.5000021303163986,0.19999999969479337,-0.09999565439039369,0.30000222033393986,-0.39999895324902573,0.09999756018795454,0.05000659879225639
0.5000018185177557,0.19999999973955768,-0.09999629042530087,0.30000189536109323,-0.39999910645417786,0.09999791729917788,0.05000563297543794
0.5000015067191128,0.199999999784322,-0.09999692646020804,0.30000157038824665,-0.39999925965933,0.09999827441040122,0.05000466715861949
0.5000014380468917,0.19999999979416067,-0.09999706654391949,0.30000149885608285,-0.3999992934020699,0.09999835305701597,0.050004454442034225
0.5000013693746705,0.19999999980399932,-0.09999720662763094,0.30000142732391905,-0.39999932714480985,0.09999843170363072,0.05000424172544896
0.5000013007024494,0.19999999981383798,-0.09999734671134237,0.30000135579175524,-0.3999993608875498,0.09999851035024547,0.0500040290088637
0.5000012320302283,0.19999999982367664,-0.09999748679505382,0.30000128425959144,-0.3999993946302897,0.09999858899686022,0.05000381629227844
0.5000011633580072,0.1999999998335153,-0.09999762687876528,0.30000121272742764,-0.39999942837302965,0.09999866764347497,0.050003603575693174
0.500001094685786,0.19999999984335395,-0.09999776696247673,0.30000114119526383,-0.3999994621157696,0.09999874629008972,0.05000339085910791
0.5000010260135649,0.1999999998531926,-0.09999790704618818,0.30000106966310003,-0.3999994958585095,0.09999882493670446,0.05000317814252265
0.5000009573413438,0.19999999986303127,-0.09999804712989963,0.3000009981309362,-0.39999952960124946,0.09999890358331921,0.050002965425937386
0.5000008886691226,0.19999999987286993,-0.09999818721361108,0.3000009265987724,-0.3999995633439894,0.09999898222993396,0.05000275270935212
0.5000008199969015,0.19999999988270858,-0.09999832729732253,0.3000008550666086,-0.39999959708672933,0.09999906087654871,0.05000253999276686
0.5000007513246804,0.19999999989254724,-0.09999846738103398,0.3000007835344448,-0.39999963082946927,0.09999913952316346,0.0500023272761816
0.5000006826524592,0.1999999999023859,-0.09999860746474543,0.300000712002281,-0.3999996645722092,0.0999992181697782,0.050002114559596335
0.5000006139802381,0.19999999991222456,-0.09999874754845688,0.3000006404701172,-0.39999969831494914,0.09999929681639295,0.05000190184301107
0.500000545308017,0.19999999992206322,-0.09999888763216833,0.3000005689379534,-0.3999997320576891,0.0999993754630077,0.05000168912642581
0.5000004766357958,0.19999999993190187,-0.09999902771587978,0.3000004974057896,-0.399999765800429,0.09999945410962245,0.050001476409840546
0.5000004079635747,0.19999999994174053,-0.09999916779959123,0.3000004258736258,-0.39999979954316894,0.0999995327562372,0.050001263693255284
0.5000003392913536,0.1999999999515792,-0.09999930788330268,0.300000354341462,-0.3999998332859089,0.09999961140285195,0.05000105097667002
0.5000002706191324,0.19999999996141785,-0.09999944796701413,0.3000002828092982,-0.3999998670286488,0.0999996900494667,0.05000083826008476
0.5000002019469113,0.1999999999712565,-0.09999958805072558,0.3000002112771344,-0.39999990077138875,0.09999976869608145,0.050000625543499495
0.5000001332746902,0.19999999998109516,-0.09999972813443701,0.3000001397449706,-0.3999999345141287,0.0999998473426962,0.05000041282691423
0.500000064602469,0.19999999999093382,-0.09999986821814846,0.3000000682128068,-0.3999999682568686,0.09999992598931094,0.05000020011032897
0.49999999593024796,0.20000000000077248,-0.10000000830185991,0.299999996680643,-0.40000000199960856,0.10000000463592569,0.04999998739374371
0.4999999272580269,0.20000000001061113,-0.10000014838557135,0.2999999251484792,-0.4000000357423485,0.10000008328254044,0.049999774677158444
0.4999998585858058,0.2000000000204498,-0.1000002884692828,0.29999985361631537,-0.4000000694850884,0.1000001619291552,0.04999956196057318
0.49999978991358474,0.20000000003028845,-0.10000042855299425,0.29999978208415157,-0.40000010322782836,0.10000024057576995,0.04999934924398792
0.49999972124136366,0.2000000000401271,-0.1000005686367057,0.29999971055198776,-0.4000001369705683,0.1000003192223847,0.049999136527402656
0.4999996525691426,0.20000000004996576,-0.10000070872041715,0.29999963901982396,-0.40000017071330823,0.10000039786899945,0.04999892381081739
0.4999997990662679,0.20000000002884488,-0.10000040988244482,0.2999997911787117,-0.4000000987306379,0.10000023009958035,0.04999937759516641
0.4999999455633932,0.200000000007724,-0.1000001110444725,0.2999999433375995,-0.4000000267479676,0.10000006233016126,0.04999983137951543
0.5000000920605185,0.19999999998660312,-0.09999981220650017,0.30000009549648726,-0.39999995476529726,0.09999989456074217,0.05000028516386445
0.5000002385576439,0.19999999996548223,-0.09999951336852785,0.30000024765537503,-0.39999988278262694,0.09999972679132307,0.05000073894821346
0.5000003850547692,0.19999999994436135,-0.09999921453055552,0.3000003998142628,-0.3999998107999566,0.09999955902190398,0.05000119273256248
0.5000005315518945,0.19999999992324047,-0.09999891569258319,0.30000055197315056,-0.3999997388172863,0.09999939125248489,0.0500016465169115
0.5000006780490198,0.19999999990211959,-0.09999861685461087,0.30000070413203833,-0.39999966683461596,0.0999992234830658,0.05000210030126052
0.5000006155717851,0.19999999991116207,-0.09999874430131662,0.30000079728542195,-0.3999996975333459,0.09999929503308123,0.05000190677388992
0.5000005530945504,0.19999999992020456,-0.09999887174802238,0.30000089043880557,-0.39999972823207586,0.09999936658309667,0.05000171324651933
0.5000004906173157,0.19999999992924708,-0.09999899919472814,0.3000009835921892,-0.3999997589308058,0.09999943813311211,0.050001519719148735
0.5000004281400809,0.19999999993828957,-0.0999991266414339,0.3000010767455728,-0.39999978962953575,0.09999950968312755,0.05000132619177814
0.5000003656628462,0.19999999994733206,-0.09999925408813966,0.3000011698989564,-0.3999998203282657,0.099999581233143,0.05000113266440755
0.5000003031856115,0.19999999995637455,-0.09999938153484542,0.30000126305234004,-0.39999985102699565,0.09999965278315844,0.05000093913703695
0.5000002407083768,0.19999999996541704,-0.09999950898155117,0.30000135620572366,-0.3999998817257256,0.09999972433317388,0.05000074560966636
0.5000001782311421,0.19999999997445952,-0.09999963642825693,0.3000014493591073,-0.39999991242445554,0.09999979588318932,0.050000552082295764
0.5000001157539073,0.199999999983502,-0.09999976387496269,0.3000015425124909,-0.3999999431231855,0.09999986743320476,0.05000035855492517
0.5000000532766726,0.1999999999925445,-0.09999989132166845,0.3000016356658745,-0.39999997382191543,0.0999999389832202,0.050000165027554576
0.49999999079943797,0.200000000001587,-0.10000001876837421,0.30000172881925813,-0.4000000045206454,0.10000001053323562,0.04999997150018398
0.4999999283222033,0.20000000001062948,-0.10000014621507997,0.30000182197264175,-0.4000000352193753,0.10000008208325106,0.04999977797281339
0.49999986584496864,0.20000000001967197,-0.10000027366178572,0.30000191512602536,-0.4000000659181053,0.1000001536332665,0.04999958444544279
0.499999803367734,0.20000000002871446,-0.10000040110849148,0.300002008279409,-0.4000000966168352,0.10000022518328194,0.0499993909180722
0.4999997408904993,0.20000000003775695,-0.10000052855519724,0.3000021014327926,-0.40000012731556517,0.10000029673329738,0.049999197390701605
0.49999967841326465,0.20000000004679944,-0.100000656001903,0.3000021945861762,-0.4000001580142951,0.10000036828331282,0.04999900386333101
0.49999961593603,0.20000000005584193,-0.10000078344860876,0.30000228773955984,-0.40000018871302506,0.10000043983332826,0.04999881033596042
0.4999995534587953,0.20000000006488441,-0.10000091089531452,0.30000238089294345,-0.400000219411755,0.1000005113833437,0.04999861680858982
0.49999966130655343,0.20000000004915786,-0.10000069089760444,0.3000021229082669,-0.40000016641988473,0.10000038787494316,0.0499989508743872
0.49999976915431155,0.2000000000334313,-0.10000047089989438,0.3000018649235903,-0.40000011342801445,0.10000026436654261,0.04999928494018459
0.49999987700206966,0.20000000001770474,-0.10000025090218431,0.30000160693891376,-0.40000006043614417,0.10000014085814206,0.04999961900598197
0.49999998484982777,0.20000000000197818,-0.10000003090447424,0.3000013489542372,-0.4000000074442739,0.10000001734974151,0.049999953071779346
0.5000000926975859,0.19999999998625162,-0.09999981090676416,0.3000010909695606,-0.3999999544524036,0.09999989384134096,0.050000287137576725
0.5000002005453441,0.19999999997052506,-0.0999995909090541,0.30000083298488406,-0.3999999014605333,0.09999977033294041,0.050000621203374104
0.5000003083931023,0.1999999999547985,-0.09999937091134402,0.3000005750002075,-0.39999984846866304,0.09999964682453988,0.05000095526917148
0.5000004162408604,0.19999999993907194,-0.09999915091363394,0.3000003170155309,-0.39999979547679276,0.09999952331613934,0.05000128933496886
0.5000005240886186,0.19999999992334538,-0.09999893091592386,0.30000005903085436,-0.3999997424849225,0.0999993998077388,0.05000162340076624
0.5000004389316008,0.1999999999358209,-0.09999910462705103,0.2999996106929708,-0.39999978432748295,0.09999949733040339,0.05000135962096213
0.5000003537745831,0.1999999999482964,-0.09999927833817819,0.2999991623550873,-0.3999998261700434,0.09999959485306799,0.05000109584115802
0.5000002686175653,0.19999999996077192,-0.09999945204930535,0.29999871401720374,-0.3999998680126039,0.09999969237573259,0.05000083206135391
0.5000001834605475,0.1999999999732474,-0.0999996257604325,0.2999982656793202,-0.39999990985516437,0.09999978989839718,0.0500005682815498
0.5000000983035298,0.1999999999857229,-0.09999979947155967,0.29999781734143666,-0.39999995169772484,0.09999988742106178,0.05000030450174569
0.500000013146512,0.1999999999981984,-0.09999997318268683,0.2999973690035531,-0.3999999935402853,0.09999998494372637,0.05000004072194158
0.4999999279894942,0.2000000000106739,-0.100000146893814,0.2999969206656696,-0.4000000353828458,0.10000008246639097,0.04999977694213747
0.49999984283247645,0.20000000002314938,-0.10000032060494114,0.29999647232778603,-0.40000007722540626,0.10000017998905557,0.04999951316233336
0.49999983655607344,0.2000000000240331,-0.10000033340807626,0.29999676435033007,-0.40000008030938883,0.1000001871769973,0.0499994937208359
0.49999983027967043,0.20000000002491683,-0.10000034621121139,0.2999970563728741,-0.4000000833933714,0.10000019436493902,0.049999474279338436
0.4999998240032674,0.20000000002580057,-0.10000035901434651,0.29999734839541814,-0.40000008647735397,0.10000020155288075,0.049999454837840976
0.4999998177268644,0.20000000002668428,-0.10000037181748163,0.2999976404179622,-0.40000008956133654,0.10000020874082248,0.049999435396343515
0.4999998114504614,0.20000000002756801,-0.10000038462061675,0.2999979324405062,-0.4000000926453191,0.10000021592876421,0.049999415954846055
0.4999998051740584,0.20000000002845172,-0.10000039742375187,0.29999822446305024,-0.4000000957293016,0.10000022311670595,0.049999396513348594
0.4999997988976554,0.20000000002933546,-0.100000410226887,0.2999985164855943,-0.4000000988132842,0.10000023030464768,0.049999377071851134
0.4999997926212524,0.2000000000302192,-0.10000042303002211,0.2999988085081383,-0.40000010189726676,0.1000002374925894,0.04999935763035367
0.4999997863448494,0.20000000003110294,-0.10000043583315724,0.29999910053068235,-0.4000001049812493,0.10000024468053113,0.04999933818885621
0.49999978006844636,0.20000000003198665,-0.10000044863629236,0.2999993925532264,-0.40000010806523184,0.10000025186847288,0.04999931874735876
0.49999977379204336,0.20000000003287036,-0.10000046143942748,0.2999996845757704,-0.4000001111492144,0.1000002590564146,0.0499992993058613
0.49999976751564035,0.20000000003375407,-0.1000004742425626,0.29999997659831446,-0.400000114233197,0.10000026624435633,0.04999927986436384
0.49999976123923734,0.20000000003463778,-0.10000048704569772,0.3000002686208585,-0.4000001173171795,0.10000027343229806,0.04999926042286638
0.49999975496283433,0.2000000000355215,-0.10000049984883284,0.3000005606434025,-0.400000120401162,0.10000028062023979,0.04999924098136892
0.4999997486864313,0.20000000003640522,-0.10000051265196797,0.30000085266594656,-0.4000001234851446,0.10000028780818151,0.049999221539871457
0.4999997424100283,0.20000000003728896,-0.10000052545510309,0.3000011446884906,-0.40000012656912715,0.10000029499612324,0.049999202098373996
0.4999997361336253,0.20000000003817267,-0.10000053825823821,0.30000143671103463,-0.4000001296531097,0.10000030218406497,0.049999182656876535
0.4999997298572223,0.2000000000390564,-0.10000055106137333,0.30000172873357867,-0.4000001327370923,0.1000003093720067,0.049999163215379075
0.4999997235808193,0.20000000003994012,-0.10000056386450845,0.3000020207561227,-0.4000001358210748,0.10000031655994843,0.04999914377388162
0.4999997173044163,0.20000000004082386,-0.10000057666764357,0.30000231277866674,-0.40000013890505737,0.10000032374789015,0.04999912433238416
0.49999971102801327,0.20000000004170757,-0.1000005894707787,0.30000260480121077,-0.40000014198903994,0.10000033093583188,0.0499991048908867
0.49999970475161026,0.2000000000425913,-0.10000060227391382,0.3000028968237548,-0.40000014507302245,0.10000033812377361,0.04999908544938924
0.49999985581622836,0.20000000002073576,-0.10000029411877265,0.3000028279409148,-0.4000000708460772,0.10000016512213057,0.049999553381828536
0.5000000068808464,0.19999999999888024,-0.09999998596363148,0.30000275905807483,-0.39999999661913194,0.09999999212048753,0.05000002131426783
0.5000001579454646,0.19999999997702472,-0.09999967780849031,0.30000269017523484,-0.3999999223921867,0.0999998191188445,0.05000048924670713
0.5000003090100827,0.1999999999551692,-0.09999936965334914,0.30000262129239486,-0.3999998481652414,0.09999964611720145,0.050000957179146426
