0.0,1.0323,0.0,0.8247,0.0,1.57,0.0
-0.0009271888739358436,1.0316822406576267,-0.0009271832615609025,0.8237728076768928,-0.000927181095721815,1.5690727897121042,-0.0009271850682550925
-0.003369512255232838,1.0300551466678798,-0.0033695019257940196,0.8213304837855883,-0.0033694860719970967,1.5666304306011198,-0.0033695107931252335
-0.007620380590372894,1.0272234833656262,-0.007620367554780683,0.8170796167698142,-0.00762033439989507,1.5623795092942774,-0.007620387688368896
-0.013734931094748472,1.0231508197288957,-0.013734919270254648,0.810965067679063,-0.013734865522745488,1.556264893797329,-0.013734952409806413
-0.02159022948544889,1.0179193848451507,-0.021590216891291304,0.8031097756968889,-0.02159014368222997,1.5484095299545506,-0.021590272866264304
-0.030943478477033083,1.0116912588828664,-0.03094344674403313,0.7937565477098498,-0.030943362265689757,1.5390562371085874,-0.030943543584065106
-0.04148412316674187,1.0046736084445078,-0.041484039276003186,0.7832159724880146,-0.041483988333898686,1.5285155515752669,-0.04148417929643245
-0.05287730227696598,0.9970897670871921,-0.05287713872227867,0.771822915609236,-0.05287714054422934,1.517122345625334,-0.05287729348702867
-0.06479748091117984,0.9891567897955202,-0.0647972365738938,0.7599028636717454,-0.06479730189096045,1.505202137461202,-0.06479738390807604
-0.07695230953691395,0.9810695847385889,-0.07695198858418033,0.7477481754303641,-0.07695209197738878,1.4930472823681702,-0.07695209020664849
-0.08909728238957888,0.9729911247782215,-0.08909689189398753,0.7356033430635216,-0.08909701341131179,1.4809022911311742,-0.08909692821544758
-0.10104263054629367,0.965047874938616,-0.10104218774330614,0.7236581311716435,-0.1010422959348804,1.4689569457416845,-0.10104213601242282
-0.11265393420891998,0.9573293943796526,-0.11265345552564422,0.7120469498721045,-0.11265352963666488,1.4573456681491377,-0.1126533004283169
-0.12384813044259013,0.9498910032720322,-0.12384762871826646,0.7008528572784888,-0.12384765802634941,1.446151517837056,-0.12384736581755935
-0.1345864620672684,0.9427584813671628,-0.13458594718203598,0.6901146060644198,-0.13458592911087838,1.4354132409323281,-0.13458558385005426
-0.14486578270649597,0.9359338740687035,-0.1448652630311877,0.6798353423451337,-0.14486520045945456,1.4251339759483945,-0.1448648137091331
-0.15470934233366984,0.9294016356838691,-0.15470882520674104,0.669991816866409,-0.154708724276114,1.4152904666121935,-0.15470830915546022
-0.1641579422290231,0.9231345323562464,-0.16415743350984485,0.6605432324244969,-0.1641573005902501,1.4058419097028878,-0.16415686891675665
-0.17326207480057076,0.9170988820789773,-0.1732615779051654,0.6514391010942681,-0.1732614191566746,1.396737814738459,-0.17326098237279078
-0.18207539608270612,0.9112588979414387,-0.18207491353461222,0.6426257679507642,-0.18207473779630937,1.3879245218636942,-0.18207430499400526
-0.19064972061421911,0.9055800310757759,-0.1906492534012391,0.6340514230658151,-0.19064906956885577,1.3793502184202295,-0.19064864502052933
-0.19903150620456023,0.9000313091938849,-0.19903105245958408,0.6256696118954885,-0.19903086761844446,1.3709684486649751,-0.1990304547613339
-0.20725971851092978,0.8945867580998927,-0.20725927487383547,0.6174413726234063,-0.20725909703623724,1.3627402479457553,-0.20725869607662442
-0.21536487014522931,0.8892260408085919,-0.21536443236103592,0.6093361920610455,-0.2153642640357471,1.3546351018102634,-0.21536387646835436
-0.2233690054607811,0.8839344694323643,-0.22336857199472665,0.6013320259033318,-0.2233684129358876,1.3466309643156171,-0.22336803906599897
-0.2312863631188142,0.8787025609177712,-0.23128593357856447,0.5934146405216952,-0.23128578217685747,1.3387136042569727,-0.2312854185931527
-0.23912448115843132,0.8735252998345433,-0.23912405307277074,0.5855764991596297,-0.2391239088934847,1.3308754848369386,-0.23912355182004463
-0.2468855412359032,0.8684012394102144,-0.2468851105359929,0.577815419022677,-0.2468849761767677,1.3231144238191763,-0.2468846201807595
-0.25456778195321345,0.8633315628199654,-0.25456734204334747,0.5701331624786162,-0.25456721994745213,1.3154321872353862,-0.2545668607048781
-0.2621668332581989,0.8583191849181075,-0.26216638187942065,0.5625340979453303,-0.2621662716297992,1.307833143124254,-0.26216590708839616
-0.2696769091356506,0.8533679628089421,-0.269676447038815,0.5550240082151465,-0.26967634744831875,1.3003230736168139,-0.26967597776233315
-0.2770917895064789,0.8484820467075456,-0.27709132064329395,0.5476091136261055,-0.27709122952971205,1.2929081962249405,-0.27709085602661343
-0.2844055627815462,0.843665376060011,-0.28440509352945276,0.5402953238030024,-0.28440500553674525,1.285594420080672,-0.28440463328509075
-0.2916131472772648,0.8389213386167497,-0.29161268162358295,0.5330877210482857,-0.2916125939608077,1.278386827540322,-0.29161222648817703
-0.2987105980615488,0.834252563016496,-0.29871013841157756,0.5259902526792719,-0.2987100498444833,1.2712893665449054,-0.2987096892141861
-0.3056952399064571,0.8296608298599251,-0.30569478752451706,0.5190055935102829,-0.30569469822816453,1.2643047148439925,-0.30569434539399193
-0.31256565997697194,0.8251470800240258,-0.31256521596802656,0.5121351571232866,-0.31256512645519136,1.257434284206714,-0.31256478119934444
-0.31932160196600434,0.8207114821730415,-0.3193211662673635,0.5053791999160256,-0.3193210775283192,1.2506783320388262,-0.3193207394775182
-0.3259637905325631,0.8163535519815602,-0.32596336201640647,0.4987369978081939,-0.3259632737085938,1.244036135617867,-0.32596294240195395
-0.33249372318675635,0.8120722911200146,-0.332493300751253,0.49220705419928046,-0.33249321178523245,1.2375061989947225,-0.3324928862055902
-0.3389134542460864,0.8078663274030847,-0.338913037016162,0.4857873146585929,-0.3389129469938537,1.2310864675280409,-0.3389126255290732
-0.3452253941937603,0.8037340513109241,-0.3452249802033754,0.479475366723585,-0.3452248901360926,1.224774528356172,-0.3452245726506552
-0.3514321289856147,0.7996737351768779,-0.35143171805814183,0.47326862048618396,-0.3514316289805888,1.2185677934914048,-0.35143131504025943
-0.357536277288281,0.7956836318268378,-0.357535868872597,0.46716445934145645,-0.3575357824176786,1.2124636449067998,-0.3575354712395307
-0.36354037624417923,0.7917620482073009,-0.3635399709387443,0.461160347296734,-0.3635398868847677,1.2064595453184732,-0.3635395793123867
-0.3694468079529714,0.7879073951064449,-0.36944640521003264,0.4552539020637813,-0.369446323652692,1.200553112330329,-0.3694460214100812
-0.3752577540667073,0.7841182193755778,-0.37525735441830727,0.449442942877507,-0.3752572764244944,1.1947421671725158,-0.37525697831163135
-0.38097517644144324,0.7803932123579275,-0.38097478104639565,0.4437255076944317,-0.3809747067385562,1.1890247459284677,-0.38097441229212514
-0.3866008237927888,0.7767312084125315,-0.386600432040057,0.4380998489764451,-0.3866003621767743,1.1833991014566803,-0.38660007044522166
-0.3921362468088129,0.7731311721848229,-0.3921358585182436,0.4325644156496539,-0.39213579286952904,1.177863683435658,-0.3921355039841872
-0.3975828261283806,0.7695921813409092,-0.39758244120704456,0.4271178280244752,-0.3975823791822959,1.1724171118701032,-0.3975820932215341
-0.40294180416537584,0.7661134065293516,-0.40294142311517184,0.42175884333660224,-0.4029413637305141,1.1670581438553134,-0.40294108127066536
-0.40821431919124673,0.7626940860392607,-0.4082139418861766,0.41648632204451275,-0.4082138857648725,1.1617856388246808,-0.4082136057639666
-0.4134014363177835,0.7593335075913448,-0.4134010631714356,0.4112991988290527,-0.413401010059248,1.1565985309465316,-0.41340073222322227
-0.41850417720379773,0.756030988608113,-0.41850380788669433,0.40619645178145736,-0.418503756864711,1.1514957987423187,-0.4185034822325839
-0.42352353769266365,0.7527858642086956,-0.42352317145977314,0.401177085928758,-0.423523121537903,1.1464764464582202,-0.4235228511542074
-0.4284605065623555,0.7495974736095353,-0.4284601431073252,0.39624011152032435,-0.4284600938262235,1.141539485006846,-0.4284598283115163
-0.4333160750164832,0.7464651547716181,-0.4333157143079689,0.39138453708865706,-0.43331566621540024,1.1366839223116207,-0.43331540518148576
-0.43809124847394154,0.7433882361177423,-0.43809089001526835,0.3866093579220862,-0.43809084352989264,1.1319087539982318,-0.43809058683287017
-0.44278704654422685,0.7403660358878256,-0.4427866906696458,0.38191355410417727,-0.4427866459432299,1.1272129599696863,-0.44278639364432726
-0.4474045014844045,0.7373978646110987,-0.4474041479618894,0.3772960935948845,-0.44740410549887266,1.1225955076410545,-0.44740385760804574
-0.4519446556108625,0.7344830254144246,-0.4519443045067852,0.37275593403893276,-0.45194426452003644,1.118055355045624,-0.4519440212093575
-0.45640855842386235,0.7316208172195074,-0.45640821012454275,0.368292025451604,-0.4564081727401703,1.1135914527735953,-0.45640793423441745
-0.46079726209320543,0.7288105358640432,-0.46079691733874456,0.3639033148876817,-0.46079688251477163,1.1092027482333429,-0.46079664908505846
-0.4651118153771414,0.7260514797775022,-0.4651114751762328,0.35958875389093703,-0.4651114421709188,1.1048881931590018,-0.4651112134792317
-0.46935325983369,0.7233429530008383,-0.4693529244390082,0.3553473006485738,-0.4693528929174653,1.100646746583658,-0.4693526686854163
-0.47352262628704633,0.7206842673482203,-0.473522296320201,0.35117792505052026,-0.4735222652044436,1.0964773776761152,-0.47352204623699573
-0.477620931661622,0.7180747422578121,-0.47762060740151024,0.34707961007363514,-0.4776205758757069,1.0923790696868139,-0.4776203626297801
-0.4816491769826344,0.7155137082901235,-0.4816488586175821,0.34305135485206595,-0.48164882593559905,1.0883508218615976,-0.4816486191149498
-0.4856083457062883,0.7130005080184959,-0.48560803344287223,0.33909217613506437,-0.4856079986737498,1.0843916517110797,-0.4856077994092987
-0.48949940358168365,0.7105344959540462,-0.4894990970153725,0.33520110812251414,-0.48949906145859,1.0805005935545577,-0.4894988689262067
-0.4933232968894573,0.7081150399135215,-0.4933229955076401,0.3313772042751688,-0.49332296039000745,1.076676701364894,-0.49332277382468837
-0.49708095452520906,0.7057415190903513,-0.4970806572416882,0.3276195372255572,-0.49708062313229884,1.072919045552375,-0.49708044199871326
-0.5007732867110887,0.7034133246292856,-0.5007729928281657,0.32392719666545583,-0.5007729601264937,1.06922671491959,-0.5007727838532209
-0.504401186590493,0.7011298588883077,-0.5044008957169778,0.3202992888797955,-0.5044008650122578,1.0655988159793004,-0.5044006925906942
-0.5079655322969423,0.6988905351622996,-0.507965244067402,0.31673493581055784,-0.5079652162846036,1.0620344712368606,-0.507965046497476
-0.5114671868928043,0.696694775923813,-0.5114669012137016,0.3132332749999129,-0.5114668769352362,1.058532817578474,-0.5114667084500584
-0.5149070004747468,0.6945420113420965,-0.5149067178617914,0.30979345554520576,-0.5149066971359112,1.055093004746902,-0.5149065287581008
-0.5182858094385373,0.6924316815049353,-0.5182855303492131,0.30641464074247754,-0.5182855127782735,1.0517141964632801,-0.5182853443244109
-0.5216044384346877,0.690363234571815,-0.5216041632168911,0.30309600616275095,-0.5216041482788557,1.0483955682807797,-0.5216039796806228
-0.5248637000353145,0.6883361266025624,-0.5248634288352767,0.29983673980882164,-0.5248634160621274,1.0451363077747102,-0.5248632471520205
-0.5280643948963081,0.6863498215237593,-0.5280641276630568,0.29663604118658954,-0.5280641165813027,1.0419356142992693,-0.528063947723002
-0.5312073131567825,0.6844037902040307,-0.5312070493717318,0.29349311991664867,-0.531207039952138,1.0387926975429287,-0.5312068716123209
-0.5342932336629316,0.6824975110124121,-0.5342929726957751,0.2904071965499001,-0.5342929650823275,1.0357067783560139,-0.5342927976094978
-0.5373229243791914,0.6806304695785156,-0.5373226657289748,0.2873775031040148,-0.5373226597198589,1.0326770888200343,-0.5373224937798987
-0.5402971431031116,0.6788021585263451,-0.5402968861353191,0.2844032818075335,-0.5402968814061425,1.0297028713767673,-0.5402967175112088
-0.5432166362997368,0.677012077456343,-0.5432163807770711,0.2814837856155594,-0.5432163773066655,1.0267833792281742,-0.5432162153806271
-0.5460821401061952,0.6752597336691066,-0.546081885816865,0.2786182784388064,-0.5460818836435751,1.0239178765474504,-0.5460817237837062
-0.548894380249082,0.6735446402425426,-0.5488941274962066,0.2758060342506096,-0.548894126581671,1.0211056372824139,-0.5488939688907148
-0.5516540724386962,0.6718663174978421,-0.5516538216696888,0.2730463371670731,-0.5516538220589213,1.0183459453499402,-0.551653666507601
-0.5543619224000899,0.670224292727381,-0.5543616736341883,0.27033848170690555,-0.5543616752478122,1.0156380953349666,-0.5543615218260635
-0.5570186253106362,0.6686180999710155,-0.5570183786339092,0.2676817730436506,-0.557018381292328,1.012981392258317,-0.5570182299267694
-0.559624866196583,0.6670472802588439,-0.5596246216602687,0.2650755266597877,-0.5596246249216735,1.0103751517691566,-0.5596244758104657
-0.5621813197062584,0.6655113816311647,-0.5621810774390082,0.2625190680720048,-0.5621810809062591,1.00781869918596,-0.562180934298534
-0.5646886501765024,0.6640099581603909,-0.5646884105146149,0.26001173256418053,-0.5646884137377727,1.005311369958524,-0.5646882698116554
-0.5671475128282214,0.6625425699650433,-0.5671472763610227,0.257552865123591,-0.5671472791266048,1.0028525088362144,-0.5671471377925376
-0.569558552992941,0.6611087835069921,-0.5695583204095559,0.2551418202752146,-0.5695583223211046,1.0004414703455349,-0.5695581837089483
-0.5719224063025848,0.6597081724112362,-0.5719221778090188,0.2527779624405414,-0.5719221789050567,0.998077618682366,-0.5719220429469418
-0.5742396983692396,0.6583403167266174,-0.5742394744173092,0.25046066530286815,-0.5742394746188684,0.9957603276827719,-0.5742393413695898
-0.5765110458466806,0.6570048022830047,-0.5765108267929239,0.24818931213651618,-0.5765108260150388,0.9934889806681176,-0.5765106954826185
-0.5787370571438032,0.6557012207477058,-0.578736842818591,0.24596329503481637,-0.5787368410052104,0.9912629699681064,-0.5787367132656553
-0.5809183321140252,0.6544291693959915,-0.5809181220647285,0.2437820145917823,-0.5809181196876784,0.9890816959756663,-0.5809179943077005
-0.5830554612186434,0.6531882518603787,-0.5830552550375279,0.24164488028756295,-0.5830552523552419,0.986944568131364,-0.5830551290404906
-0.5851490262993615,0.6519780774823671,-0.5851488235712284,0.23955131025099446,-0.5851488208447337,0.9848510045518715,-0.5851486993306206
-0.5871996006377201,0.6507982610003288,-0.5871994011581536,0.23750073104327976,-0.5871993985387415,0.9828004317320703,-0.5871992784912832
-0.5892077492620522,0.6496484226397645,-0.5892075528889601,0.23549257763913167,-0.5892075503923241,0.9807922844163885,-0.5892074315551907
-0.5911740293652319,0.6485281881244708,-0.5911738359902999,0.23352629290633994,-0.5911738334936056,0.9788260054966758,-0.5911737156842432
-0.5930989896413904,0.6474371886624637,-0.59309879915236,0.23160132803262506,-0.5930987966298591,0.9769010460483647,-0.593098679774562
-0.5949831701878554,0.6463750611792148,-0.5949829825219487,0.22971714259858297,-0.5949829799929072,0.9750168658380084,-0.5949828640370812
-0.5968271040134806,0.6453414473513781,-0.5968269189063728,0.22787320361160124,-0.5968269164229814,0.9731729319019649,-0.5968268014442293
-0.5986313162631395,0.6443359937671916,-0.598631133489351,0.22606898586756544,-0.5986311311390854,0.9713687190725186,-0.5986310171948064
-0.6003963243643454,0.6433583524517003,-0.6003961437298,0.22430397237870053,-0.6003961416395438,0.9696037100100716,-0.6003960286830045
-0.6021226384330721,0.6424081801361408,-0.6021224595997894,0.2225776532730651,-0.6021224579329604,0.9678773947497714,-0.6021223458062975
-0.603810761234446,0.641485138625945,-0.6038105838610553,0.22088952582951582,-0.6038105826954584,0.9661892708401926,-0.60381047144769
-0.605461187849463,0.6405888945371855,-0.6054610117331768,0.2192390949063175,-0.6054610111225829,0.9645388432608423,-0.6054609009642551
-0.6070744060671975,0.6397191192448106,-0.6070742313216018,0.21762587244135415,-0.6070742313540483,0.9629256241633027,-0.6070741221972418
-0.6086508972643383,0.6388754885456679,-0.6086507240120597,0.2160493771643244,-0.6086507247838515,0.9613491322831803,-0.6086506165633849
-0.6101911351484385,0.6380576830580189,-0.6101909635931527,0.214509135160076,-0.6101909651598848,0.9598088937198156,-0.6101908578406282
-0.61169558703239,0.6372653879771404,-0.6116954173735675,0.21300467902711404,-0.6116954197320361,0.9583044412262635,-0.6116953133181331
-0.6131647130485223,0.636498292850983,-0.6131645455877176,0.21153554851366801,-0.6131645485905797,0.9568353143288458,-0.6131644430397555
-0.6145989668630375,0.6357560921106217,-0.6145988017769091,0.21010128997237112,-0.6145988052229241,0.9554010595715824,-0.6145987006151873
-0.6159987950156609,0.6350384845663567,-0.6159986325587575,0.20870145686048502,-0.6159986362810866,0.9540012303953865,-0.615998532679586
-0.6173646377536645,0.6343451733433466,-0.6173644782588744,0.20733560903535622,-0.617364482107357,0.9526353865581678,-0.6173643796686521
-0.6186969294999051,0.6336758655628855,-0.6186967730330211,0.20600331222886445,-0.618696776985519,0.9513030938901842,-0.6186966758463938
-0.6199960983498647,0.633030272278723,-0.6199959448489761,0.20470413860367068,-0.6199959487066932,0.9500039243065495,-0.6199958489519378
-0.6212625659988261,0.6324081087939176,-0.6212624153115915,0.20343766653562587,-0.6212624190255641,0.9487374561321167,-0.6212623207407655
-0.6224967480655214,0.6318090944285342,-0.6224965999568898,0.20220348048562078,-0.6224966035976407,0.9475032737480935,-0.6224965067085604
-0.6236990539396968,0.631232952542926,-0.623698908197455,0.2010011711252492,-0.6236989117634923,0.9463009678056432,-0.6236988162163393
-0.6248698868808938,0.6306794105754753,-0.624869743369331,0.19983033518088963,-0.624869746853968,0.9451301349210074,-0.6248696526199592
-0.6260096446692299,0.6301481996094099,-0.626009503254712,0.19869057477482302,-0.6260095066320377,0.9439903773059992,-0.6260094137085706
-0.6271187191545362,0.6296390546785408,-0.627118579763495,0.1975814978608904,-0.6271185830097916,0.9428813029540498,-0.6271184913557832
-0.6281974964677258,0.6291517145864602,-0.6281973589337914,0.19650271818158124,-0.6281973622024734,0.9418025257957006,-0.6281972717197342
-0.6292463572116029,0.6286859219215867,-0.6292462214596293,0.19545385501758816,-0.6292462248068309,0.9407536651828473,-0.629246135473385
-0.6302656762548983,0.6282414228724053,-0.6302655422360101,0.1944345335191298,-0.6302655456015721,0.9397343460775441,-0.6302654574501585
-0.6312558232810097,0.6278179670762656,-0.6312556909371888,0.1934443839543879,-0.6312556943451704,0.9387441987810237,-0.6312556073566195
-0.6322171626107977,0.6274153078322297,-0.6322170319233312,0.19248304202019537,-0.6322170353952357,0.9377828590640152,-0.6322169495243231
-0.6331500533746306,0.6270332019541351,-0.6331499243618323,0.1915501485192665,-0.6331499278124139,0.9368499678728082,-0.6331498431574588
-0.6340548495994961,0.6266714097532132,-0.6340547222878733,0.19064534950297243,-0.6340547255755208,0.9359451712361346,-0.6340546422326592
-0.634931900041299,0.6263296946431867,-0.6349317745629879,0.18976829619352553,-0.6349317776498336,0.9350681203520816,-0.6349316956100431
-0.6357815482430009,0.6260078235825387,-0.6357814247513732,0.18891864497108893,-0.6357814276988901,0.9342184716149708,-0.6357813469009596
-0.6366041330246952,0.6257055668156634,-0.6366040116583023,0.18809605708329163,-0.6366040144423896,0.9333958862979627,-0.6366039349229949
-0.6373999882517457,0.6254226977812358,-0.6373998690269708,0.18730019874487244,-0.637399871645354,0.9326000305879673,-0.63739979346041
-0.6381694428303265,0.6251589932177929,-0.6381693257356054,0.18653074104350084,-0.6381693281725457,0.9318305756344686,-0.6381692512580398
-0.6389128210051914,0.6249142329067626,-0.6389127060780166,0.1857873597199916,-0.6389127082779501,0.9310871971582826,-0.6389126326422246
-0.639630442392639,0.624688199645961,-0.6396303296145147,0.18506973523228495,-0.639630331592646,0.9303695754963073,-0.6396302571504823
-0.6403226220194632,0.6244806792491294,-0.6403225113326396,0.1843775525544232,-0.6403225131322005,0.9296773956661111,-0.6403224397940742
-0.6409896703669374,0.6242914606029356,-0.6409895617016947,0.18371050114974682,-0.640989563231262,0.9290103471324753,-0.6409894910461125
-0.641631893538817,0.6241203354755845,-0.6416317868180068,0.18306827498922515,-0.6416317879944234,0.9283681237989985,-0.6416317169983253
-0.6422495930615543,0.6239670985707593,-0.6422494881979341,0.18245057255409594,-0.6422494889991297,0.9277504240821627,-0.6422494192317175
-0.6428430662849692,0.6238315474822388,-0.6428429631561925,0.18185709656201435,-0.6428429636176685,0.9271569506502851,-0.6428428950793237
-0.6434126062973046,0.6237134825740377,-0.6434125047845789,0.18128755396899113,-0.6434125049977153,0.926587410457582,-0.6434124375621209
-0.6439585018163938,0.6236127070816232,-0.643958401869981,0.18074165597623174,-0.6439584018884819,0.9260415147062808,-0.643958335479235
-0.6444810374427346,0.6235290270250013,-0.6444809389656335,0.18021911797403214,-0.644480938901971,0.9255189788071863,-0.6444808734174778
-0.644980493717488,0.6234622511229342,-0.6449803965817019,0.1797196594587206,-0.6449803965085489,0.9250195223049373,-0.6449803319001591
-0.6454571471417282,0.6234121907199826,-0.6454570512784203,0.1792430039017905,-0.6454570512170875,0.9245428687034009,-0.6454569874906217
-0.6459112702068447,0.6233786598014278,-0.6459111755813647,0.1787888787380546,-0.6459111755371523,0.9240887454960454,-0.6459111126972137
-0.6463431314067214,0.6233614749317287,-0.646343038017129,0.1783570154335814,-0.6463430380059011,0.9236568841611167,-0.6463429760729978
-0.646752995475072,0.623360455240623,-0.6467529032947718,0.17794714928660213,-0.6467529033656296,0.9232470199979301,-0.6467528423062969
-0.64714112334151,0.6233754222682923,-0.6471410323738338,0.17755901936054666,-0.6471410325532398,0.9228588920350472,-0.6471409723454096
-0.6475077720947093,0.6234062000666402,-0.6475076823510887,0.17719236849326492,-0.6475076826847042,0.9224922431346876,-0.6475076233189391
-0.6478531952563625,0.6234526150776488,-0.6478531067996264,0.17684694313447902,-0.647853107310067,0.9221468197943394,-0.6478530487939611
-0.648177642111171,0.623514496620705,-0.6481775550082497,0.17652249404712686,-0.6481775557268812,0.9218223726987297,-0.6481774980463688
-0.6484813592299056,0.6235916758191672,-0.6484812734977319,0.17621877468720784,-0.64848127444787,0.9215186553121472,-0.6484812175990495
-0.6487645895952264,0.6236839860799772,-0.6487645052169291,0.17593554209036943,-0.6487645063983103,0.9212354246957327,-0.6487644504504654
-0.6490275727298509,0.6237912631205444,-0.6490274896754658,0.17567255674634646,-0.6490274910984563,0.920972441324932,-0.6490274361120372
-0.6492705448179804,0.623913344818847,-0.6492704630580656,0.1754295824817894,-0.6492704646838359,0.9207294690252714,-0.6492704107459735
-0.6494937385193268,0.6240500714226765,-0.6494936580038737,0.17520638671038014,-0.6494936597939146,0.9205062751385247,-0.6494936068726405
-0.649697382579577,0.624201285856046,-0.6496973031992344,0.1750027407683231,-0.6496973051305251,0.9203026309357194,-0.6496972531783765
-0.6498817026311076,0.6243668330269138,-0.6498816242494857,0.17481841906379952,-0.6498816263166842,0.9201183108119511,-0.6498815752584849
-0.650046921098629,0.6245465598695485,-0.6500468436318545,0.17465319912007235,-0.6500468458617589,0.9199530922924675,-0.6500467956310381
-0.6501932575030409,0.6247403152181853,-0.6501931809169463,0.17450686126781248,-0.6501931833333982,0.9198067558046069,-0.6501931338573091
-0.6503209282859665,0.6249479499634725,-0.6503208525647779,0.1743791890429338,-0.6503208552089699,0.9196790849127682,-0.6503208064002438
-0.650430146930974,0.625169316951623,-0.6504300720489425,0.17426996898007865,-0.6504300749444675,0.9195698661681575,-0.6504300267533404
-0.6505211238653354,0.6254042710404035,-0.6505210498147893,0.17417899064513703,-0.6505210529445327,0.9194788891362886,-0.6505210053430646
-0.650594066598089,0.625652669015626,-0.6505939933746754,0.17410604653405926,-0.6505939967261201,0.9194059463174467,-0.6505939496851892
-0.6506491796366071,0.6259143696277194,-0.6506491072466183,0.17405093214344455,-0.650649110797887,0.919350833176661,-0.6506490643074634
-0.6506866646297841,0.6261892335442318,-0.6506865930860452,0.17401344579944245,-0.6506865968187099,0.9193133480737623,-0.6506865508659037
-0.6507067203344101,0.6264771233256049,-0.6507066496677374,0.17399338869922484,-0.6507066535596059,0.9192932922466864,-0.6507066081370173
-0.6507095426884629,0.626777903408433,-0.6507094729098803,0.17399056491772333,-0.6507094769256777,0.9192904697705889,-0.6507094320243115
-0.6506953248455761,0.6270914400535329,-0.6506952559652043,0.1740047813041479,-0.6506952600861519,0.9193046874943491,-0.6506952156813719
-0.650664257200233,0.6274176013229015,-0.6506641892377081,0.17403584747463888,-0.6506641934107189,0.9193357550196359,-0.6506641495284535
-0.6506165274078998,0.6277562570772001,-0.6506164603916227,0.17408357577336311,-0.6506164645657225,0.9193834846925649,-0.6506164212399881
-0.6505523204126529,0.6281072789756654,-0.6505522543898214,0.17414778126322497,-0.6505522585015873,0.9194476915684663,-0.6505522157668365
-0.650471818632912,0.6284705403321854,-0.6504717536140503,0.17422828158120043,-0.6504717576403172,0.9195281932762382,-0.6504717154697793
-0.6503752018354154,0.6288459162077173,-0.650375137821451,0.17432489695552725,-0.650375141739902,0.9196248100399516,-0.6503751001107211
-0.6502626472224113,0.629233283324429,-0.650262584234293,0.1744374501626091,-0.6502625880169822,0.9197373646694453,-0.6502625469020863
-0.6501343294996694,0.6296325200846038,-0.6501342675250439,0.17456576648027114,-0.6501342711708311,0.9198656824378283,-0.650134230579301
-0.6499904209076321,0.6300435064962955,-0.6499903599214203,0.17470967368406978,-0.6499903634324669,0.9200095911064945,-0.6499903233536224
-0.649831091246556,0.630466124161988,-0.6498310311915416,0.17486900201138883,-0.6498310345979746,0.9201689208640653,-0.6498309950314692
-0.6496565079473499,0.6309002562131227,-0.6496564488018224,0.17504358400647269,-0.649656452133276,0.9203435042266436,-0.6496564130735788
-0.64946683605862,0.6313457873584832,-0.6494667778109078,0.17523325461715514,-0.6494667810692448,0.920533176169957,-0.6494667425447999
-0.6492622383901354,0.6318026037978964,-0.6492621810183583,0.17543785104451248,-0.6492621842198864,0.9207377738907968,-0.649262146216475
-0.649042875445781,0.6322705931961117,-0.6490428189451869,0.17565721278285626,-0.6490428220997898,0.9209571368836144,-0.6490427846184796
-0.6488089054609355,0.6327496447479113,-0.6488088498353245,0.1758911815544296,-0.6488088529692577,0.9211911068843727,-0.6488088160150809
-0.6485604844918286,0.6332396490363902,-0.6485604297228471,0.17613960131932918,-0.6485604328219474,0.9214395278115911,-0.648560396415744
-0.6482977664226117,0.6337404980994885,-0.6482977124880346,0.17640231817966245,-0.6482977155450713,0.9217022458022506,-0.6482976796835241
-0.648020902975766,0.6342520853766916,-0.6480208498748704,0.17667918039435854,-0.6480208528680084,0.9219791091196705,-0.6480208175592058
-0.6477300437762795,0.6347743056971515,-0.6477299914992525,0.17697003835474373,-0.6477299944061862,0.9222699681554737,-0.6477299596630544
-0.6474253363756377,0.6353070552699069,-0.6474252849157135,0.17727474452740438,-0.6474252877138452,0.9225746753800717,-0.6474252535431745
