0.0,1.0323,0.0,0.8247,0.0,1.57,0.0
-0.0002901954295188303,1.0321066077805234,-0.00029019496053094105,0.8244112457021567,-0.00029025012365368764,1.5697111795647787,-0.0002902495622839066
-0.0011354337517302073,1.031543360127408,-0.0011354320756872896,0.8235701977167584,-0.0011356512190927209,1.5688699400137565,-0.0011356467184051916
-0.0027710043429523094,1.0304535301067121,-0.0027710002181405256,0.821942733510117,-0.0027715396054077274,1.5672421031686536,-0.0027715272334419873
-0.005399227382674569,1.0287023950339782,-0.005399219441078637,0.8193275372401407,-0.005400279236295408,1.564626303250282,-0.00540025290229325
-0.009186692511853223,1.026179058851516,-0.009186679840893854,0.8155587378023925,-0.00918849449949463,1.5608566576243224,-0.009188451202226338
-0.014262820853892123,1.0227974243641444,-0.014262802200049947,0.8105074612432657,-0.01426563248125118,1.5558042898580082,-0.014265568754376363
-0.020719042130474083,1.0184967359696506,-0.020719015820756043,0.8040826482350506,-0.0207231412683098,1.5493781440134478,-0.020723053634999294
-0.028608216877218755,1.013242149940901,-0.02860818598990235,0.7962316277083336,-0.02861377958111692,1.5415256763224718,-0.028613662403214276
-0.037946087324133584,1.0070235563116696,-0.03794605424975264,0.78693868171174,-0.03795318679887773,1.5322312864535603,-0.03795303486174684
-0.04871017103462116,0.9998561468408549,-0.048710134198486604,0.7762248729961064,-0.04871878485532062,1.5215165011706202,-0.04871859412236311
-0.06084485428755847,0.9917771857431837,-0.06084481106947108,0.7641443447269107,-0.06085487112393166,1.5094358948304571,-0.060854636949081095
-0.07426423157707465,0.9828441199179156,-0.0742641810687056,0.7507815297095206,-0.07427545757055147,1.496074282165222,-0.07427517936237552
-0.08885546261633366,0.9731323340299862,-0.08885540514563217,0.7362478259891011,-0.08886762219954517,1.4815433859546998,-0.08886730051259137
-0.10448249503788282,0.9627326695884811,-0.1044824270224895,0.720677905315753,-0.10449524549259898,1.4659781450613851,-0.10449487973297207
-0.1209901224607062,0.9517487184138587,-0.12099004451749845,0.7042256601423287,-0.12100306398633158,1.4495326627200311,-0.12100265956340381
-0.13820819480924806,0.9402939912380179,-0.13820810882935813,0.6870600177324888,-0.1382208764204304,1.4323760291259093,-0.13822043487410812
-0.15595601900003922,0.9284890094407912,-0.15595592891210838,0.669360586021992,-0.15596796230606164,1.4146879383238724,-0.15596748359307278
-0.17404669674591527,0.9164584085575626,-0.17404661141954933,0.6513133147586386,-0.17405741283859366,1.3966543577529575,-0.1740568991384097
-0.19229135956078972,0.9043280976079497,-0.19229129696563785,0.6331062606927756,-0.1923003581980881,1.3784633145662604,-0.19229981073119945
-0.21050334474218277,0.8922225103257998,-0.21050331854556387,0.6149254576191211,-0.21051013843383456,1.3603007596896335,-0.2105095539067599
-0.22850203253539897,0.88026202572842,-0.22850205569513765,0.5969510656539484,-0.2285061518424521,1.3423467175572565,-0.2285055304608945
-0.2461163791829014,0.8685606140875347,-0.24611646277104554,0.5793538271143513,-0.24611738449812284,1.3247717497793934,-0.24611672831959733
-0.26318811448452106,0.8572237158170817,-0.263188269497516,0.5622918817759652,-0.2631856020003295,1.3077337821100614,-0.26318491008997086
-0.27957447994663315,0.8463464092270452,-0.2795747168762091,0.5459080178876944,-0.27956809155844486,1.2913753589208592,-0.27956737414820404
-0.29515052262602054,0.836011893931836,-0.29515084997756846,0.5303273846320801,-0.2951399463527361,1.2758213502519462,-0.29513922049032987
-0.30981090077622564,0.8262902789806114,-0.30981132698693653,0.5156556488155021,-0.30979588124975893,1.2611771342227438,-0.3097951632750823
-0.3234711958855513,0.8172377192074466,-0.32347172469987706,0.5019776837527612,-0.32345153468801663,1.2475272854546162,-0.32345084151789405
-0.336068718178805,0.8088958792765225,-0.3360693505066499,0.4893567451684668,-0.33604427676034626,1.2349347583924932,-0.3360436247947404
-0.3475628190258237,0.8012917280351304,-0.34756355303159436,0.4778341418778059,-0.3475335221975753,1.2234405632209964,-0.34753292363442073
-0.3579347285998507,0.7944376480471242,-0.3579355598563242,0.4674293813117966,-0.3579005626282966,1.213063916828285,-0.35790002830838935
-0.36718959468322454,0.788330234841005,-0.3671905168274405,0.45813938937321647,-0.36715060500508706,1.2038011173144438,-0.3671501439410618
-0.3753525678751313,0.7829527418234297,-0.37535357260222435,0.4499410145461684,-0.37530885625196025,1.1956284370430783,-0.3753084752174116
-0.3824679415902188,0.7782754583626034,-0.3824690189015954,0.4427918512951865,-0.38241977846445446,1.1885028378274978,-0.38241948231073825
-0.38859697424621115,0.7742573862387757,-0.3885981128043532,0.43663248915928665,-0.3885447836189556,1.1823643259658616,-0.38854457498282935
-0.39381561484653416,0.7708477446479648,-0.39381680252231144,0.431388643382709,-0.3937599568302847,1.1771381218692067,-0.3937598362845591
-0.39821225326341586,0.7679874735471126,-0.39821347719618605,0.4269733792374433,-0.3981538042123175,1.1727368906331073,-0.39815377105839117
-0.4018853169917273,0.7656108377533757,-0.40188656420722363,0.42328949560407036,-0.4018248491350701,1.1690631292193168,-0.40182490047776953
-0.40494077669868117,0.763647090918223,-0.40494203388015193,0.42023200551111456,-0.40487913499283557,1.1660116483751006,-0.404879266599328
-0.40748961072700424,0.7620221674459043,-0.40749086412052266,0.4176906628568161,-0.40742769117751715,1.163472098063472,-0.4074278969886504
-0.409645288546155,0.7606603608840652,-0.4096465243513539,0.4155524763230711,-0.4095840159970604,1.161331479991994,-0.40958428832014077
-0.4115213233341283,0.7594859547469778,-0.41152252874528156,0.41370415865696414,-0.41146162914670503,1.1594765915010168,-0.4114619599028446
-0.4132289438438555,0.7584247765379325,-0.41323010648906505,0.4120344641676466,-0.4131717440219902,1.157796356744038,-0.4131721246651355
-0.4148749219031973,0.7574056430348511,-0.41487603010032637,0.41043637324325205,-0.41482109890020985,1.1561840031583492,-0.41482151969732584
-0.4165595983717917,0.7563616777630288,-0.4165606423284154,0.40880908224581475,-0.4165099825766958,1.1545390435152372,-0.41651043366794316
-0.41837514063561987,0.7552314705207471,-0.41837611194719354,0.40705976683869893,-0.4183304945765259,1.1527690284977217,-0.4183309660624663
-0.4204040538293581,0.7539600674020613,-0.4204049460281042,0.40510509354036134,-0.4203650588568718,1.1507910476076988,-0.42036554062974635
-0.42271774751549,0.7524999132745929,-0.4227185561919727,0.4028724628622609,-0.42268499207086263,1.1485330513569774,-0.42268547433225856
-0.42537584210250323,0.7508113251513392,-0.42537656469218005,0.40030107808359905,-0.42534981307113284,1.1459347499814907,-0.4253502863614751
-0.4284255349433306,0.7488629126072591,-0.4284261700940531,0.39734249004846456,-0.4284066114134385,1.142948210269607,-0.42840706671030027
-0.43190067128435317,0.7466323899140048,-0.43190121918764046,0.39396122354376817,-0.43188900385414963,1.1395387608346526,-0.43188943328944296
-0.43582231577555686,0.7441059812513672,-0.43582277770419275,0.39013492837361113,-0.43581783602186286,1.1356846461079766,-0.435818232903159
-0.4401989692613608,0.741278271626241,-0.4401993480489146,0.3858538349438557,-0.44020140281884057,1.131376655228652,-0.4402017608312149
-0.4450243844216755,0.7381535034258476,-0.445024684003263,0.3811216877488652,-0.445033266911795,1.1266193956286672,-0.4450335813297931
-0.45028114658822793,0.734743352813446,-0.4502813729698017,0.37595357554080105,-0.4502958445325341,1.1214287343276268,-0.4502961117538966
-0.4559416156667631,0.731066302220314,-0.45594177586326917,0.37037503047835435,-0.45596134898041085,1.11583088521538,-0.455961566170715
-0.4619690351593534,0.7271468999751121,-0.4619691366960203,0.36442095347617787,-0.4619929015305522,1.1098613238880395,-0.46199306494229253
-0.46831877267952293,0.7230149323710355,-0.46831882388965945,0.35813439796668767,-0.46834577472241,1.1035635631421143,-0.4683458822874099
-0.4749396719619037,0.718704524736789,-0.4749396811062507,0.3515652401491433,-0.4749687424495433,1.0969878212507111,-0.47496879149601096
-0.4817754682549938,0.7142531919719509,-0.4817754437293661,0.34476877109659887,-0.4818054955050418,1.0901896156706772,-0.48180548601581824
-0.48876624825158344,0.7097008726297049,-0.4887661982056431,0.33780424688916805,-0.4887961019035871,1.0832283105457086,-0.4887960351383824
-0.4958499088698348,0.7050889525617874,-0.4958498392775145,0.3307334271012227,-0.49587846512290495,1.0761656576997274,-0.4958783431099653
-0.502963591036921,0.7004593114289442,-0.5029635086693623,0.32361912932480263,-0.5029897576974481,1.0690643615489257,-0.5029895836269759
-0.5100450620673009,0.6958534016417534,-0.5100449746033876,0.31652383586729166,-0.5100678023358468,1.0619866879219488,-0.5100675795165838
-0.517034021976745,0.6913113804906268,-0.5170339354269574,0.30950836996212616,-0.5170523720011876,1.0549931518692852,-0.5170521040671072
-0.5238732914313087,0.6868713160307617,-0.5238732127597903,0.3026306796873232,-0.5238863783332877,1.048141313253908,-0.5238860716057441
-0.5305098896133301,0.6825684720505119,-0.5305098260142158,0.295944733096483,-0.5305169479122606,1.0414846843254357,-0.530516608387904
-0.5368959665475439,0.6784346877939021,-0.5368959240547287,0.2894995548621424,-0.5368963497516686,1.0350717785862187,-0.5368959833481994
-0.5429895813684315,0.6744978603077814,-0.542989565130365,0.28333841474227167,-0.5429827687486722,1.0289453132793416,-0.5429823838237285
-0.5487553211245738,0.6707815330668622,-0.5487553354953647,0.27749817300821766,-0.5487409245736797,1.0231415674428637,-0.548740529257394
-0.5541647505309072,0.6673045983101621,-0.5541647991834477,0.2720087947001541,-0.5541425167116755,1.0176899099799057,-0.5541421185645979
-0.5591966957798481,0.6640811089044232,-0.559196781372617,0.2668930295436371,-0.5591665057830665,1.012612493813726,-0.5591661113383125
-0.5638373596800494,0.6611202022222269,-0.5638374841680232,0.2621662614153659,-0.5637992253961872,1.0079241172973574,-0.5637988409593901
-0.5680802784984003,0.6584261305740082,-0.5680804430845474,0.25783651782808636,-0.5680343368282187,1.0036322457515203,-0.5680339684413532
-0.5719287792823746,0.6559967783798685,-0.5719289842241586,0.25390326015592163,-0.5718752838511779,0.9997354600831879,-0.5718749369116756
-0.5753927606877569,0.6538256410615179,-0.5753930052933699,0.25035918340913565,-0.5753320716017077,0.9962256491233136,-0.5753317508183697
-0.578488775567392,0.6519015740218892,-0.5784890582677008,0.247190395818508,-0.5784214640101263,0.9930879406267316,-0.5784211733572251
-0.5812387928055233,0.6502098281664536,-0.581239111177785,0.24437697856210497,-0.5811656175309607,0.9903017008587965,-0.5811653601368763
-0.5836695003001975,0.6487325162931976,-0.5836698511614719,0.2418939830755446,-0.583591381303465,0.9878413883042733,-0.5835911594460857
-0.585811758916565,0.6474489913666,-0.5858121385650966,0.23971206094515865,-0.5857297490817621,0.9856771574011828,-0.5857295642056995
-0.5876995567170245,0.6463365312199764,-0.5876999608910194,0.2377983823714434,-0.5876148118530543,0.9837758139165288,-0.5876146647035746
-0.5893691697274741,0.6453708988352259,-0.5893695937098862,0.23611746876186077,-0.5892829182771334,0.9821016486852666,-0.5892828088014288
-0.5908583147858772,0.6445269076112115,-0.5908587535769717,0.23463204079153194,-0.5907718273350547,0.9806172838385793,-0.590771754741195
-0.5922053135148251,0.6437789791020033,-0.5922057619695226,0.2333038632047597,-0.5921198729798867,0.9792845132886845,-0.5921198357330476
-0.5934482834364515,0.6431016822634864,-0.5934487363077484,0.23209456926388933,-0.5933651563153342,0.9780651202298287,-0.5933651522781154
-0.59462437211409,0.6424702438098634,-0.5946248241788056,0.23096644817858866,-0.5945447816214875,0.9769216555698588,-0.5945448081074047
-0.5957690486086457,0.6418610200217495,-0.5957694948524676,0.22988318085209886,-0.5956941500779767,0.9758181627466569,-0.5956942039335934
-0.5969153409297175,0.6412519934051891,-0.596915776703955,0.22881051162487648,-0.5968461797256672,0.974720836673613,-0.5968462573030154
-0.598093313869338,0.6406231307264046,-0.598093734885448,0.22771693925154826,-0.598030828189109,0.973598750064841,-0.5980309255405318
-0.5993297004577153,0.6399566294691451,-0.599330102871672,0.22657414371782134,-0.5992747057489389,0.9724241926426209,-0.5992748187741633
-0.6006475240075373,0.6392371688633559,-0.6006479044553071,0.22535738769661448,-0.6006007008149727,0.9711730781527611,-0.6006008253051749
-0.6020658167376508,0.6384520963132861,-0.6020661723776357,0.22404583996450142,-0.6020277021127246,0.9698252523756903,-0.6020278338354802
-0.6035988506005545,0.6375921336508859,-0.6035991792194596,0.22262291296780906,-0.603569716061304,0.9683651681136691,-0.6035698508080682
-0.6052566812552794,0.6366508017805044,-0.6052569812468686,0.22107674774692748,-0.6052365409523804,0.9667817347410331,-0.6052366746767783
-0.6070451609813678,0.635624407909448,-0.6070454313821514,0.21939973121907705,-0.6070337848316569,0.9650680734747601,-0.6070339138627108
-0.6089650655702882,0.6345126414252917,-0.6089653063436716,0.21758843417193455,-0.6089618056540498,0.9632214416272638,-0.6089619268643517
-0.6110116490689282,0.6333186771378725,-0.6110118606360525,0.21564397112690267,-0.6110156690649056,0.9612441241339401,-0.6110157794100703
-0.6131767389724123,0.6320479622291469,-0.6131769223223776,0.21357208573737163,-0.6131870415431643,0.9591427256751045,-0.613187138329494
-0.6154490890530407,0.6307079819417558,-0.6154492458931065,0.21138191013022672,-0.6154645455842032,0.9569271226979917,-0.6154646263765507
-0.6178147796176622,0.6293079937940798,-0.6178149115597502,0.209085594049844,-0.6178341606098258,0.9546100825049638,-0.6178342232568528
-0.6202576535511563,0.6278587369436157,-0.6202577627872012,0.20669788813757684,-0.6202796604928305,0.9522068402670267,-0.6202797033356408
-0.6227597769781138,0.626372126481422,-0.6227598661134198,0.20423569493764995,-0.6227830736237858,0.9497346459445911,-0.6227830954962053
-0.6253019161944523,0.6248609367814998,-0.6253019877881054,0.2017175955991328,-0.6253251590229538,0.9472122906979994,-0.6253251593387666
-0.6278640174095022,0.6233384830569302,-0.627864074247485,0.19916336510619315,-0.6278858851300932,0.9446596248087386,-0.6278858633714023
-0.630425679951766,0.6218183068137731,-0.6304257248786916,0.19659348624842374,-0.6304449005481938,0.9420970761997254,-0.6304448571324415
-0.632966614005026,0.6203138728783553,-0.6329666499329744,0.19402867312538896,-0.6329819895923757,0.9395451814114937,-0.6329819255608301
-0.6354670732924486,0.618838281541589,-0.6354671031905983,0.19148941251152657,-0.6354775026386695,0.9370241368774469,-0.6354774194063338
-0.6379082563972319,0.6174040030359521,-0.6379082829438776,0.18899553152167314,-0.6379127535371827,0.9345533787384425,-0.6379126530285358
-0.6402726662647172,0.6160226387640545,-0.6402726918365268,0.18656580299830383,-0.6402703763535513,0.9321512007858833,-0.6402702606858627
-0.6425444259659668,0.6147047120095941,-0.642544452662952,0.18421759030471596,-0.642534637582793,0.9298344136198815,-0.6425345089863711
-0.6447095454097966,0.6134594911445624,-0.6447095751921842,0.18196653937483345,-0.6446916992988967,0.9276180518471502,-0.6446915602407455
-0.6467561352125184,0.6122948482283427,-0.6467561698518293,0.1798263216799507,-0.6467298293341811,0.9255151330106145,-0.6467296824382741
-0.648674566417843,0.6112171536300708,-0.648674607515993,0.17780843130131507,-0.6486395573590679,0.9235364701107669,-0.6486394053120288
-0.6504575738685621,0.6102312075375979,-0.6504576228305318,0.17592203814685112,-0.6504137749449544,0.9216905408127163,-0.6504136203523929
-0.6521003048289767,0.6093402079791443,-0.652100362859573,0.17417389748906303,-0.6520477809264651,0.9199834120779948,-0.6520476263288545
-0.6536007021935192,0.6085456127720309,-0.6536007698626867,0.17256831263054273,-0.653539782425923,0.9184186134634923,-0.6535396302426009
-0.654960991134168,0.6078460189975745,-0.6549610685035174,0.1711061935552458,-0.6548922300569467,0.9169956568175134,-0.6548920825025568
-0.6561857499741642,0.6072384907845882,-0.6561858368541983,0.16978575066178306,-0.6561098007682604,0.9157118823530459,-0.6561096598405636
-0.6572813989729834,0.6067188548606371,-0.6572814949677708,0.16860307391442622,-0.6571989955951633,0.914562606463334,-0.6571988630805048
-0.658256253577939,0.60628154233643,-0.658256358028075,0.16755230562076412,-0.6581682854677271,0.913541204340551,-0.6581681627910566
-0.6591203187862328,0.6059197818322942,-0.6591204308580135,0.1666253807170404,-0.6590278271472966,0.912638878259851,-0.6590277154669458
-0.6598846854467387,0.6056260829666757,-0.6598848041465899,0.16581264855901454,-0.6597888327078851,0.9118454616725408,-0.6597887329176008
-0.6605612576147406,0.6053924196961897,-0.660561381847133,0.16510325917016452,-0.6604632958923173,0.9111497281293846,-0.6604632086117824
-0.661162475404195,0.6052104165487484,-0.661162603990478,0.16448543683538785,-0.6610637146239752,0.9105396661202358,-0.6610636401789108
-0.6617010397057403,0.6050715333736701,-0.6617011713964556,0.1639467607638928,-0.661602816109447,0.9100027576628787,-0.6616027545424087
-0.662189644532263,0.6049672447227827,-0.6621897780203757,0.16347444645433087,-0.6620932901730664,0.909526254476474,-0.6620932412532919
-0.6626407231410056,0.6048892098580908,-0.6626408571230182,0.16305561935187174,-0.6625475369603653,0.9090974446986297,-0.6625475002413311
-0.6630662112322645,0.6048294310507158,-0.663066344430316,0.162677577100413,-0.6629774322793534,0.9087039066131339,-0.662977407098848
-0.6634773315513892,0.6047803973602395,-0.6634774627297059,0.16232803783437283,-0.6633941147821284,0.9083337443737649,-0.6633941002781389
-0.6638844043226448,0.604735210805304,-0.663884532323168,0.16199536672083956,-0.6638077995914992,0.9079758011886246,-0.6638077947370148
-0.6642965462281998,0.6046878938007955,-0.6642966700338059,0.16166877757718773,-0.6642273561653239,0.9076198467567355,-0.6642273597553073
-0.664721298897715,0.6046335203046656,-0.664721417651003,0.1613385085056693,-0.6646600748798772,0.907256736700424,-0.6646600855805951
-0.6651648992011969,0.6045681210623619,-0.6651650121670452,0.1609959990392253,-0.6651119504189277,0.9068789288867043,-0.6651119668358599
-0.6656322765668717,0.6044885878765021,-0.6656323831606961,0.16063438997586924,-0.6655876761702755,0.9064804734247918,-0.665587696879041
-0.6661270230364469,0.6043926903781389,-0.6661271228152417,0.16024827580221002,-0.6660906188464003,0.9060567319560618,-0.6660906424387429
-0.6666508477106745,0.6042794191195234,-0.6666509404855656,0.15983360734897326,-0.666622099508224,0.9056044030362796,-0.6666221246189005
-0.6672031263372109,0.6041492881036128,-0.6672032120991445,0.15938770150061105,-0.6671811688283088,0.9051215170154647,-0.6671811941993337
-0.6677811855098496,0.6040041072860625,-0.6677812645022754,0.1589092228387668,-0.667764911134547,0.9046074044710293,-0.6677649356014728
-0.6683813169213695,0.6038462930701078,-0.6683813894760038,0.1583981377409172,-0.6683695164301678,0.9040631381115907,-0.6683695388948527
-0.6689990174679231,0.6036787840864489,-0.6689990840193237,0.15785665523239542,-0.668990410785538,0.9034918533100055,-0.6689904302538933
-0.6696291291815772,0.6035049495356066,-0.6696291902283149,0.15728839859818083,-0.6696223962231124,0.902897897729576,-0.6696224118164964
-0.6702659859640203,0.6033284930024095,-0.6702660420498789,0.1566978839810617,-0.6702597968126636,0.9022863863133341,-0.6702598077935672
-0.6709035640257333,0.6031533538662953,-0.6709036157385943,0.15609037511625323,-0.6708966078760964,0.9016630496246495,-0.6708966136146435
-0.6715356325195144,0.6029836085718864,-0.6715356804955628,0.155471729435801,-0.6715266447545057,0.9010340766882523,-0.6715266447593425
-0.6721559005684515,0.602823374116946,-0.6721559454538355,0.15484823996560243,-0.6721436875135691,0.9004059566681061,-0.6721436814809246
-0.6727581587980429,0.6026767152125627,-0.672758201254697,0.1542264754082525,-0.6727416198465458,0.8997853213396508,-0.6727416076324486
-0.6733364114496323,0.6025475575546912,-0.6733364521265546,0.15361312300764426,-0.6733145581530803,0.899178793398431,-0.673314539733266
-0.6738849981809208,0.6024396078757772,-0.6738850377059444,0.15301483604407598,-0.6738569699930558,0.8985928413733341,-0.6738569454974729
-0.6743987027639016,0.6023562825516565,-0.6743987417348649,0.15243808957197663,-0.6743637793905972,0.8980336451619062,-0.6743637490660664
-0.6748728466173076,0.6023006461927235,-0.6748728855946959,0.15188904750104115,-0.6748304568344708,0.8975069747617492,-0.6748304210559477
-0.6753033672095948,0.6022753600863082,-0.6753034067148578,0.15137344204856384,-0.6752530941156903,0.8970180827292203,-0.6752530533400395
-0.6756868789386126,0.6022826421400033,-0.675686919425683,0.1508964688480286,-0.6756284616808858,0.8965716136224007,-0.6756284164592253
-0.6760209160183897,0.6023242205971201,-0.6760209577972761,0.1504626987862839,-0.6759543775751743,0.8961715308279908,-0.6759543285929351
-0.6763043579936912,0.6024009249137675,-0.6763044012585634,0.15007600498628432,-0.6762299766139342,0.8958206130272613,-0.6762299246565794
-0.6765373453447941,0.6025127377996787,-0.6765373901914956,0.14973951073194014,-0.6764556182485383,0.8955202808777761,-0.6764555641401319
-0.6767211528467316,0.602658877247548,-0.6767211992554106,0.14945499456701328,-0.6766327551939624,0.895270673526155,-0.6766326997831975
-0.6768580339009602,0.6028378984163869,-0.676858081760684,0.14922284734229144,-0.6767637752772535,0.8950712266334269,-0.6767637193983335
-0.6769509706301299,0.603047915407652,-0.6769510197889766,0.1490425935940898,-0.6768517095525992,0.8949207862011836,-0.6768516540193658
-0.6770032827821338,0.6032868056906495,-0.67700333305477,0.14891311897532844,-0.6768999069393825,0.8948176543336493,-0.6768998525346075
-0.6770185481908947,0.6035522347671823,-0.6770185993598319,0.14883271835541917,-0.6769119550774889,0.8947596449499053,-0.6769119025235513
-0.6770005213723518,0.6038416892617549,-0.6770005731959462,0.14879915462414547,-0.6768915992850597,0.8947441476729769,-0.6768915492308235
-0.6769530516360133,0.6041525545515363,-0.6769531038511941,0.1488097253614336,-0.6768426866105252,0.8947681716989682,-0.6768426395976884
-0.6768800040832648,0.6044821907421328,-0.6768800564138884,0.14886127139760205,-0.6767690692565825,0.8948283435642107,-0.6767690257190855
-0.6767851836886803,0.6048280033187639,-0.6767852358499494,0.14895021410251783,-0.6766745038662321,0.8949210230127215,-0.6766744641194153
-0.6766722644972565,0.6051875070407364,-0.676672316203442,0.14907267947551758,-0.6765625876058933,0.8950424172509128,-0.6765625518745031
-0.6765447241582409,0.6055583827311694,-0.6765447751325886,0.14922462203997638,-0.6764367099101541,0.8951886918969968,-0.6764366783310464
-0.6764057865395671,0.605938524369671,-0.6764058365187678,0.14940194335692925,-0.6762999974356451,0.8953560739747666,-0.676299970065603
-0.6762583721182792,0.6063260190154834,-0.6762584208575496,0.14960060298860783,-0.676155198170776,0.8955409452304881,-0.6761551749140501
-0.6761047839981318,0.6067192348383136,-0.6761048312923038,0.14981672068640037,-0.6760044275026948,0.8957399254605876,-0.6760044081257697
-0.6759466739106365,0.6071169767145447,-0.675946719598989,0.15004666644142037,-0.6758491621248393,0.8959499431680893,-0.6758491462874792
-0.6757850555011264,0.6075184805695082,-0.6757850994803143,0.15028713699330232,-0.6756902587012225,0.896168292005624,-0.6756902459847778
-0.6756203407116996,0.6079233917515946,-0.6756203829184327,0.15053521725217442,-0.6755279943430563,0.8963925843959508,-0.6755279842634508
-0.6754523952589305,0.6083317300570455,-0.6754524356826204,0.1507883704983426,-0.6753621249634468,0.8966207749478213,-0.6753621169831435
-0.675280608661797,0.6087438445119019,-0.6752806473358335,0.1510444215798235,-0.6751919568451337,0.8968511821198129,-0.6751919504030547
-0.6751039757695955,0.6091603598068168,-0.6751040127743185,0.1513015804725688,-0.6750164285626705,0.8970825013248628,-0.6750164231102018
-0.6749211841559716,0.6095821183390682,-0.674921219594729,0.15155845685646913,-0.6748341977023347,0.8973138096881202,-0.6748341927281459
-0.6747307038553969,0.6100101200226249,-0.674730737853757,0.1518140648321429,-0.6746437290202761,0.8975445618109756,-0.6746437240594069
-0.6745308766472904,0.6104454621131813,-0.674530909348156,0.1520678198522759,-0.6744433812970989,0.8977745787818918,-0.67444337594257
-0.6743200000421363,0.6108892820317141,-0.6743200315959169,0.1523195274261423,-0.6742314883294808,0.8980041886441873,-0.6742314822353473
-0.6740964050429009,0.611342704420389,-0.6740964356020015,0.1525695129028118,-0.6740064333231369,0.8982342904294437,-0.6740064262157248
-0.6738585243049768,0.6118067941975318,-0.673858554022538,0.15281871356242838,-0.6737667133535526,0.8984662521543725,-0.6737667050737033
-0.6736049479152615,0.6122825171062405,-0.6736049769447672,0.1530685720985681,-0.6735109914190384,0.8987018027621981,-0.6735109818611292
-0.6733344677634918,0.6127707085416169,-0.6733344962592949,0.15332092162820735,-0.6732381370916175,0.8989429210435109,-0.6732381262287721
-0.6730461092371283,0.6132720507486789,-0.6730461373353047,0.15357786734344497,-0.672947254714752,0.8991917269202315,-0.6729472425903694
-0.6727391515527309,0.6137870575083736,-0.6727391793627093,0.1538416700346678,-0.6726377005796679,0.8994503776875644,-0.6726376872992137
-0.6724131353010611,0.6143160676254427,-0.6724131629110263,0.15411463643156556,-0.6723090877168685,0.899720974727419,-0.6723090734213231
-0.6720678582262395,0.6148592465352409,-0.6720678857018687,0.15439901907321638,-0.6719612793271301,0.9000054831311429,-0.6719612641834776
-0.6717033635129951,0.6154165928359651,-0.6717033908923222,0.15469692978053823,-0.6715943752761183,0.9003056627823731,-0.6715943594796544
-0.6713199193218814,0.6159879509532425,-0.671319946621185,0.15501026696353537,-0.6712086904023876,0.9006230152367322,-0.6712086741573683
-0.6709179908235872,0.6165730291887462,-0.6709180180466185,0.15534065805095185,-0.6708047257845906,0.9009587470654777,-0.6708047093042834
-0.6704982078696772,0.6171714208899498,-0.6704982350001206,0.15568941901051367,-0.6703831361570153,0.9013137480807032,-0.6703831196462292
-0.6700613296983866,0.6177826278454349,-0.6700613567094134,0.1560575301761601,-0.6699446948108274,0.9016885839996183,-0.6699446784655556
-0.6696082085522415,0.6184060845280605,-0.6696082354047324,0.15644562727917424,-0.6694902578324092,0.9020835021012762,-0.669490241822267
-0.6691397527654148,0.619041183018211,-0.6691397794134726,0.15685400733633328,-0.6690207280636145,0.9024984652185561,-0.6690207125380062
-0.6686568917291079,0.6196872967760424,-0.6686569181204759,0.1572826572626091,-0.6685370212541601,0.9029332869878143,-0.6685370063417403
-0.668160543794868,0.620343802582976,-0.6681605698729376,0.1577314047102073,-0.6680400353267232,0.903387639596482,-0.6680400211267333
-0.6676515877284255,0.621010100221244,-0.6676516134416325,0.1581999262198923,-0.667530623310539,0.9038610642806731,-0.6675306098916483
-0.6671308386319109,0.6216856292386427,-0.6671308639329148,0.1586877581484464,-0.6670095707946577,0.9043529841034159,-0.6670095581929522
-0.6665990287103805,0.6223698825060117,-0.6665990535578961,0.15919431015589083,-0.6664775782064845,0.9048627187490106,-0.6664775664295023
-0.6660567931473953,0.6230624163699415,-0.666056817497924,0.15971888069895,-0.6659352481231857,0.9053895007753797,-0.6659352371530335
