0.0,1.0323,0.0,0.8247,0.0,1.57,0.0
-0.0006814790700946859,1.031845912188476,-0.000681491706417534,0.8240189813007878,-0.0006815187430246968,1.5693189430570849,-0.0006815086613349222
-0.0025563329279572194,1.030596750788611,-0.002556366925063609,0.8221453890922642,-0.002556475720473314,1.5674452609905245,-0.0025564453023708363
-0.005968488790183916,1.0283235300502502,-0.005968550883002872,0.818735529794172,-0.005968813649277857,1.5640352425173722,-0.005968752454033777
-0.011104345397574343,1.0249022723780918,-0.011104441133724951,0.813603011542776,-0.011104937058212812,1.558902517656956,-0.01110484033367408
-0.018010392813157253,1.0203023723099922,-0.018010522064454346,0.8067012972086598,-0.01801127175619502,1.552000622944276,-0.018011134168637935
-0.026615151604618824,1.0145717834074495,-0.026615312433816277,0.7981014416481983,-0.026616287093101383,1.5434007784126524,-0.026616113145344424
-0.036754899708875424,1.007819896693341,-0.03675508441051941,0.7879667981946078,-0.03675622073985284,1.533266427078581,-0.0367560191225397
-0.048199322035880385,1.0002004775508855,-0.04819951899630435,0.7765273591071491,-0.04820071886513719,1.5218276601994924,-0.0482004921080414
-0.060676247543053854,0.9918950931312134,-0.060676440315146254,0.7640550100300993,-0.06067759652912947,1.5093564009801599,-0.060677354768160316
-0.07389447629617708,0.9830979675392452,-0.07389463891558645,0.7508407479897221,-0.07389565121092483,1.4961436395918672,-0.07389541076628663
-0.08756349031693678,0.9740027977580717,-0.08756360536694517,0.7371749638517261,-0.08756437356265191,1.4824797468168418,-0.08756414921923243
-0.10140971045864076,0.9647919510429376,-0.10140978998233423,0.7233311599347663,-0.10141019814574707,1.4686381886493298,-0.1014100156595609
-0.1151889305571815,0.955628178505216,-0.11518898422789164,0.7095535383892149,-0.11518893370797516,1.4548631064466258,-0.11518881400250397
-0.12869488883781285,0.9466489223659776,-0.1286949248032542,0.6960484145023841,-0.1286943333023098,1.441360752067425,-0.12869429414180172
-0.1417641864477732,0.9379630298528856,-0.14176421872026068,0.6829792631790211,-0.14176302075238378,1.428294530197977,-0.1417630689629472
-0.1542779601297083,0.9296496451170987,-0.15427800342945283,0.6704650487084571,-0.15427614838055662,1.4157833348777868,-0.15427628597247278
-0.16616076419424589,0.9217589646836165,-0.1661608325392367,0.6585813258426731,-0.16615828699651575,1.4039026669191703,-0.16615851409259413
-0.17737723329103228,0.9143144726666481,-0.1773773361976113,0.6473635842891897,-0.17737408289821655,1.3926879647440584,-0.17737439536245422
-0.1879274315976521,0.9073160560758786,-0.18792757090137605,0.6368118877091423,-0.1879236146967276,1.3821391540999195,-0.18792400149299862
-0.19784067518307652,0.9007441389969212,-0.19784085063798001,0.6268973592427972,-0.1978362095254718,1.3722272549867158,-0.19783665626749228
-0.20716850886601276,0.8945643273906883,-0.2071687176735729,0.617568797335441,-0.207163420367108,1.3629009962381877,-0.20716391230376435
-0.21597801392686386,0.888731874919221,-0.21597825205905138,0.6087593674516939,-0.21597233391596407,1.3540935038756605,-0.21597285673405608
-0.22434543285805192,0.8831959310293889,-0.22434569503918292,0.6003929794754632,-0.22433919654878032,1.3457286753662194,-0.22433973709044253
-0.23235041094696013,0.8779033839047011,-0.232350689845767,0.5923900578867022,-0.23234365395989004,1.337726944439888,-0.23234420067475237
-0.24007106214933854,0.8728021498815621,-0.24007135073499658,0.5846724827165887,-0.24006381945159538,1.3300102188463219,-0.240064361912131
-0.24757999486869114,0.8678438184123682,-0.2475802863401386,0.5771675794322999,-0.24757229932908412,1.3225058648829982,-0.24757282833188185
-0.25494134571700156,0.8629856326220123,-0.2549416322454171,0.5698111013682643,-0.25493322607363106,1.315149686583623,-0.25493373437359373
-0.2622088072229543,0.8581918001302585,-0.2622090824550742,0.5625492110717043,-0.2622002897721163,1.3078879029251897,-0.26220077195936675
-0.2694245923702697,0.8534341856871912,-0.2694248503739074,0.5553395330627499,-0.2694156997867022,1.3006781955199915,-0.26941614998322955
-0.2766192163714311,0.8486924532946248,-0.27661945215407946,0.5481513863963949,-0.2766099668846354,1.293489935227778,-0.2766103798820953
-0.2838119746447636,0.8439537487534364,-0.2838121853438451,0.5409653202583828,-0.2838023830948313,1.2863037193594002,-0.28380275736270494
-0.2910119524756177,0.8392120226872728,-0.29101213717565116,0.5337720976173462,-0.29100202777407713,1.2791103526234318,-0.29100236517859834
-0.29821908711556316,0.8344673080137309,-0.29821924403818034,0.526571310777973,-0.29820883025981754,1.2719094604585168,-0.2982091341552592
-0.3054259013717099,0.8297245622513167,-0.3054260296198798,0.5193700845224325,-0.3054153126819149,1.2647082774440837,-0.30541558536126656
-0.3126196786832466,0.8249922444977165,-0.31261978011247143,0.512180891518754,-0.31260875672069954,1.2575193638775903,-0.3126090023019497
-0.3197842012151437,0.8202811565099842,-0.31978427855694147,0.5050198087339886,-0.31977294331180456,1.250358850300374,-0.3197731653576819
-0.3269013668319678,0.8156033630341748,-0.32690142156362423,0.4979048849031017,-0.32688977033849065,1.2432448156444869,-0.3268899732712064
-0.33395262733006714,0.8109712323757794,-0.3339526643074597,0.49085469171294044,-0.3339406904773221,1.2361958345627324,-0.3339408781706839
-0.34092020162078096,0.8063966271663652,-0.34092022598132476,0.48388709635554933,-0.34090792410204024,1.2292297599224027,-0.34090809907643094
-0.34778802338545967,0.8018902700918086,-0.3477880399656825,0.47701829909848376,-0.3477754058767219,1.222362759047246,-0.3477755709932371
-0.3545424224996084,0.7974612880307439,-0.3545424362146711,0.47026213518688653,-0.35452946777368705,1.2156086249134064,-0.35452962507570945
-0.36117255353998595,0.7931169269440422,-0.3611725692798632,0.4636296279420203,-0.3611592655489429,1.208978328018928,-0.361159416773701
-0.3676705903590541,0.7888624194349111,-0.3676706132765537,0.45712878429891274,-0.36765697442247763,1.2024798179516625,-0.36765712200417233
-0.3740317159886992,0.784700994198025,-0.3740317485060864,0.45076459148165343,-0.374017776681685,1.196118041317445,-0.37401792252644883
-0.3802540581718374,0.780633931410829,-0.3802540992845391,0.4445390871472254,-0.38023980202093605,1.1898948756792562,-0.3802399491787907
-0.3863385702052638,0.7766606218079499,-0.38633861837617933,0.43845155179800904,-0.386324004517409,1.1838094910918024,-0.38632415295047856
-0.3922884519141114,0.7727789656130714,-0.39228850550938404,0.4324991981038327,-0.3922735831427442,1.1778590211239623,-0.3922737329265304
-0.39810842407354774,0.7689858393179785,-0.3981084794939951,0.426677610220475,-0.39809325724425787,1.1720389997378298,-0.39809340819973477
-0.4038042749414939,0.765277397313497,-0.4038043286238728,0.4209811984915066,-0.4037888136279299,1.1663438125668075,-0.40378896568088535
-0.4093824258085449,0.7616493598759498,-0.40938247697615215,0.4154036416046069,-0.40936667638833535,1.1607671384918439,-0.4093668279861726
-0.4148495389756329,0.7580972800009118,-0.4148495866768028,0.40993829005031723,-0.41483350746744496,1.155302346261711,-0.414833656405837
-0.42021218120873105,0.7546167682419286,-0.4202122254753519,0.4045785206308754,-0.42019587308213135,1.1499428468461157,-0.4201960177440113
-0.42547654850925465,0.751203678201534,-0.4254765884241417,0.3993180269333236,-0.4254599678205089,1.1446823778011714,-0.42546010740762724
-0.43064825804770374,0.7478542454598166,-0.4306482939039153,0.3941510389469381,-0.4306314090843616,1.1395152170984333,-0.4306315431467066
-0.4357322121676684,0.7445651810536521,-0.43573224436951763,0.38907247734830364,-0.4357150985473761,1.1344363367388954,-0.43571522771379645
-0.4407325218071683,0.7413337219286541,-0.44073255114527243,0.38407804460855255,-0.44071514642057597,1.1294414893965345,-0.44071527175176145
-0.44565248910528593,0.7381576448867276,-0.44565251606469436,0.3791642534791533,-0.44563485433177114,1.1245272349767044,-0.44563497726657963
-0.45049458587361946,0.7350352584056693,-0.4504946109870183,0.37432841084252577,-0.4504766946261828,1.1196909208779993,-0.45047681645533133
-0.455260490010165,0.7319654102450408,-0.45526051358030206,0.36956855828956214,-0.455242344984445,1.1149306226920745,-0.45524246727590784
-0.45995121391525284,0.7289474017624664,-0.45995123631093443,0.36488338219175837,-0.45993281944638537,1.1102450525695222,-0.45993294217815944
-0.4645672527081987,0.7259808876706444,-0.4645672748283956,0.3602721089669979,-0.4645486138898933,1.105633455444794,-0.46454873633291754
-0.46910873176827306,0.7230657776038215,-0.46910875463113105,0.35573438601683355,-0.4690898536729622,1.101095491880913,-0.4690899759293071
-0.4735755457276331,0.720202142745536,-0.47357556934667816,0.35127016381556025,-0.4735564311394866,1.0966311166468719,-0.4735565543246212
-0.4779674821305588,0.71739013079477,-0.4779675070980196,0.3468795970609089,-0.4779481343411384,1.0922404852205028,-0.4779482590620888
-0.4822843302335366,0.7146298917408705,-0.4822843566614268,0.3425629301975375,-0.482264751843937,1.0879238365797452,-0.482264878889556
-0.48652596123862935,0.7119215237059007,-0.48652598858342144,0.33832039545854736,-0.4865061555599825,1.0836813930067395,-0.48650628435988313
-0.490692388481006,0.7092650295171237,-0.4906924168375592,0.3341521314858746,-0.4906723595050359,1.079513281049602,-0.4906724896251648
-0.49478380778871234,0.7066602916845772,-0.49478383719551583,0.33005812767524295,-0.49476355909563363,1.0754194761826212,-0.4947636905111967
-0.49880061278674875,0.7041070605909656,-0.49880064322371015,0.3260382099391885,-0.49878014831239637,1.0713997896793785,-0.4987802801429591
-0.5027433962267066,0.7016049527345002,-0.5027434273346637,0.32209202136424514,-0.5027227187183908,1.0674538503992423,-0.5027228507070403
-0.5066129339787298,0.6991534588306874,-0.5066129654426019,0.31821901471728375,-0.5065920465310696,1.0635810987969112,-0.5065921788034512
-0.5104101630982474,0.6967519586982791,-0.5104101954813992,0.3144184646227201,-0.5103890698725303,1.0597807991220283,-0.5103892015956165
-0.5141361546798455,0.6943997416252906,-0.5141361879081382,0.31068948197945867,-0.5141148594762421,1.0560520537759288,-0.514114989571661
-0.5177920786506803,0.6920960291985009,-0.5177921130221629,0.307031039201353,-0.5177705857993,1.0523938290359658,-0.5177707129688686
-0.5213791705678823,0.6898399952876662,-0.5213792058025832,0.3034419995289431,-0.521357483973369,1.048804984499361,-0.5213576073051777
-0.5248986988602258,0.687630790862742,-0.5248987347685414,0.29992114533640085,-0.524876822242145,1.0452843008361457,-0.5248769413685774
-0.5283519374189012,0.6854675629279353,-0.5283519735839612,0.2964672101043421,-0.5283298738878375,1.0418305111639525,-0.5283299888911216
-0.5317401416487576,0.6833494698650928,-0.5317401770213072,0.29307890691531685,-0.5317178935078326,1.0384423297655683,-0.5317180047330591
-0.5350645292933938,0.681275694639261,-0.5350645634052342,0.2897549529073232,-0.5350420990219616,1.0351184756553553,-0.5350422067085987
-0.538326267214296,0.6792454533853299,-0.5383263006360414,0.28649409151612826,-0.5383036576223204,1.0318576952365273,-0.5383037625121481
-0.5415264634127002,0.6772580013838331,-0.541526496573579,0.2832951086426984,-0.5415036777393337,1.0286587774419522,-0.5415037806406292
-0.5446661627681578,0.6753126374386231,-0.5446661959514585,0.28015684599652796,-0.54464320450179,1.0255205675410295,-0.5446433062048562
-0.5477463479348036,0.6734087021443289,-0.5477463816350815,0.2770782075847364,-0.547723220534098,1.022441972980538,-0.5477233214373155
-0.5507679425065977,0.6715455759934206,-0.5507679767905123,0.2740581640129968,-0.5507446491986844,1.0194219677052028,-0.5507447489879793
-0.5537318145830068,0.6697226765185277,-0.5537318497596879,0.27109575319914714,-0.5537083589642974,1.016459592388728,-0.55370845707955
-0.5566387851470855,0.6679394530570875,-0.5566388213132146,0.268190075590466,-0.5566151704473725,1.0135539499929074,-0.556615266485479
-0.559489635671046,0.6661953819306096,-0.5594896724790465,0.26534029071752346,-0.5594658643351599,1.0107042024839494,-0.5594659582478864
-0.5622851165121232,0.6644899603366625,-0.5622851534974214,0.262545608974207,-0.5622611910053137,1.0079095613700408,-0.5622612830298871
-0.5650259548617026,0.6628227009709516,-0.5650259919386642,0.2598052842615786,-0.5650018774891168,1.0051692814957736,-0.5650019681294489
-0.5677128602006154,0.6611931287939791,-0.5677128973249215,0.2571186049886045,-0.5676886329011963,1.0024826516594867,-0.5676887222778636
-0.5703465306211608,0.659600776198009,-0.5703465674562999,0.25448488747827863,-0.570322154780983,0.9998489878443557,-0.5703222431642895
-0.5729276568574436,0.6580451800498446,-0.5729276930575217,0.2519034665292958,-0.5729031343825836,0.997267625179482,-0.5729032216850101
-0.5754569269560336,0.6565258800871615,-0.5754569624109435,0.24937368964915999,-0.5754322596822142,0.9947379108446311,-0.5754323456982239
-0.5779350275422752,0.6550424169887529,-0.57793506203358,0.24689491264013894,-0.5779102169117681,0.9922592000731625,-0.5779103016656463
-0.5803626447806344,0.6535943313250884,-0.5803626778265036,0.24446649299038029,-0.5803376923510387,0.9898308490457812,-0.5803377755605283
-0.5827404647910566,0.6521811637703424,-0.5827404959520618,0.24208778773452835,-0.5827153722151946,0.9874522141664411,-0.5827154531811141
-0.5850691730238783,0.6508024555496325,-0.5850692017939998,0.23975815116231047,-0.5850439415213009,0.9851226487543191,-0.5850440202563145
-0.5873494539998823,0.6494577478754991,-0.5873494801701785,0.23747693429236721,-0.5873240846930332,0.9828415032447106,-0.5873241617824234
-0.5895819891285842,0.648146583927678,-0.589582013100205,0.23524348561338998,-0.5895564833539112,0.9806081254298046,-0.5895565592616527
-0.5917674556914372,0.6468685087288095,-0.5917674783749447,0.23305715099344218,-0.591741815131913,0.9784218603359932,-0.5917418903365281
-0.5939065252576703,0.6456230714323979,-0.5939065477304684,0.23091727593601993,-0.5938807516190623,0.97628205288911,-0.593880826846331
-0.595999862176758,0.6444098264335504,-0.595999885348093,0.2288232057102402,-0.5959739573189011,0.9741880482018692,-0.5959740333210518
-0.5980481226510617,0.6432283335901965,-0.5980481465749623,0.22677428842548777,-0.5980220886774809,0.9721391943438588,-0.5980221657251299
-0.6000519519568278,0.6420781597777153,-0.6000519763629159,0.2247698764883266,-0.6000257910247252,0.9701348436451841,-0.6000258693758364
-0.602011983919309,0.6409588794005013,-0.6020120085740912,0.22280932844864107,-0.6019856982858527,0.9681743546403406,-0.6019857779395555
-0.6039288407015893,0.6398700743865764,-0.6039288653921049,0.22089201059854532,-0.6039024331320021,0.9662570939524218,-0.6039025135976738
-0.6058031328856919,0.638811334556536,-0.605803157398064,0.21901729958131597,-0.6057766061650564,0.9643824383744326,-0.6057766869407807
-0.6076354602556578,0.6377822573290253,-0.607635484478331,0.21718458226308443,-0.6076088171236865,0.9625497749141017,-0.6076088977413925
-0.6094264104429152,0.636782447998545,-0.6094264343297545,0.21539325685531854,-0.6093996534877454,0.9607585022010211,-0.6093997332775446
-0.6111765603120777,0.6358115190962396,-0.611176583798378,0.21364273392301586,-0.6111496918639802,0.9590080308690511,-0.6111497701411243
-0.612886474176071,0.6348690903899817,-0.6128864974445768,0.21193243667105358,-0.612859496978518,0.9572977845436981,-0.6128595729832425
-0.6145567078247609,0.6339547883260924,-0.6145567313229495,0.21026180090891627,-0.6145296243626185,0.9556271990979033,-0.6145296975676595
-0.6161878064950917,0.6330682465914007,-0.6161878304879842,0.20863027469203899,-0.6161606187284137,0.9539957226495823,-0.6161606889791466
-0.6177803049305176,0.6322091053451727,-0.6177803297537259,0.2070373171252416,-0.6177530149214563,0.9524028143287102,-0.6177530819817807
-0.6193347295815239,0.6313770108988778,-0.6193347552102386,0.20548239883430663,-0.6193073393736096,0.9508479445212399,-0.619307402685644
-0.6208515987759098,0.6305716147176468,-0.6208516251539865,0.20396500041177185,-0.6208241103434827,0.9493305937962739,-0.6208241690361334
-0.6223314222902264,0.6297925738329091,-0.622331449122573,0.2024846139096713,-0.62230383702894,0.9478502541241383,-0.6223038907153771
-0.6237747019339261,0.6290395500048575,-0.6237747288866927,0.20104073890950716,-0.6237470206606601,0.9464064249411956,-0.6237470697245712
-0.6251819320231087,0.6283122102248733,-0.6251819591598976,0.19963288330818893,-0.6251541554316076,0.9449986142431733,-0.625154200604286
-0.6265536004270431,0.6276102260256043,-0.6265536277095646,0.1982605629117129,-0.6265257288533749,0.9436263378950767,-0.6265257712191928
-0.6278901887368147,0.6269332729968619,-0.6278902161018229,0.19692330147890594,-0.6278622224017254,0.9422891197877916,-0.6278622632242223
-0.6291921713684354,0.626281031528551,-0.6291921984655336,0.19562063014692774,-0.6291641104511937,0.9409864911022081,-0.6291641507872271
-0.6304600161014627,0.6256531860489133,-0.6304600427395333,0.19435208627250394,-0.6304318610424591,0.9397179892897745,-0.6304319018008999
-0.6316941838285804,0.6250494255594294,-0.6316942097794994,0.19311721341788465,-0.6316659355337004,0.9384831578758055,-0.6316659773034002
-0.6328951278067144,0.6244694441767858,-0.6328951530307454,0.19191556100699042,-0.6328667874323745,0.9372815463461939,-0.6328668305135109
-0.6340632951124632,0.6239129402200592,-0.6340633196062888,0.1907466845723074,-0.6340348639781993,0.9361127101448368,-0.6340349085608822
-0.6351991259238471,0.6233796164350982,-0.6351991498934928,0.1896101458717273,-0.6351706056887444,0.9349762109053694,-0.6351706517385896
-0.6363030548831607,0.6228691796240312,-0.6363030783224483,0.18850551217701092,-0.6362744471675224,0.9338716159021309,-0.6362744945096271
-0.6373755094249851,0.6223813412773411,-0.637375532424908,0.18743235706612638,-0.6373468159795691,0.9327984987544322,-0.6373468643250157
-0.6384169107168592,0.6219158171103545,-0.6384169333007619,0.18639026013655816,-0.6383881332919363,0.9317564390225407,-0.6383881822315911
-0.6394276730183897,0.6214723273917805,-0.6394276949763174,0.1853788065923043,-0.639398813212997,0.9307450219696192,-0.6393988623558023
-0.640408204534691,0.6210505963131864,-0.6404082257185609,0.18439758781766885,-0.6403792638189789,0.9297638389687201,-0.6403793127160675
-0.641358906726643,0.6206503523649596,-0.6413589269534824,0.18344620116307972,-0.6413298864977173,0.9288124873967334,-0.6413299346298804
-0.6422801750443083,0.6202713281900132,-0.6422801940631594,0.1825242502098475,-0.6422510766305771,0.927890570854428,-0.6422511235751638
-0.6431723988917828,0.6199132605811692,-0.6431724162183176,0.18163134506982795,-0.6431432234925667,0.9269976993177177,-0.6431432690464428
-0.644035961308495,0.6195758904324032,-0.6440359766742378,0.18076710151001318,-0.6440067100995993,0.9261334886245763,-0.6440067541396857
-0.6448712393022371,0.6192589628530992,-0.6448712525512228,0.17993114147846762,-0.6448419134388036,0.9252975606890284,-0.6448419559483077
-0.6456786041863085,0.6189622265646987,-0.6456786152813677,0.17912309295560871,-0.6456492046643091,0.9244895434863453,-0.6456492457393381
-0.6464584213234806,0.6186854341069891,-0.6464584306351653,0.17834258957344032,-0.6464289492300073,0.9237090707164027,-0.646428988902799
-0.6472110506761329,0.6184283414850136,-0.6472110586030664,0.1775892709331618,-0.6471815072814121,0.9229557819978945,-0.6471815455963635
-0.6479368465486288,0.6181907086335375,-0.6479368534686938,0.17686278218985893,-0.6479072330483115,0.9222293226182738,-0.647907269904824
-0.6486361579052002,0.6179722989487664,-0.6486361642059274,0.1761627741959981,-0.6486064753744566,0.921529343529541,-0.6486065108088332
-0.6493093281470335,0.6177728794352966,-0.6493093341939281,0.17548890350248608,-0.6492795777410814,0.9208555012146283,-0.6492796120124229
-0.6499566956841879,0.6175922204049683,-0.6499567017370027,0.17484083201443124,-0.6499268784681372,0.9202074575072197,-0.6499269119252448
-0.6505785943095806,0.6174300952678726,-0.6505786005649778,0.17421822682049443,-0.6505487112582856,0.9195848796677653,-0.6505487442586199
-0.6511753525029227,0.6172862809687862,-0.6511753590154384,0.173620760352905,-0.65114540471178,0.9189874401704614,-0.6511454374102945
-0.6517472937518438,0.617160557678995,-0.6517473004907148,0.17304810974506976,-0.6517172822611978,0.9184148162519368,-0.651717314728313
-0.6522947360944426,0.6170527093094755,-0.652294743012325,0.17249995763607426,-0.6522646618950767,0.9178666916030481,-0.6522646941259814
-0.6528179927273838,0.616962522739341,-0.6528179998218047,0.1719759914858876,-0.6527878568889223,0.9173427543816154,-0.652787888801064
-0.653317372122092,0.6168897879631594,-0.6533173794235034,0.1714759031682541,-0.6532871756885366,0.9168426969522963,-0.6532872072455778
-0.6537931776627901,0.6168342985123361,-0.6537931851911315,0.17099938959964298,-0.6537629216177465,0.9163662164078936,-0.6537629528019759
-0.6542457083663634,0.6167958508429533,-0.6542457159536774,0.17054615209928267,-0.6542153936618887,0.9159130140590885,-0.6542154243527695
-0.6546752588031904,0.6167742441796616,-0.6546752664040735,0.17011589608667002,-0.6546448864943937,0.9154827951519925,-0.6546449164795177
-0.6550821186754526,0.6167692810325935,-0.6550821263196914,0.16970833167176574,-0.6550516898636072,0.9150752692833047,-0.6550517189537288
-0.6554665736197992,0.6167807666839041,-0.6554665813454835,0.16932317310171402,-0.6554360894013516,0.9146901500998638,-0.6554361174051657
-0.6558289047196713,0.6168085093476925,-0.6558289126271399,0.16896013930830117,-0.6557983661438765,0.914327155822943,-0.6557983928978557
-0.6561693900522411,0.6168523191238109,-0.6561693982373352,0.16861895359378773,-0.6561387980924706,0.9139860084219368,-0.6561388235114048
-0.6564883032579539,0.6169120090866159,-0.6564883118097002,0.1682993430241968,-0.6564576588049315,0.9136664339199505,-0.6564576829282421
-0.6567859137455443,0.6169873952012455,-0.6567859226299433,0.1680010384651368,-0.6567552175806917,0.9133681623878369,-0.6567552405114386
-0.6570624867718446,0.6170782962048649,-0.6570624959648553,0.1677237747659206,-0.6570317396310846,0.9130909282377246,-0.6570317615216594
-0.6573182841027347,0.6171845331044279,-0.6573182935514459,0.16746729033901667,-0.6572874867203888,0.912834469589591,-0.6572875077358661
-0.6575535634379203,0.6173059297105556,-0.6575535730504652,0.1672313275693778,-0.6575227165139567,0.9125985287395817,-0.6575227368377677
-0.6577685784484614,0.6174423124214977,-0.657768588178774,0.16701563256199398,-0.6577376826560921,0.9123828519644556,-0.6577377024800989
-0.6579635782598562,0.6175935106353264,-0.657963588075917,0.16681995600164415,-0.6579326342843139,0.9121871903134715,-0.6579326537560589
-0.6581388081851118,0.6177593562709502,-0.6581388180623371,0.16664405238002708,-0.6581078167033924,0.9120112987017996,-0.6581078359514635
-0.658294509796861,0.6179396836929753,-0.6582945197063678,0.16648767989307778,-0.6582634714926381,0.9118549358259288,-0.6582634906078241
-0.6584309210274936,0.6181343296931772,-0.6584309309202828,0.1663506004224642,-0.6583998365685879,0.9117178641045816,-0.6583998556199087
-0.6585482762006452,0.6183431334477907,-0.6585482860214715,0.16623257951775247,-0.6585171462645721,0.9115998495977917,-0.6585171652870273
-0.6586468061271726,0.6185659364116468,-0.6586468158182616,0.16613338617047357,-0.6586156314021695,0.9115006617630278,-0.658615650404642
-0.6587267376334504,0.61880258268383,-0.6587267471583136,0.1660527935209676,-0.6586955188019318,0.9114200742487482,-0.6586955377766344
-0.6587882942891068,0.6190529185013229,-0.6587883036205171,0.16599057796245298,-0.658757032061691,0.9113578638744646,-0.6587570509754523
-0.6588316963717039,0.6193167922496395,-0.6588317054761401,0.16594651924633835,-0.658800391470213,0.9113138107185723,-0.6588004102504119
-0.6588571609448041,0.6195940544235903,-0.6588571697744214,0.1659204004088443,-0.658825814083566,0.9112876979670692,-0.6588258326483986
-0.6588649018975274,0.6198845576055072,-0.6588649104041521,0.16591200781309845,-0.6588335137779852,0.911279312025123,-0.6588335320647202
-0.6588551299659359,0.6201881564025609,-0.6588551381288986,0.16592113094345526,-0.658823701320876,0.9112884423277664,-0.6588237192657148
-0.6588280527802013,0.6205047075057217,-0.6588280605892456,0.16594756237814856,-0.65879658432586,0.911314881269645,-0.6587966018601188
-0.6587838749015318,0.6208340696578785,-0.6587838823146739,0.16599109783870458,-0.6587523673199825,0.9113584243439264,-0.6587523843938695
-0.6587227978806157,0.6211761035570993,-0.6587228049032408,0.1660515360665604,-0.6586912518588821,0.9114188700420056,-0.6586912684352975
-0.6586450202637519,0.6215306718157753,-0.6586450268994225,0.16612867879956525,-0.6586134364516065,0.9114960198401387,-0.6586134525171686
-0.6585507375650603,0.6218976389960742,-0.6585507438476217,0.16622233068139236,-0.658519116616068,0.9115896780714444,-0.658519132168561
-0.6584401424109947,0.6222768714883201,-0.6584401483792918,0.16633229923162443,-0.6584084849770301,0.9116996520465878,-0.6584085000182753
-0.6583134245156291,0.6226682374909546,-0.6583134302111293,0.16645839482794245,-0.6582817312111591,0.9118257520290824,-0.6582817457502446
-0.6581707706924312,0.6230716069901263,-0.6581707761614767,0.16660043077345027,-0.6581390421030225,0.9119677912962444,-0.6581390561551144
-0.6580123650322047,0.6234868513229364,-0.6580123703197462,0.1667582232151707,-0.6579806017265092,0.9121255862320665,-0.6579806153049054
-0.6578383890183792,0.6239138434958227,-0.6578383941719893,0.1669315905721903,-0.6578065915781577,0.9122989553296796,-0.657806604702691
-0.6576490212597386,0.6243524587849174,-0.6576490263177773,0.16712035448937498,-0.6576171902497961,0.9124877206019649,-0.65761720294547
-0.6574444378687287,0.62480257403991,-0.6574444428620155,0.16732433898869556,-0.6574125738274816,0.9126917063823099,-0.6574125861251878
-0.6572248120900646,0.6252640687397765,-0.6572248170348325,0.16754337094922694,-0.6571929155265307,0.9129107399961874,-0.657192927445228
-0.6569903146085371,0.6257368242496116,-0.6569903195223797,0.1677772797054884,-0.6569583860229401,0.9131446511626616,-0.6569583975895268
-0.6567411135618579,0.6262207237836163,-0.6567411184704997,0.16802589703963614,-0.656709153438039,0.9133932719111709,-0.6567091646800164
-0.6564773746231068,0.6267156522925076,-0.6564773795491092,0.16828905713659267,-0.65644538343931,0.9136564365723844,-0.6564453943917973
-0.6561992609919004,0.6272214964647518,-0.6561992659445635,0.16856659661282003,-0.6561672391995553,0.9139339818112626,-0.6561672498991182
-0.6559069334566398,0.6277381445515869,-0.6559069384288546,0.16885835448723588,-0.6558748814847474,0.9142257465925887,-0.6558748919669299
-0.6556005504085691,0.6282654863809106,-0.6556005553815792,0.1691641722025391,-0.6555684686656563,0.9145315722864076,-0.6555684789778007
-0.6552802678579427,0.6288034132854529,-0.6552802728151006,0.1694838935568261,-0.6552481567634069,0.9148513025887678,-0.6552481669370857
-0.6549462395228535,0.629351818042327,-0.6549462444396196,0.1698173647102761,-0.6549140994975354,0.9151847835880379,-0.6549141095649738
-0.6545986168944312,0.6299105948065578,-0.6545986217431754,0.17016443412459117,-0.6545664483691825,0.915531863612468,-0.6545664583656859
-0.6542375490104505,0.6304796396353198,-0.6542375537637438,0.1705249523450111,-0.6542053524367633,0.9158923924798711,-0.6542053623792636
-0.653863182693732,0.6310588500196703,-0.6538631873520433,0.17089877209395896,-0.6538309585320731,0.9162662221800844,-0.653830968430182
