0.0,0.0,0.0,0.0,0.0,0.0,0.0
-0.14871141384860206,-0.09906614852351267,-0.14871088742823893,-0.14670968073889468,-0.14875836498911724,-0.1467698585596049,-0.14875876335644986
-0.4400048746780434,-0.29309605799542393,-0.4400031529874041,-0.43408186901063134,-0.44014380786450247,-0.434259083175266,-0.44014462600203763
-0.8664103575178768,-0.5770944329005692,-0.8664079399937582,-0.8547473059670413,-0.8666854755779893,-0.8550960314298215,-0.8666869972178672
-1.419211310804295,-0.9452375360953716,-1.4192072664232165,-1.4001057831676051,-1.4196638741206205,-1.400676918137394,-1.4196649918838014
-2.0885485986886714,-1.390940183908207,-2.0885429835139178,-2.060430818991247,-2.0892163628968987,-2.0612717150784006,-2.089217012006435
-2.8635355269548413,-1.9069336521218467,-2.863528051280163,-2.824980606382872,-2.8644523025354616,-2.8261336391771534,-2.864453368992038
-3.732308234855481,-2.485303359847859,-3.7322993405292193,-3.6820837697977398,-3.7335043666956,-3.683576903106103,-3.733505243455915
-4.6823056344939555,-3.1176676830191603,-4.6822946894550554,-4.619346809467004,-4.683806902721435,-4.621204096050867,-4.683806992013581
-5.700329479565014,-3.7952215563462053,-5.7003172555099395,-5.623747178233225,-5.702157252548387,-5.625987468040838,-5.7021568954036805
-6.772692316700478,-4.508835626008736,-6.772678693716885,-6.68177934125566,-6.774864165585212,-6.684416303075104,-6.774863335216134
-7.884884628454011,-5.248675307717443,-7.884869156103799,-7.77912035694559,-7.887318330438873,-7.7820669518658665,-7.8873168995355325
-9.02269333214879,-6.005271330304199,-9.022676157355729,-8.901745810367423,-9.02530522234778,-8.904914487945126,-9.025303220654518
-10.171858876556627,-6.769127366182696,-10.17183989598902,-10.035582586583843,-10.174564600061384,-10.038887157442156,-10.174562758496567
-11.314292825701028,-7.5284267863514085,-11.314273443219363,-11.164628027138498,-11.317012978272457,-11.16746195321159,-11.317010385685954
-12.43624600014135,-8.274004281359128,-12.43622520086773,-12.275239252340203,-12.438900835790601,-12.277016176460517,-12.438896953406402
-13.524382310478613,-8.996975122219837,-13.524360169138818,-13.35416471964251,-13.526894570544163,-13.35433069769005,-13.526888420039931
-14.565919122308102,-9.68882668884734,-14.565899380693736,-14.388681899706242,-14.568215536653014,-14.386712535432302,-14.568206757598976
-15.548743453245637,-10.34149033708825,-15.548727242953154,-15.366721913522516,-15.550759543499282,-15.36212658995124,-15.550746168226526
-16.461529686383248,-10.94742998124562,-16.46152413426239,-16.276977152918008,-16.463206734323407,-16.269312585258128,-16.463184011286607
-17.293856240625672,-11.499700565402355,-17.293858264357123,-17.109018980732177,-17.295136654737952,-17.097884220832153,-17.295102200313437
-18.036288628136614,-11.99202008046492,-18.036297128019296,-17.853376863683682,-18.037117005338033,-17.83842586026488,-18.037070721484476
-18.6804670129561,-12.418820710284331,-18.68048109867887,-18.501636775710015,-18.680793291821892,-18.48257349333232,-18.68073195028925
-19.219171526592692,-12.775301577964676,-19.219191759068927,-19.046513509634455,-19.218947831169817,-19.02309559052994,-19.218874023571654
-19.646394920464218,-13.057462261639762,-19.64641758281477,-19.481891824010834,-19.645584546599874,-19.453939882738005,-19.64549625524959
-19.957374958019688,-13.262139602856418,-19.957400638698434,-19.802899887046866,-19.95595277658974,-19.770296673958867,-19.955844670294265
-20.148640983151505,-13.38702475263193,-20.148670166884177,-20.005934299190532,-20.146584637255625,-19.968608194073276,-20.146460981124612
-20.218023508617435,-13.430673239775155,-20.218054033038445,-20.08867647979331,-20.215317204776852,-20.046621390227116,-20.215184779508206
-20.164663623422776,-13.392521841563092,-20.164692176977557,-20.0501092561206,-20.16129927479585,-20.00336778470834,-20.161161061047807
-19.988996913949656,-13.272867092967655,-19.98901992305242,-19.890491915716566,-19.98497412775978,-19.839168644945783,-19.984831059076537
-19.692743206046575,-13.072866667136328,-19.692760860751168,-19.611360400721097,-19.6880764432998,-19.555614510622295,-19.687926829130813
-19.27886978982109,-12.79450844315416,-19.278879712115074,-19.21548875811267,-19.273578178503072,-19.1555293583615,-19.273417089149703
-18.75154165482044,-12.440569466086263,-18.75154284897057,-18.706844948488776,-18.74564917438933,-18.642921439403942,-18.74548005061563
-18.11606390997552,-12.014589989759504,-18.116059221744088,-18.09052540010673,-18.109606105847938,-18.022944972476207,-18.109426292913444
-17.378812458711696,-11.520823499461574,-17.37880178720387,-17.372698105880588,-17.37182550378455,-17.301804317995067,-17.371642486293084
-16.547161885357983,-10.96418968529328,-16.54714681751846,-16.560529743242487,-16.539689123852682,-16.48670048866638,-16.539505472895296
-15.629388915581297,-10.35020858434315,-15.629367963297046,-15.662092218404727,-15.621477009810574,-15.585739218550811,-15.621293561486347
-14.634574504835955,-9.684938680291022,-14.63454597917748,-14.686262633855941,-14.626275866351651,-14.607828059643985,-14.62609594209952
-13.572503832738658,-8.974903515010492,-13.57246967246626,-13.642632799886483,-13.563873609822508,-13.562580396677339,-13.563701449795222
-12.453557244150396,-8.227023578077688,-12.453517527771353,-12.541395670891719,-12.444654085356111,-12.460206712336841,-12.444490830898339
-11.288593875650573,-7.448538876949645,-11.288549039722731,-11.393234324788162,-11.279479781622983,-11.311401789325778,-11.279327144363622
-10.088833358258848,-6.646927861835711,-10.0887837860927,-10.209203746589596,-10.079572776188558,-10.127229735558371,-10.07943195489728
-8.865736917724679,-5.829829266552014,-8.865683208384798,-9.0006119910223,-8.85639513635633,-8.91899830288554,-8.856268133800821
-7.630885232590557,-5.0049612814639435,-7.63082822560631,-7.778903040926088,-7.621528264670681,-7.698147387544063,-7.62141671860045
-6.399787881481501,-4.182431731262979,-6.399728342305571,-6.557570780964506,-6.390481655513739,-6.478683048788749,-6.390386854495209
-5.184292126898933,-3.370299247537352,-5.184230817125063,-5.348399873288251,-5.175197119981249,-5.272459503113016,-5.175120188369183
-3.995402078814264,-2.5759007583850972,-3.995339872029926,-4.162403154012517,-3.986673459901054,-4.090440675058866,-3.986615324467742
-2.843734358633138,-1.8063149356630863,-2.8436719707344573,-3.0102407387976813,-2.8355202981671557,-2.9432274516031383,-2.835481618513187
-1.7394128594378835,-1.06829190362236,-1.7393513666896294,-1.9021131539625376,-1.731853265085805,-1.8409528601393472,-1.7318344292805095
-0.6919709705018529,-0.3681881869786402,-0.6919110280950298,-0.8476631955039078,-0.685196001220628,-0.793183416444075,-0.6851971346405223
0.28973983455781893,0.2880938938442975,0.2897974769671766,0.14411711181423947,0.29561032701820267,0.19117309740176425,0.2955892131393183
1.1976327965981315,0.8951635648026642,1.1976874022480184,1.0649715518846323,1.2024908324809842,1.1039499792939171,1.2024500645610945
2.0244586530559014,1.4481866745661816,2.0245095282530214,1.9074540156205781,2.0282090152997005,1.9377968877782392,2.028150106771139
2.7638709055268422,1.9429314399846918,2.7639165864871322,2.6649956579842895,2.7664317160826046,2.6862467234200733,2.76635555152358
3.4104802990293037,2.3758048107956253,3.410520817362057,3.331965526685069,3.411785539662327,3.343773404776386,3.4116930546473565
3.9599006946795425,2.7438821395069435,3.9599364660427128,3.9037149328759084,3.9598962167046006,3.9058322020192,3.9597905287781527
4.408779035643261,3.0449259043298076,4.408810370357513,4.376610267660458,4.407428293056643,4.368897067353372,4.4073099442005015
4.754817520861769,3.277404089612677,4.754844448516135,4.74805961017994,4.752098685269078,4.730483095787015,4.751969785685708
4.996785869376418,3.4404972413531296,4.996808339031019,5.016529654120652,4.992692502033223,4.989162078571053,4.992553474620453
5.134518758159341,3.534094557637284,5.134536277250396,5.181545608118739,5.129058710065484,5.144563414131335,5.128912807826417
5.168908207454965,3.5587887976337362,5.168920085085248,5.243685980654131,5.162104773626522,5.197365228915414,5.1619515577299735
5.101880075713558,3.5158638481963123,5.101885390147109,5.204559370127233,5.093769935780918,5.1492762227271545,5.093611014297873
4.93635730971995,3.4072689225561423,4.9363559626205085,5.066780083783069,4.926993647725267,5.003000281846642,4.926830116746811
4.676224483995518,3.2355932820443276,4.676216732119149,4.833926556686194,4.665672276373875,4.762200854890703,4.665505580346526
4.326273219405953,3.004030142934734,4.326258833832083,4.510492233623071,4.314609872404004,4.431451317980872,4.314440971734824
3.8921419017356156,2.716338902552498,3.892120549764108,4.101831291383963,3.879455677397841,4.0161760919479415,3.8792868906788414
3.380248460572826,2.3767979638948677,3.3802197783646726,3.6140920955615843,3.366637538650065,3.522585749193191,3.3664705578233005
2.7977133063819934,1.9901546424700403,2.797677722488636,3.0541421014063737,2.7832852679622144,2.9576024478016265,2.783121374202541
2.1522792080555155,1.5615705573756244,2.152237264777481,2.429491092106868,2.1371493243988553,2.3287806958535846,2.1369901533063356
1.4522237919420697,1.0965644394783287,1.4521758326468113,1.7482051245889685,1.4365139865245196,1.6442224503486613,1.4363608437537871
0.7062681781148652,0.6009508410992752,0.7062145575969137,1.0188178480499823,0.6901056376474922,0.9124870847373839,0.6899596433712365
-0.07644653637142518,0.08082031768501119,-0.07650521340907357,0.2502738523147914,-0.09293064055811018,0.14254468350613647,-0.09306826622560138
-0.8866024139000123,-0.4576150239970602,-0.8866655262621762,-0.5482439719789841,-0.9032747293431539,-0.6564160322102078,-0.903403029861792
-1.714252782172637,-1.0075643883476126,-1.7143196685995785,-1.3673720288588966,-1.7308833676572908,-1.4750355298127444,-1.7310015387772688
-2.549893539511542,-1.5626970342582194,-2.549964287305442,-2.1971868999999553,-2.5662570330753134,-2.3033095775401065,-2.566364360622633
-3.3801404752375537,-2.1143263939924672,-3.380214737367192,-3.0282789036447633,-3.396018193393356,-3.1318556074330863,-3.396113827240163
-4.195845618018163,-2.6563523050073194,-4.195922655408237,-3.8493178671903587,-4.211027632143269,-3.948860608750145,-4.21111045076146
-4.988136528007271,-3.1828584153524817,-4.988215810442456,-4.651304739543307,-5.002422872406614,-4.745393181119513,-5.002492116716549
-5.748500938831129,-3.6881670686072727,-5.7485821546723574,-5.425557553751421,-5.761705106070341,-5.512854572701325,-5.761760598973738
-6.468873137500486,-4.166899696104567,-6.468956993642095,-6.163800986299576,-6.48082326104068,-6.243063340076444,-6.480864973936426
-7.1417099278708,-4.614020093737982,-7.141796001594743,-6.858242774411146,-7.152249371825234,-6.928333360106173,-7.152277473373547
-7.760061885453285,-5.0248917089933425,-7.760147763043489,-7.501649400949928,-7.769050521491586,-7.561545557770253,-7.76906400179525
-8.317632774769809,-5.395309543283379,-8.317717126811218,-8.087409674467752,-8.324948801161932,-8.136215403822774,-8.324948545622789
-8.80884353314432,-5.721547998017091,-8.808924183260372,-8.609600169494595,-8.814386344288982,-8.646552131816975,-8.814370821119349
-9.228872861397864,-6.0003876701979655,-9.228949385632362,-9.063035686796933,-9.232561249655685,-9.087507795660276,-9.232534042908984
-9.573705900236726,-6.229143833483485,-9.573776441511527,-9.443311523509697,-9.575478487611882,-9.454820588474188,-9.57544089412453
-9.840153983440619,-6.405682216744459,-9.84021889412691,-9.746838497091705,-9.839969648611023,-9.745045996967521,-9.839924375037736
-10.025886315732812,-6.528441224726577,-10.02594516660578,-9.970869760293356,-10.02372468363098,-9.955587194548428,-10.023676611643598
-10.129438895388924,-6.59643729794616,-10.129491682455498,-10.11352043004013,-10.125305155793662,-10.0847079774897,-10.12525352938644
-10.150220166622091,-6.60926863916848,-10.150269201597768,-10.173774155674437,-10.144140402876502,-10.131536014043801,-10.144086490291416
-10.08850591269505,-6.567113214524462,-10.088552248014045,-10.151484770794005,-10.080525895031368,-10.096069599755968,-10.080470983578428
-9.945423364050622,-6.470711677848892,-9.945468958915768,-10.047364360993685,-9.93561214596772,-9.979159337487632,-9.935554991254605
-9.72293342657016,-6.321363651521994,-9.722977054001317,-9.862964569875555,-9.711377102985287,-9.782489546455828,-9.711316071401997
-9.423793673735906,-6.120900794520719,-9.423837734617935,-9.600650689398623,-9.41059415613866,-9.508552024142991,-9.41053039892557
-9.051528389032791,-5.871664132099471,-9.051571820727494,-9.263571399320993,-9.036802975214497,-9.160612806835227,-9.03673614855001
-8.610375112915852,-5.576470046099967,-8.61041608167813,-8.855611657526469,-8.594255595885127,-8.742663305361525,-8.594187045671038
-8.105233171141341,-5.238579156505736,-8.105271480320713,-8.381342822505612,-8.087864851956379,-8.259373065464647,-8.087796570439865
-7.541607538852104,-4.861655138451361,-7.541643037762748,-7.845970296399933,-7.523147877115063,-7.716034784467996,-7.523080504598661
-6.925543568940633,-4.449722321722389,-6.925574928139754,-7.255270101589161,-6.906159823296861,-7.118498972050601,-6.906094012971121
-6.263557072295745,-4.00712003591312,-6.26358421295402,-6.615524234810403,-6.243425153326522,-6.47310859104231,-6.243361462741008
-5.562563216418107,-3.53845369755963,-5.562585594889171,-5.933446905995267,-5.541864630620157,-5.786626948099009,-5.541804066610582
-4.829798730920917,-3.048544420449454,-4.829816057903237,-5.216112247005511,-4.8087195604711575,-5.066162749510158,-4.808662791931533
-4.072744329321475,-2.5423764930542143,-4.072756470866623,-4.470875478970697,-4.051472993236221,-4.31909294683904,-4.051420670957559
-3.2990447940194474,-2.0250441729945914,-3.2990516151001783,-3.7052949376301956,-3.2777698410167617,-3.5529835705647628,-3.277722474222603
-2.516427318516079,-1.5016975821850398,-2.5164287400321186,-2.927050962900638,-2.495335536665201,-2.775509020112252,-2.4952936726524664
-1.7370996075189888,-0.9804004703826517,-1.7370955906942973,-2.143901809895851,-1.7164695534456689,-1.9963860850353394,-1.7164336759440322
-0.9685314411110294,-0.4661358419402074,-0.9685219938852818,-1.3660424354206666,-0.9486322455230745,-1.2243449850416064,-0.9486028274550269
-0.21799717269967156,0.03624211242974473,-0.21798236326570408,-0.6009349556082757,-0.19908606819502805,-0.466759850871591,-0.1990633969413491
0.5074964826787919,0.5220562547994707,0.5075165923625284,0.14417458244113635,0.5251769164468697,0.26922752366811376,0.5251926313302859
1.2012797072459749,0.9868525593171333,1.2013046039856372,0.8623284768928137,1.2175031372513592,0.9767788501820951,1.2175116634188121
1.857083166693641,1.426443054843808,1.8571126091850183,1.5469250358394326,1.871642221554743,1.6494252407742471,1.8716438151616137
2.4690983092455006,1.8369460368904322,2.4691321741764347,2.191781941354217,2.481806387306068,2.2811296296548784,2.4818009018749505
3.0320313782437696,2.214822086633259,3.0320684710530252,2.7911961993988474,3.042723699578515,2.866343779176181,3.042711484760384
3.5411511989619004,2.5569061186402906,3.541192056297977,3.339995309314232,3.549688131319038,3.400059529799882,3.5496691901406487
3.9923323506304307,2.8604352540961373,3.9923763275613204,3.83358434547141,3.998598096918162,3.8778533881550876,3.998573385197413
4.382087298809332,3.1230718809502584,4.382134597439483,4.267985454683483,4.385992905359515,4.295923673911276,4.385962538792217
4.707596657929585,3.342923956604862,4.707647708953068,4.639872717168274,4.70908030334134,4.651124718400201,4.709043667347056
4.966730742516206,3.518557636836758,4.966784486406715,4.946596918161599,4.965755179947099,4.940988070304806,4.965713358117802
5.158059904926151,3.6490068377407714,5.158116394475081,5.18620425663494,5.154615727409862,5.163739816049448,5.15456859768761
5.280862590333403,3.7337761289587603,5.280922333421472,5.357450366688606,5.274966656056232,5.318314497125598,5.274914860090432
5.335124686018333,3.7728431769703437,5.335188145175713,5.459801911759865,5.326819861554401,5.404351419582654,5.326763780618161
5.321530158554041,3.7666494103236023,5.321596099147156,5.493433597678559,5.310883541386438,5.422192289023328,5.310823343686341
5.241444515824505,3.716092913370268,5.241512785412586,5.459218651865722,5.22854828184457,5.372871707768885,5.228484278302419
5.096894849534537,3.6225116820449927,5.096964354621618,5.358710308110979,5.081862898644215,5.258093448342928,5.081796571845678
4.890537058327198,3.4876652745840624,4.89060765534766,5.194118038841647,4.873505444371211,5.080207360358402,4.873436989605365
4.625625393548118,3.313712091846996,4.6256968439702995,4.96827720366867,4.60674936638125,4.842177583454149,4.60668010054999
4.30596865774665,3.1031811398621603,4.306039812676312,4.684611808413784,4.285421094388306,4.547544149190952,4.2853521547056665
3.935884904279284,2.8589415221821946,3.9359550083998243,4.347091959807066,3.91385488541504,4.200378358354605,3.9137870940516755
3.5201513533120248,2.58416983335179,3.5202195913840195,3.9601861294939456,3.4968416093841155,3.805235709766027,3.4967755795385163
3.0639491940187296,2.282312990156715,3.0640150863688396,3.528809247327263,3.039574000624554,3.367102351763589,3.039510131835574
2.572805468723021,1.9570496042182481,2.5728684081099704,3.0582675552527387,2.5475880812434673,2.891339219136207,2.5475267835122604
2.05253239921211,1.612249729106197,2.052591753611567,2.5541985648347802,2.0267026406047686,2.383622235200199,2.026644306723504
1.5091640016126584,1.2519322065088285,1.5092191573570681,2.0225089085944523,1.4829557052625493,1.8498796874184267,1.48290083284456
0.9489628804463592,0.8802656056853176,0.94901329818665,1.4693120523226606,0.9226116482819198,1.2962657521082286,0.9225606560125968
0.3785180903437022,0.5016609026862329,0.3785631613227397,0.9008964660623803,0.3524120133920293,0.7290297378651528,0.35236547041540034
-0.19571005658973906,0.1205642384791859,-0.19567070749111082,0.32402069574415415,-0.2212501692952631,0.15504020573534982,-0.2212919107805792
-0.7635483439083983,-0.2564760933645789,-0.7635150804926356,-0.2549561414215217,-0.7882126023517093,-0.4194376232783591,-0.7882491450603315
-1.3190214567932905,-0.625472278245709,-1.3189945285069542,-0.8277447437204708,-1.3425140048108406,-0.9856580351739921,-1.3425450436989523
-1.8563588862227163,-0.9825712708953751,-1.856338532476026,-1.3883001798633767,-1.878400316205461,-1.5376769391955039,-1.8784255119725533
-2.3700505562164613,-1.3240915722852762,-2.370037039632354,-1.9307812268234712,-2.390381038482332,-2.0697726901229347,-2.3904003928296684
-2.8549018407518196,-1.6465606842277114,-2.8548952164450374,-2.449608478238022,-2.873282799389552,-2.576504220720559,-2.8732963550326427
-3.3060813149701405,-1.9467463689302837,-3.306081498320046,-2.9395179629247217,-3.322298152120641,-3.0527600735467764,-3.3223057709322967
-3.7191670893245097,-2.2216877014298877,-3.719174101399174,-3.3956127951101887,-3.7330311257950015,-3.4938097997815203,-3.733032709147944
-4.09018691913148,-2.4687225367364354,-4.090200386221554,-3.813407200191493,-4.101536342551901,-3.895347161875031,-4.101532595851181
-4.4156518199264205,-2.6855094136648057,-4.4156718180292165,-4.1888678636570935,-4.424354792669695,-4.253527901713347,-4.42434483430398
-4.692587536623242,-2.8700492923595005,-4.692614654422954,-4.518448708618602,-4.698542750938143,-4.565004027989344,-4.6985260675937575
-4.918558182173881,-3.0207011600758094,-4.918592093670454,-4.79912299606072,-4.921692534661461,-4.826951849540257,-4.921670066393604
-5.091685152375891,-3.136194701930543,-5.091725753018935,-5.028407786900395,-5.0919572794074055,-5.0370953055125405,-5.091928950513227
-5.210658594482516,-3.2156387905642436,-5.21070532677203,-5.2043818193819185,-5.208057228389632,-5.1937203554676055,-5.208023542969239
-5.27474431675874,-3.2585252146307635,-5.274797177936647,-5.325698069148235,-5.269288538991561,-5.29568930305301,-5.269251044378332
-5.283781510763779,-3.2647279591859295,-5.283840248038958,-5.391590084173285,-5.275521649474168,-5.34244057461986,-5.27548044207719
-5.238181520609973,-3.2345036753858825,-5.238245549534951,-5.401873603087166,-5.227195634755558,-5.333989363771052,-5.227152051859468
-5.138915360634867,-3.16848051792965,-5.138984266425559,-5.356941663191243,-5.125308725476934,-5.270922343447431,-5.125264015611109
-4.987494210432801,-3.0676486844634465,-4.987566533094312,-5.2577510192178325,-4.971398898574094,-5.1543812152246815,-4.971354021041965
-4.78594848693369,-2.933345009285049,-4.786024366700726,-5.105807791132166,-4.767522198709361,-4.9860466050545105,-4.767477717343673
-4.536802120539313,-2.767236117190417,-4.536880364716471,-4.9031442166131365,-4.516224884611662,-4.768113220707744,-4.516181061648931
-4.243037781212175,-2.5712950256495612,-4.243117662298256,-4.652289940949072,-4.220509667729425,-4.503259295934891,-4.220466861782828
-3.908061975838769,-2.3477787043665264,-3.908142372461853,-4.35624115268228,-3.883801605924695,-4.194614751390108,-3.883760269810156
-3.5356650906940494,-2.0992009204990727,-3.535744858938037,-4.018423488643405,-3.509906631239696,-3.8457224762258253,-3.5098674942775303
-3.129976192802906,-1.828303757848496,-3.1300545506892234,-3.6426520471188844,-3.1029672674655875,-3.4604975575184005,-3.102930586305546
-2.695417674709852,-1.5380256159748114,-2.6954937716015395,-3.2330864276505635,-2.667416057679036,-3.0431821287959724,-2.6673823603103286
-2.236655576902643,-1.2314688659214963,-2.236728665980151,-2.794184336308287,-2.2079268725764742,-2.5982973448421087,-2.2078965406214186
-1.7585486351325694,-0.911865942855609,-1.7586179945946505,-2.330651422444696,-1.7293631878226114,-2.1305934557581647,-1.729336590330563
-1.2660961748056945,-0.5825447484006483,-1.2661611301261635,-1.8473906787375496,-1.2367262394223548,-1.644998602210295,-1.2367036804870553
-0.76438411386564,-0.24689260041605765,-0.7644440163620196,-1.3494480836378464,-0.7351012433512071,-1.1465649631653447,-0.7350829478660017
-0.25908082618856487,0.09122567880480725,-0.25913508979723787,-0.8419606143320921,-0.23024785169154027,-0.6404626610969304,-0.2302340044788519
0.2408054598995597,0.4259695680631014,0.24075735912716578,-0.3305124628368449,0.2688357509967563,-0.13495993444605936,0.2688450090570425
0.7304331318667168,0.7541071728122455,0.7303916903622538,0.177619069296565,0.7573217044090539,0.36496760472629075,0.7573262789602984
1.2051231306764614,1.0725126691879894,1.205088660609293,0.6774564523950877,1.230547948933856,0.8544605249966355,1.2305478646238908
1.660404520682729,1.378196673585062,1.6603773582073005,1.1641660389176338,1.6840635001931918,1.3288238727812567,1.6840589276317792
2.0920582430133994,1.668335550561146,2.092038387473768,1.6331064367113441,2.1136724331141012,1.78357355596395,2.113663286757371
2.4961574923521557,1.9402984948255977,2.496145193544255,2.0798740707563157,2.5154733132872935,2.214480168195976,2.51545994147323
2.86910453824098,2.191671890005602,2.869099730880095,2.500345286225575,2.885896402777037,2.6176094858861,2.8858789383794323
3.2076627055163414,2.4202815531521957,3.207665619048924,2.8907149836300357,3.2217349245090916,2.989357867973019,3.2217135746761763
3.508986633635812,2.6242131037494287,3.508996813467205,3.247532003822882,3.520174625911973,3.3264870089667165,3.520149415903475
3.7706457102328343,2.8018265070930437,3.770662837784992,3.567730189857027,3.7788175976196574,3.6261515276336254,3.7787887415827988
3.990643965371139,2.951770558024797,3.990667934278735,3.8486553695326124,3.995701819451737,3.8859241034786343,3.995669251761904
4.1674354864463075,3.0729942997523993,4.16746611282883,4.088087324546049,4.169315599122161,4.103814526962478,4.169279791964227
4.299935459530532,3.1647518006015156,4.299972318824652,4.284257651177985,4.2986077698970115,4.278285170893272,4.298569097955854
4.387524331466306,3.226607645999926,4.387566791210805,4.435861474505959,4.382993262468281,4.408261098832138,4.3829523061741265
4.430048566652918,3.2584373592104625,4.430096080169705,4.54206585190398,4.422352328698532,4.493135236273732,4.422309604439734
4.427817546463772,3.2604251069142225,4.427869455205141,4.6025126013107975,4.417027349240228,4.532769436375957,4.416983477215789
4.381593783216219,3.23305742171266,4.381649580413808,4.6173157139089245,4.367812537703282,4.527489683118144,4.367768126693426
4.292580192698419,3.177114042229988,4.292639288639869,4.587054610297896,4.275941105071091,4.478077475886152,4.275896718658609
4.162401554000639,3.0936575492632117,4.162463252234627,4.512762436869412,4.143066446461459,4.385754972910448,4.143022406089656
3.993083367548674,2.9840184249214023,3.9931469494810226,4.395909789392909,3.971240296987723,4.252168638768605,3.9711967541198763
3.7870248046750143,2.8497774236263105,3.7870895572388212,4.2383834223806,3.7628862289362686,4.079365588332931,3.762843669134402
3.5469708397780937,2.692746996428585,3.5470360326933044,4.042463095394917,3.5207709529658535,3.869768217915706,3.52072991424029
3.2759791211645375,2.51494962181363,3.276044272703804,3.8107924016605526,3.247971383607971,3.6261448844914326,3.2479320146719575
2.9773851382145726,2.318594644779669,2.9774495563186076,3.5463477317064904,2.9478389153210345,3.351577286775991,2.9478016022700966
2.654763917948886,2.106052784878484,2.65482693655021,3.252402864044181,2.623961869791972,3.0494243350595203,2.6239269748594407
2.3118907749664515,1.879830110211031,2.3119518119675675,2.932492238983247,2.2801256938772956,2.7232848594797003,2.2800935460620386
1.952699981348551,1.6425406233365454,1.9527584507101337,2.590371173668941,1.920271583650512,2.3769572823811314,1.9202424696476712
1.5812971630322885,1.396887435279645,1.5813524769027865,2.229974066789303,1.5485251715525379,2.0143978953754615,1.5484993499158972
1.2018214434168084,1.145649228605032,1.2018731018358748,1.855373188489927,1.1690092737483013,1.63967922954077,1.168986945931636
0.8189006786297359,0.8920678747468077,0.8189482326651718,1.4707703434096762,0.7864444154694531,1.25699205607932,0.7864257510626587
0.44058293854176295,0.6412731332614401,0.44062595587108705,1.0805202373357672,0.4088691361968573,0.8710800707492408,0.40885426356327903
0.07076605075066733,0.3958668692997902,0.07080426647889293,0.689170797525996,0.040167853163143585,0.488028694192221,0.04015691857655207
-0.28678825502901134,0.15836286532202107,-0.286755119873172,0.3029182234309497,-0.31591487086251,0.11243464920645618,-0.31592192117430423
-0.6284917224106792,-0.06883814476795252,-0.6284640085724683,-0.0742458131066891,-0.6558114678635787,-0.2518564582614616,-0.6558145956338323
