0.0,1.0323,0.0,0.8247,0.0,1.57,0.0
-0.00014871141384860205,1.0322009338514764,-0.00014871088742823894,0.8245532903192611,-0.00014875836498911725,1.5698532301414405,-0.00014875876335644986
-0.0005887162885266455,1.031907837793481,-0.000588714040415643,0.8241192084502504,-0.0005889021728536197,1.5694189710582653,-0.0005889033893584875
-0.0014551266460445223,1.0313307433605803,-0.0014551219804094012,0.8232644611442834,-0.0014555876484316091,1.5685638750268356,-0.0014555903865763548
-0.0028743379568488174,1.0303855058244848,-0.002874329246832618,0.8218643553611158,-0.0028752515225522295,1.5671631981086982,-0.002875255378460156
-0.004962886555537489,1.0289945656405766,-0.004962872230346535,0.8198039245421246,-0.004964467885449128,1.56510192639362,-0.004964472390466591
-0.00782642208249233,1.0270876319884548,-0.007826400281626698,0.8169789439357417,-0.00782892018798459,1.5622757927544428,-0.007828925759458628
-0.011558730317347811,1.024602328628607,-0.011558699622155917,0.8132968601659439,-0.011562424554680189,1.5585922158513368,-0.011562431002914543
-0.016241035951841766,1.0214846609455879,-0.016240994311610975,0.808677513356477,-0.016246231457401623,1.5539710117552858,-0.016246237994928123
-0.02194136543140678,1.0176894393892417,-0.021941311567120914,0.8030537661782438,-0.02194838870995001,1.548345024287245,-0.021948394890331804
-0.028714057748107258,1.013180603763233,-0.028713990260837798,0.7963719868369881,-0.028723252875535225,1.54166060798417,-0.02872325822554794
-0.03659894237656127,1.0079319284555155,-0.0365988594169416,0.7885928664800425,-0.0366105712059741,1.5338785410323041,-0.03661057512508347
-0.045621635708710064,1.0019266571252112,-0.04562153557429732,0.779691120669675,-0.045635876428321884,1.524973626544359,-0.045635878345737985
-0.05579349458526669,0.9951575297590285,-0.055793375470286344,0.7696555380830912,-0.05581044102838327,1.5149347393869168,-0.055810441104234554
-0.06710778741096772,0.987629102972677,-0.06710764891350571,0.7584909100559527,-0.06712745400665573,1.5037672774337052,-0.06712745148992051
-0.07954403341110908,0.9793550986913179,-0.07954387411437344,0.7462156708036125,-0.07956635484244634,1.4914902612572447,-0.07956634844332691
-0.0930684157215877,0.970358123569098,-0.09306823428351226,0.73286150608397,-0.0930932494129905,1.4781359305595547,-0.09309323686336685
-0.1076343348438958,0.9606692968802507,-0.10763413366420599,0.7184728241842638,-0.10766146494964351,1.4637492180241225,-0.10766144362096582
-0.12318307829714144,0.9503278065431625,-0.12318286090715914,0.7031061022707413,-0.1232122244931428,1.4483870914341712,-0.12321218978919235
-0.13964460798352468,0.9393803765619169,-0.13964438504142154,0.6868291251178233,-0.1396754312274662,1.432117778848913,-0.13967537380047895
-0.15693846422415036,0.9278806759965145,-0.15693824330577866,0.6697201061370912,-0.15697056788220415,1.4150198946280808,-0.1569704760007924
-0.17497475285228697,0.9158886559160495,-0.17497454043379795,0.6518667292734075,-0.17500768488754218,1.397181468767816,-0.17500754672227686
-0.1936552198652431,0.9034698352057652,-0.19365502153247682,0.6333650924976975,-0.19368847817936408,1.3786988952744836,-0.1936882786725661
-0.21287439139183578,0.8906945336278005,-0.21287421329154577,0.614318578988063,-0.2129074260105339,1.3596757996839537,-0.21290715269613775
-0.2325207863123,0.8776370713661608,-0.23252063087436053,0.5948366871640521,-0.23255301055713376,1.3402218598012157,-0.23255264895138733
-0.2524781612703197,0.8643749317633044,-0.252478031513059,0.5750337872770053,-0.2525089633337235,1.3204515631272569,-0.2525084936216816
-0.2726268022534712,0.8509879070106724,-0.27262670167994313,0.5550278529778148,-0.27265554797097913,1.3004829549331836,-0.2726549546028062
-0.29284482576208865,0.8375572337708972,-0.2928447557129816,0.5349391764980215,-0.292870865175756,1.2804363335429565,-0.29287013938231443
-0.31300948938551143,0.824164711929334,-0.3130094478899591,0.5148890672419009,-0.3130321644505519,1.2604329657582483,-0.31303130044336225
-0.3329984862994611,0.8108918448363664,-0.3329984678130115,0.4949985753261843,-0.33301713857831167,1.2405937971133025,-0.3330161315024388
-0.3526912295055077,0.7978189781692301,-0.3526912286737627,0.4753872149254632,-0.35270521502161145,1.2210381826026802,-0.3527040583315696
-0.37197009929532876,0.785024469726076,-0.37197010838587774,0.4561717261673505,-0.3719787932001145,1.2018826532443188,-0.3719774754207193
-0.3907216409501492,0.7725839002599897,-0.3907216512348483,0.43746488121886173,-0.3907244423745038,1.1832397318049148,-0.39072295547133495
-0.4088377048601247,0.7605693102702302,-0.4088377104565924,0.419374355818755,-0.40883404848035176,1.1652167868324386,-0.4088323817642484
-0.4262165173188364,0.7490484867707686,-0.42621651224379625,0.4020016577128744,-0.42620587398413634,1.1479149825144435,-0.4262040242505415
-0.4427636792041944,0.7380842970854753,-0.4427636590613147,0.3854411279696319,-0.442745563107989,1.131428282025777,-0.4427435297234368
-0.4583930681197757,0.7277340885011322,-0.45839302702461177,0.36977903575122717,-0.4583670401177996,1.1158425428072263,-0.4583648232849231
-0.47302764262461167,0.7180491498208412,-0.4730275730037892,0.35509277311737125,-0.4729933159841513,1.1012347147475823,-0.47299091922702263
-0.48660014645735034,0.7090742463058307,-0.4866000426762555,0.3414501403174848,-0.4865571895939738,1.087672134350905,-0.4865546206768179
-0.4990537037015007,0.700847222727753,-0.49905356020402686,0.32890874464659303,-0.4990018436793299,1.075211927638568,-0.4989991115077162
-0.5103422975771513,0.6933986838508034,-0.5103421092437496,0.31751551032180486,-0.5102813234609529,1.0639005258492422,-0.5102784386520798
-0.5204311309354102,0.6867517559889676,-0.5204308930298422,0.3073063065752153,-0.5203608962371414,1.0537732961136839,-0.520357870606977
-0.5292968678531348,0.6809219267224156,-0.529296576238227,0.298305694584193,-0.5292172913734977,1.0448542978107984,-0.5292141387407778
-0.5369277530857254,0.6759169654409516,-0.5369274044638334,0.2905267915432669,-0.5368388196381684,1.0371561504232543,-0.5368355554593783
-0.5433275409672069,0.6717345337096886,-0.543327132806139,0.28396922076230235,-0.5432293012936821,1.0306774673744654,-0.5432259423138736
-0.5485118330941059,0.6683642344621512,-0.548511363623264,0.2786208208890141,-0.5484044984136633,1.0254050078713524,-0.5484010625022427
-0.5525072351729201,0.6657883337037661,-0.552506703495294,0.27445841773500157,-0.5523911718735643,1.0213145671962935,-0.5523876778267105
-0.5553509695315533,0.663982018768103,-0.5553503754660284,0.2714481769962039,-0.5552266921717315,1.0183713397446903,-0.5552231594452237
-0.5570903823909912,0.6629137268644807,-0.5570897268327181,0.26954606384224133,-0.5569585454368173,1.016530386884551,-0.5569549938745042
-0.5577823533614931,0.6625455386775021,-0.5577816378608131,0.26869840064673745,-0.557643741438038,1.015737203468107,-0.5576401910091447
-0.5574926135269352,0.6628336325713464,-0.5574918403838459,0.26884251775855167,-0.5573481311110198,1.0159283765655087,-0.5573446017960054
-0.5562949807303371,0.6637287961361491,-0.5562941529815979,0.2699074893104363,-0.5561456402785387,1.0170323265448027,-0.5561421517314443
-0.5542705220772812,0.6651769828107152,-0.5542696434533448,0.2718149433260569,-0.5541174312632391,1.018970123432581,-0.5541140016246732
-0.5515066511717543,0.6671199142506999,-0.5515057268668577,0.27447993898404116,-0.5513509995471565,1.021656370156001,-0.5513476460731496
-0.548096170872725,0.6694957190614955,-0.5480952060494957,0.27781190451072624,-0.5479392140074941,1.0250001435607774,-0.5479359530185022
-0.5441362701780454,0.6722396012010025,-0.5441352695834529,0.2817156194436021,-0.5439793177907896,1.0289059757627965,-0.543976162489724
-0.5397274911424021,0.6752845271053323,-0.5397264592130954,0.2860922297112626,-0.5395718894977329,1.03327487283015,-0.5395688525455236
-0.5349726736215403,0.6785619311949449,-0.5349716147645792,0.2908402893214425,-0.5348197908124639,1.038005355925937,-0.5348168827598379
-0.5299758877521639,0.682002428436298,-0.5299748064255482,0.29585681897556315,-0.5298270983104306,1.0429945180045082,-0.5298243292852174
-0.5248413689940046,0.6855365229939353,-0.5248402701482978,0.3010383645836819,-0.5246980396003651,1.0481390814186395,-0.5246954164773909
-0.5196724607865496,0.689095311791569,-0.5196713500632125,0.306282050564336,-0.5195359348267385,1.053336446647555,-0.5195334649196609
-0.5145705807108361,0.6926111756397654,-0.5145694646730654,0.31148660993446325,-0.5144421648909576,1.0584857228702822,-0.5144398539053631
-0.5096342234011161,0.6960184445623215,-0.5096331087104449,0.31655339001824634,-0.5095151712432323,1.0634887231521288,-0.5095130237886163
-0.5049579989171206,0.6992540378443659,-0.5049568919783257,0.3213873165749325,-0.5048494989668585,1.0682509240070195,-0.5048475182082698
-0.5006317256977146,0.7022580679873006,-0.5006306331444936,0.3258978088085556,-0.5005348890944545,1.0726823753250003,-0.500533077236535
-0.49673958379597905,0.7049744068898531,-0.4967385125947295,0.3299996400999396,-0.4966554334170567,1.0766985514169483,-0.4966537903458561
-0.4933593353354062,0.707351204853748,-0.49335829281636484,0.33361373219550117,-0.4932887958784066,1.0802211371661414,-0.4932873197880328
-0.4905616220290242,0.709341359496218,-0.4905606150938762,0.33666787429690753,-0.4905055106104444,1.083178739613943,-0.49050419841383025
-0.4884093428209687,0.7109029300535936,-0.48840837782909874,0.3390973653890144,-0.48836836128604555,1.0855075203097966,-0.48836720826052393
-0.48695711902902666,0.711999494493072,-0.48695620199645195,0.34084557051360337,-0.48693184729952105,1.0871517427601451,-0.4869308474167701
-0.4862508508509118,0.7126004453341712,-0.48624998743885506,0.34186438836165334,-0.48624174166187356,1.0880642298448826,-0.48624088777339886
-0.4863272973872832,0.7126812656518562,-0.48632649265226413,0.34211466221396813,-0.48633467230243166,1.0882067745283888,-0.4863339560396245
-0.48721389980118324,0.7122236506278591,-0.4872131581785263,0.34156641824198913,-0.4872379470317748,1.0875503584961785,-0.4872373590694863
-0.48892815258335587,0.7112160862395115,-0.48892747784712587,0.34019904621313024,-0.4889688303994321,1.0860753229663658,-0.48896836060826354
-0.4914780461228674,0.7096533892052532,-0.4914774421344313,0.33800185931313026,-0.49153508743250746,1.0837720133888256,-0.49153472496888617
-0.49485818659810493,0.7075390628112608,-0.4948576568717985,0.3349735804094855,-0.4949311056259008,1.0806401577813924,-0.4949308387961263
-0.4990540322161231,0.7048827105062535,-0.49905357952720675,0.33112426254229516,-0.4991421332580441,1.0766912971726423,-0.49914194924688776
-0.5040421687441303,0.701699852090901,-0.5040417953376493,0.3264729578027519,-0.5041445561304507,1.071945903991523,-0.5041444413636043
-0.5097906696829615,0.6980116850222937,-0.5097903774923216,0.32104740024900047,-0.509906261236521,1.0664330494188217,-0.509906201962578
-0.5162595428204619,0.6938447853261891,-0.5162593344859637,0.3148835992627009,-0.5163870844975618,1.0601899860787452,-0.5163870669365144
-0.5234012527483327,0.6892307652324511,-0.5234011304875584,0.3080253564882897,-0.523539333869387,1.053261652718639,-0.5235393444098879
-0.531161314633786,0.6842058735234577,-0.5311612782506019,0.3005237070873398,-0.5313083843908786,1.0457001071608687,-0.5313084084116831
-0.5394789474085558,0.6788105639801744,-0.5394789953774131,0.292436297412872,-0.5396333331920405,1.037563891757046,-0.539633356957306
-0.5482877909417002,0.6730890159821573,-0.5482879195606735,0.28382669724337745,-0.5484477195363295,1.0289173396252291,-0.5484477277784253
-0.5575166638030981,0.6670886283119594,-0.5575168689463058,0.2747636615565805,-0.5576802807859852,1.0198298318295689,-0.5576802618213343
-0.5670903697033348,0.6608594844784759,-0.5670906453878173,0.2653203500330708,-0.5672557592735971,1.0103750112410947,-0.5672557027154589
-0.5769305236867754,0.6544538022617314,-0.5769308642819442,0.2555735115359791,-0.5770957289222081,1.0006299652441273,-0.5770956270904967
-0.5869564100025082,0.6479253610370048,-0.58695680944855,0.24560264177568578,-0.5871194536058391,0.9906743780495788,-0.5871193037021403
-0.5970858488978972,0.6413289237390587,-0.5970863011310055,0.23548912134564565,-0.5972447587616327,0.9805896700720891,-0.5972445572315267
-0.6072360690645192,0.6347196550998903,-0.6072365703326033,0.2253153471899712,-0.6073888991645092,0.9704581340580453,-0.6073886437218181
-0.6173245749772143,0.6281525418853658,-0.6173251225806173,0.2151638624191772,-0.6174694250595406,0.9603620644582893,-0.6174691147053966
-0.6272699983412648,0.621681830207517,-0.6272705915395331,0.20511649805818352,-0.6274050372055083,0.9503829051208017,-0.6274046696966512
-0.636992931767835,0.615360466555995,-0.6369935685935344,0.19525353348830796,-0.6371164143084936,0.9406004155743459,-0.6371159857680532
-0.6464167254415709,0.6092395657614742,-0.6464174063281524,0.18565288279890935,-0.6465270084646323,0.9310918635502029,-0.6465265161669788
-0.6554682538306037,0.6033679016293747,-0.6554689781488798,0.17638931139958836,-0.6555638114398468,0.9219312507433677,-0.6555632523155288
-0.6640786289435195,0.5977914315832747,-0.664079394230558,0.1675336997420619,-0.6641580670357319,0.9131885874380061,-0.6641574393611999
-0.6721838621146609,0.592552852426769,-0.6721846657108786,0.1591523569195563,-0.6722459318876882,0.9049292143725415,-0.6722452359316398
-0.679725469653513,0.5876911972883176,-0.6797263087486414,0.15130638662315635,-0.6797690797648033,0.8972131795880735,-0.6797683164362385
-0.6866510132224536,0.5832414749665953,-0.6866518836767811,0.14405111652156719,-0.6866752395881002,0.8900946806160228,-0.6866744104492096
-0.6929145702947493,0.5792343549306822,-0.6929154678897351,0.13743559228675678,-0.6929186647414267,0.8836215720249805,-0.6929177719119506
-0.6984771335111675,0.5756959012331225,-0.6984780534846243,0.13150214538076152,-0.6984605293720468,0.8778349450768814,-0.6984595759785611
-0.7033069322420884,0.5726473568126731,-0.7033078695425276,0.126286033133756,-0.703269248932518,0.8727687823273713,-0.7032682387704926
-0.7073796765714099,0.5701049803196189,-0.7073806260133941,0.1218151576547853,-0.7073207219257542,0.8684496893805322,-0.7073196594414501
-0.7106787213654293,0.5680799361466243,-0.7106796776284943,0.11810986271715511,-0.710598491766771,0.8648967058099675,-0.7105973819156728
-0.7131951486839454,0.5665782385644393,-0.7131961063685264,0.11518281175425447,-0.7130938273034363,0.8621211967898552,-0.7130926755883252
-0.7149322482914644,0.5655978380940567,-0.7149332019592207,0.11303890994435863,-0.7148102968568819,0.8601248107048198,-0.7148091092642692
-0.7159007797325754,0.5651317022521165,-0.715901723953106,0.11167286750893796,-0.715758929102405,0.8589004657197782,-0.7157577120917242
-0.716118776905275,0.5651679443645462,-0.7161197063163718,0.11107193255332969,-0.7159580151706001,0.8584337058689065,-0.7159567754886655
-0.7156112804225963,0.5656900006193457,-0.7156121897240093,0.11121610713577082,-0.7154328382541533,0.8587029333925746,-0.7154315828573352
-0.7144100007153503,0.5666768531786629,-0.7144108851200237,0.11207843561266363,-0.7142153351169019,0.8596797122427567,-0.7142140711939164
-0.7125529175486567,0.5681032962335067,-0.7125537725108387,0.11362536064850307,-0.7123436928953472,0.861329137483531,-0.7123424273787549
-0.7100838192394112,0.5699402422703972,-0.7100846403366623,0.11581714258985729,-0.709861886508041,0.8636102671131859,-0.7098606264768799
-0.7070517878611674,0.5721550643570305,-0.7070525718656093,0.11860833878925614,-0.7068191628084626,0.866476610892362,-0.7068179149921194
-0.7035106366622055,0.5747119704756708,-0.7035113798093113,0.12194833409857037,-0.7032694746771435,0.869876670422162,-0.7032682458019788
-0.699518304311575,0.577572405729767,-0.69951900348175,0.12578191844404177,-0.6992708765802254,0.873754523810317,-0.6992696724167814
-0.6951362170127657,0.5806954776107173,-0.6951368688843105,0.13004990389872526,-0.6948848836748658,0.8780504474842283,-0.6948837098779892
-0.6904286203548361,0.5840384015673221,-0.6904292211753574,0.13468977661589354,-0.6901758033715244,0.8827015722026286,-0.6901746662106422
-0.6854618896123199,0.5875569592041588,-0.6854624366889507,0.13963637353405514,-0.6852100481915773,0.8876425602729334,-0.6852089528525244
-0.6803038297073938,0.5912059660418996,-0.6803043202944756,0.14482257779069008,-0.6800554324641674,0.8928063000889829,-0.6800543842548368
-0.6750229671170603,0.5949397421708583,-0.6750233979610542,0.1501800281573787,-0.6747804658081112,0.8981246145861085,-0.6747794693947463
-0.669687842431042,0.5987125853478287,-0.6696882098158784,0.15563983006913856,-0.6694536459465569,0.9035289660056911,-0.6694527056141282
-0.6643663122724879,0.6024792347581522,-0.6643666137167312,0.16113326366681713,-0.6641427624051705,0.9089511582947144,-0.6641418822704418
-0.6591248677566633,0.6061953276715225,-0.6591251009313186,0.16659248231868284,-0.6589142141233258,0.9143240300024833,-0.6589133979921393
-0.6540279729071288,0.6098178393535675,-0.654028136576697,0.17195119262679381,-0.6538323512246816,0.9195821234508262,-0.6538316014202936
-0.6491374358488016,0.6133055046281516,-0.6491375289213493,0.17714531066563546,-0.6489588457803104,0.9246623308111847,-0.6489581644306882
-0.6445118104552534,0.6166192167199985,-0.644511832077379,0.18211358786930412,-0.6443520964139291,0.9295045083946388,-0.6443514843301382
-0.6402058417975067,0.6197223978598607,-0.6402057922647028,0.1867981996777179,-0.6400666753195408,0.9340520525438298,-0.6400661321754325
-0.6362699568932274,0.622581339382043,-0.6362698372563029,0.19114529163752497,-0.6361528204341257,0.9382524309021845,-0.6361523450813809
-0.6327498055399153,0.6251655092153947,-0.6327496176649189,0.19510547776701892,-0.6326559788247416,0.9420576666119505,-0.6326555695018423
-0.6296858563458966,0.6274478222055514,-0.62968560257855,0.19863428701434618,-0.629616404824117,0.9454247689637141,-0.6296160593700068
-0.6271130508771735,0.6294048718097697,-0.62711273417044,0.20169255456959892,-0.6270688167428735,0.9483161081828503,-0.6270685325864945
-0.6250605184779614,0.6310171215388759,-0.6250601424168284,0.2042467531344337,-0.6250421141022687,0.9506997304180504,-0.625041888279771
-0.6235513544763488,0.6322690537453848,-0.6235509232594714,0.20626926204302815,-0.6235591583970062,0.9525496101054689,-0.6235589874469265
-0.6226023915959025,0.6331493193510701,-0.6226019099612847,0.20773857409535082,-0.6226365467487243,0.9538458758575772,-0.6226364267909139
-0.6222238735055587,0.6336509802537563,-0.6222233467999619,0.2086394705614132,-0.6222841347353323,0.9545749055954423,-0.6222840613204985
-0.6224195835621484,0.6337715444922355,-0.6224190175074531,0.20896349125715735,-0.6225053849046276,0.9547299458011776,-0.6225053532312791
-0.6231831319060568,0.633515068398871,-0.6231825325879458,0.20870853511573584,-0.6232935975069793,0.9543105081778993,-0.6232936023763395
-0.6245021533628501,0.6328895961206252,-0.6245015271164527,0.20788079037201537,-0.6246361115117902,0.9533248501427253,-0.6246361474200384
-0.6263585122490728,0.6319070248497298,-0.6263578656489287,0.206492490192152,-0.6265145118279957,0.9517871732035298,-0.626514572932011
-0.6287285628052892,0.6305829332774445,-0.628727902688561,0.20456170896532852,-0.628904892866478,0.9497174005134068,-0.6289049733248406
-0.631583464646041,0.6289363725932168,-0.631582797905006,0.2021121004870905,-0.6317781756658676,0.9471408962926863,-0.6317782696798733
-0.6348895459610111,0.6269896262242864,-0.6348888794033261,0.19917258252416578,-0.6351004738179882,0.9440881362191395,-0.6351005754508056
-0.6386087130503356,0.6247679385228565,-0.6386080535047253,0.1957769697290556,-0.6388335049437832,0.9405943264193579,-0.6388336081599535
-0.642698899969467,0.62229921598612,-0.6426982538909468,0.1919635625288641,-0.6429350412863352,0.9366989792574829,-0.6429351407558047
-0.6471145517893935,0.6196137065724552,-0.6471139257089761,0.187774694665207,-0.6473593960790048,0.9324454513557696,-0.6473594855901087
-0.6518071393260167,0.6167436572800957,-0.651806540363399,0.1832562459565884,-0.652057938829943,0.9278804473277803,-0.6520580116577025
-0.6567256975081907,0.6137229561200199,-0.6567251324570694,0.17845712296052768,-0.6569796313646045,0.92305349547824,-0.6569796817240962
-0.6618173826605666,0.6105867614180894,-0.6618168582100884,0.1734287151736273,-0.6620715886440118,0.9180164001727275,-0.6620716106746094
-0.6670280412550491,0.6073711226275252,-0.6670275635368604,0.16822433335424536,-0.6672796458724015,0.9128226798172598,-0.6672796342175786
-0.6723027855718079,0.6041125974128945,-0.6723023607147971,0.16289863528509713,-0.6725489344113931,0.9075269905142068,-0.672548885261957
-0.6775865670825717,0.6008478694537085,-0.6775862009628361,0.15750704520092385,-0.6778244560608673,0.902184549939587,-0.6778243657040341
-0.6828247486031817,0.5976133657783226,-0.6828244465123711,0.15210517159783668,-0.6830516516956229,0.8968505605758159,-0.6830515177558936
-0.6879636639638165,0.594444885260393,-0.6879634307787966,0.14674822993464542,-0.6881769604210998,0.8915796382323685,-0.6881767817715047
-0.6929511581742492,0.5913772365759296,-0.6929509973118909,0.1414904789154276,-0.6931483593196739,0.8864252570171438,-0.6931481357925466
-0.6977371066611829,0.5884438915666446,-0.6977370216785916,0.13638467112429542,-0.6979158815183832,0.8814392104120893,-0.6979156135098903
-0.7022739087817222,0.5856766554494541,-0.7022739020433081,0.13148152690768228,-0.7024321064029949,0.8766710971913816,-0.7024317945715393
-0.7065169465629344,0.5831053604238046,-0.7065170197056063,0.1268292369667332,-0.7066526160707244,0.8721678378954467,-0.706652261433322
-0.7104250085387732,0.580757581719438,-0.7104251620780682,0.12247299581405093,-0.7105364176766491,0.8679732231440566,-0.7105360217031322
-0.7139606736294672,0.5786583807989389,-0.7139609069370062,0.11845457232540751,-0.7140463243078888,0.8641275006678307,-0.7140458891974097
-0.7170906498222701,0.5768300770410905,-0.7170909614876955,0.11481192027828863,-0.7171492915753545,0.8606670031103123,-0.7171488197837153
-0.7197860674969799,0.5752920514251156,-0.719786455259297,0.11157883385063806,-0.7198167076330335,0.8576238209815163,-0.7198162021440255
-0.7220227230738826,0.5740605825591941,-0.7220231839252771,0.10878464951432977,-0.7220246345056099,0.8550255236366743,-0.7220240986846469
-0.7237812717090152,0.5731487166163385,-0.7237818019198717,0.10645399809188508,-0.7237539976934325,0.8528949301809161,-0.7237534352749775
-0.7250473678838208,0.5725661718679378,-0.7250479630499979,0.10460660741314753,-0.7249907239328549,0.8512499315787058,-0.7249901389554645
-0.7258117519976864,0.5723192792675217,-0.7258124070663599,0.10325715932950968,-0.7257258251762061,0.8501033666155404,-0.7257252219033304
-0.726070832823875,0.5724105049463265,-0.7260715421561571,0.1024151987151776,-0.7259560730278977,0.8494629039544435,-0.7259554559078093
-0.7258300273639754,0.5728364745143896,-0.7258307847970299,0.10208468625234075,-0.7256872372769009,0.8493279440199974,-0.7256866108987523
-0.7250995942321087,0.5735905816872018,-0.7251003931066676,0.10226230532163731,-0.7249299155724919,0.8496929116247237,-0.724929284619792
-0.7238944711014322,0.5746630943563897,-0.7238953044460583,0.1029397617740324,-0.723699367623558,0.8505473721497203,-0.7236987367551682
-0.7222340665807495,0.5760412910299748,-0.722234927087851,0.10410392781295003,-0.7220153041233648,0.8518761960225015,-0.7220146778275364
-0.7201420083377361,0.5777096265805359,-0.7201428887003772,0.10573703424966137,-0.7199016316902507,0.8536597695784655,-0.719901014540779
-0.717645850845384,0.5796499250753615,-0.717646743506833,0.10781690832041768,-0.7173861583769634,0.8558742497466614,-0.7173855545993059
-0.714776746307143,0.5818415969653671,-0.7147776437759529,0.11031725360664325,-0.7145002619741864,0.8584918592325474,-0.7144996756609264
-0.7115690836016267,0.5842618785185193,-0.7115699781569039,0.1132079685902733,-0.7112785270496773,0.8614812171005205,-0.7112779620862503
-0.7080600969679909,0.5868860916222687,-0.7080609813434368,0.11645550059409618,-0.7077583524237654,0.8648077041094873,-0.7077578126703468
-0.704289451257758,0.5896879181293617,-0.7042903185056517,0.1200232307839532,-0.7039795348261457,0.8684338556371209,-0.703979023928764
-0.7002988072923868,0.5926396886873865,-0.700299650571373,0.12387188615348582,-0.699983833006694,0.8723197797405996,-0.6999833546770021
-0.6961313718059405,0.5957126829871389,-0.6961321844585442,0.12795997347803187,-0.6958145174075718,0.8764235942675621,-0.6958140748850379
-0.69183143634641,0.5988774347877404,-0.6918322121397196,0.13224423112920985,-0.6915159096376748,0.8807018794384553,-0.691515505787082
-0.6874439120149437,0.6021040424337403,-0.6874446453485088,0.1366800926037158,-0.6871329163752066,0.8851101405372875,-0.6871325534809078
-0.6830138634482907,0.6053624797929508,-0.683014549268339,0.14122215845561978,-0.682710564046508,0.8896032757735612,-0.6827102438764681
-0.6785860459018269,0.608622904899865,-0.6785866798131339,0.1458246710569306,-0.6782935366972678,0.8941360452099372,-0.6782932603992523
-0.6742044521186107,0.6118559623215777,-0.6742050302327202,0.1504419867708395,-0.6739257241595645,0.8986635348930553,-0.6739254922725589
-0.6699118719259123,0.6150330763638077,-0.6699123909440803,0.1550290413811374,-0.6696497830544934,0.9031416123689414,-0.6696495955539004
-0.6657494703719117,0.6181267339130708,-0.6657499276918457,0.1595418038180068,-0.665506716608032,0.9075273673418519,-0.6655065731478107
-0.661756387004363,0.6211107523379922,-0.6617567807423647,0.16393771360739973,-0.6615354763110443,0.9117795359806206,-0.6615353763936909
-0.657969362199688,0.6239605297616185,-0.6579696911851258,0.1681760970297803,-0.657772590082108,0.9158589015689534,-0.6577725327245565
-0.65442239135991,0.6266532767580472,-0.6544226551524325,0.17221856012517522,-0.6542518191291421,0.9197286697868692,-0.6542518028103163
-0.6511464122387455,0.6291682263798608,-0.6511466108797287,0.17602935252683577,-0.6510038477455341,0.9233548146713606,-0.6510038707956443
-0.6481690271005309,0.6314868210246405,-0.6481691613234101,0.17957570025854225,-0.6480560088302131,0.9267063919581366,-0.6480560691933741
-0.6455142631825821,0.633592873809519,-0.6455143343868599,0.18282810312258643,-0.6454320469604211,0.9297558162931961,-0.6454321422185146
-0.6432023724076157,0.63547270391973,-0.6432023825748924,0.1857605953615697,-0.6431519212665439,0.9324791011526758,-0.6431520486724526
-0.6412496724262672,0.6371152445430666,-0.6412496241241823,0.18835096653523864,-0.6412316496828934,0.9348560584350569,-0.6412318062028048
-0.639668375263235,0.6385121319783462,-0.6396682716472795,0.19058094060202793,-0.6396831245113408,0.9368704563304324,-0.639683306852889
-0.6384665538198181,0.6396577812069513,-0.6384663985454436,0.19243631379051787,-0.6385141152375925,0.9385101355599732,-0.6385143199069574
-0.6376476531411883,0.6405498490816981,-0.6376474503127785,0.19390708413392754,-0.637727670822123,0.9397671276160525,-0.6377278941558947
-0.6372070702026466,0.6411911222149596,-0.6372068243569073,0.1949876043712633,-0.6373188016859261,0.9406382076868017,-0.6373190398923314
-0.6371363041518959,0.6415869890842594,-0.6371360200904285,0.1956767751687893,-0.637278633832763,0.9411262363809939,-0.6372788829737549
-0.637423092406925,0.6417453519495814,-0.6374227752103017,0.19597969339222027,-0.6375945487036254,0.9412386710302003,-0.6375948048949293
-0.6380515841293356,0.6416765138048134,-0.6380512392188741,0.19590544757911357,-0.638250360171489,0.9409868145719389,-0.638250619490563
