0.0,0.0,0.0,0.0,0.0,0.0,0.0
-0.3651883672448115,-0.2433697911589984,-0.3651951201778101,-0.36398197120522957,-0.36524105145962976,-0.36404347954333277,-0.36524769563005816
-1.0536588506531843,-0.702131109512139,-1.0536685511476713,-1.0501779433749237,-1.0538136880162272,-1.050359201161775,-1.053825768762284
-2.0178157090476265,-1.3445217989043754,-2.017833931125037,-2.011156618129131,-2.0181171162136944,-2.01150217158969,-2.0181359687200717
-3.2060638576986937,-2.1361190277694524,-3.2060890890897706,-3.1954903586607375,-3.2065501592217482,-3.1960377810304967,-3.2065725059709678
-4.564206525757262,-3.0407820675020387,-4.5642371454316475,-4.549287332915371,-4.564904004822695,-4.550032094862216,-4.564929374605863
-6.037635283605136,-4.022092504852598,-6.037671919362581,-6.018106504828599,-6.0385614126956835,-6.019039120635325,-6.0385907539494
-7.571996980968378,-5.043614861525057,-7.572035390477898,-7.5477528257894075,-7.573047213702426,-7.548744312046727,-7.573078491300986
-9.115777950973898,-6.071030335258545,-9.115816517564024,-9.086866675082444,-9.116853676214262,-9.08779381751723,-9.116883244506827
-10.618808324219305,-7.071042602024757,-10.618843376154285,-10.586442896156292,-10.6198137840822,-10.586915703398661,-10.619842236252719
-12.037781675045224,-8.014804610684111,-12.037814377303704,-12.003177323602316,-12.038641018290733,-12.002855506186163,-12.038667974375434
-13.334808626430105,-8.877071920814018,-13.334831115398183,-13.299147181308827,-13.335449844215036,-13.297741738078726,-13.335471711172232
-14.478020640330115,-9.6366305568062,-14.478029153895788,-14.442425402468333,-14.478377871850414,-14.439689510747083,-14.478372804096589
-15.442062620582783,-10.276631480318736,-15.442062027934272,-15.407619576183022,-15.442109468581506,-15.40337310479059,-15.442060707414816
-16.208286359458437,-10.784663328857981,-16.20828017595851,-16.17593673172531,-16.20798869814785,-16.170071432139572,-16.20790598259869
-16.76478656018826,-11.15280952333231,-16.76476252616108,-16.735349957204186,-16.76410928607022,-16.727804247471926,-16.764002032195698
-17.106253846226892,-11.37757123280079,-17.106213785455246,-17.080400704948897,-17.105183914288702,-17.071142881393225,-17.105036098783064
-17.2336219975174,-11.459606122546289,-17.23357144709415,-17.21188553170522,-17.232155815115664,-17.20097290021948,-17.23199128679998
-17.153657432134246,-11.403434398106379,-17.15358611890019,-17.136404472540406,-17.15179931959778,-17.123937549504287,-17.151619878284567
-16.878295220588466,-11.217056863489653,-16.878215388708487,-16.865772408567853,-16.87607360040338,-16.85187269376184,-16.875891123818512
-16.424034652818143,-10.911482586609218,-16.42394890342562,-16.416318692069346,-16.42147900643607,-16.40116004865814,-16.421297164455815
-15.811081286262382,-10.500227480995381,-15.810997639268221,-15.808138458468777,-15.808237104643593,-15.791912688206805,-15.80806826724934
-15.062627011843247,-9.998758210641471,-15.06255051655586,-15.064294032626771,-15.059547598173088,-15.047214983635271,-15.059394032890786
-14.203955845426329,-9.423937873524476,-14.203893779582799,-14.209947914083278,-14.200697605947704,-14.192248569334785,-14.200561500690796
-13.261636685321934,-8.793480436023314,-13.261590331771496,-13.271566900175653,-13.258256693727379,-13.25348516532911,-13.25813923752602
-12.262703354178864,-8.125409722304145,-12.26267325961398,-12.276105805049815,-12.259254590266316,-12.25787751023944,-12.259158536221756
-11.233893223382838,-7.437551341555841,-11.23387902951826,-11.25024027400217,-11.230429279352133,-11.232090539915948,-11.230356584631622
-10.200944476182075,-6.7470599445436665,-10.200945249843391,-10.219664249427122,-10.197516250373187,-10.201807273097819,-10.197468348909709
-9.190101297932951,-6.071298932115339,-9.190115462200664,-9.209567725230873,-9.18675525854927,-9.19248150290187,-9.18673232780737
-8.22363622668247,-5.425310250152579,-8.223662666584008,-8.242334664159976,-8.22052831149538,-8.22655617715151,-8.220529678103848
-7.320547774752148,-4.82174117514189,-7.320584631818473,-7.337106164522492,-7.317815199955212,-7.323097179977327,-7.317839717889489
-6.497128991624932,-4.271417079065422,-6.497174356876266,-6.510212566769473,-6.494888243249577,-6.498388838137033,-6.494933829655275
-5.766163208784819,-3.7828378526923725,-5.766214125818257,-5.774642921295801,-5.764507742834954,-5.765329627677169,-5.7645717192839765
-5.1371005533762775,-3.3622811444747684,-5.1371556338492965,-5.140068183985643,-5.1361016138341435,-5.133497271961826,-5.1361799794094845
-4.616037678088518,-3.013787447912133,-4.616094310215809,-4.612815152876721,-4.615741055193708,-4.60912549188772,-4.6158321621605465
-4.205786708488247,-2.7392067950288883,-4.205843335052907,-4.195926999438939,-4.206215735590363,-4.195167676684311,-4.2063164127625345
-3.9060299708789645,-2.5383034592502445,-3.906084730144188,-3.889313400970838,-3.9071851518437692,-3.8914483681353755,-3.9072914799199454
-3.7135441641286384,-2.4089074038979654,-3.7135950597007588,-3.6899679965340417,-3.7154052491868157,-3.6948828869288057,-3.715513665101484
-3.6224922118806298,-2.3471072592250337,-3.622538120812529,-3.5922565213653863,-3.6250207905242084,-3.599766271947983,-3.6251277376363418
-3.62476535197013,-2.3474789739750452,-3.624805113393338,-3.588252039212544,-3.627906442277545,-3.598109958219116,-3.628009219042373
-3.710081483320311,-2.4031683418778056,-3.710114342825345,-3.667963323728302,-3.7137658080108364,-3.679839820857458,-3.713862775201034
-3.8669728042801434,-2.506514843413278,-3.8669984830688886,-3.820039136863839,-3.8711210670086986,-3.833572077605897,-3.8712102443359617
-4.082897011403016,-2.6491461649011483,-4.082915074993957,-4.032025396451643,-4.087422424472241,-4.0468312314349255,-4.087502012139455
-4.344261847921237,-2.8218608038443964,-4.344272483376156,-4.290776887976178,-4.348968863807543,-4.306343904247708,-4.3490375243769455
-4.637471005121292,-3.015544520528339,-4.637474441186808,-4.582291836585996,-4.642163642129598,-4.598129290653514,-4.642221282655729
-4.949257965236319,-3.2213724820725433,-4.949254736466251,-4.893295781035511,-4.9537526594908226,-4.908938674069034,-4.953799416445616
-5.2668347147117895,-3.4308445249329553,-5.266825733046321,-5.210969739325881,-5.270968382930323,-5.225992665694909,-5.2710044517280865
-5.576075918980553,-3.634696601761906,-5.5760615152865585,-5.522163206377536,-5.5797074923611305,-5.53590394026404,-5.579733450808603
-5.866287153763304,-3.8258173721517963,-5.86626767322511,-5.815992641838237,-5.86929997244396,-5.827876825602542,-5.869315800353339
-6.128087146106187,-3.9979713647917947,-6.1280630262554245,-6.0828563229902555,-6.130390360596192,-6.092404816471876,-6.130397440415836
-6.353569765435816,-4.145903381092901,-6.353543079441956,-6.314602047275641,-6.355097197714075,-6.321437728905981,-6.355097539334242
-6.5364104693847604,-4.265417376091068,-6.536384566668783,-6.504648222838537,-6.537126425797632,-6.508501853900711,-6.537119399270421
-6.671927769791638,-4.3534056152314795,-6.671901813432291,-6.648045016194029,-6.671820316703815,-6.6487480290168195,-6.671805936125862
-6.757090635983124,-4.407861286471793,-6.757063697499285,-6.741497655512977,-6.756171172558446,-6.7389845298601685,-6.7561517102282185
-6.790486220430281,-4.427854599844643,-6.790459954937601,-6.783332531688439,-6.788787818381331,-6.777635086622415,-6.788764388221462
-6.772242283713677,-4.413478818963083,-6.772217939783605,-6.773437017388298,-6.769816790687899,-6.764670907664933,-6.769792147129619
-6.703917412464805,-4.365780287184471,-6.703895430897999,-6.713141412487831,-6.700833630326185,-6.701505866154245,-6.700811486372009
-6.588354578162939,-4.286660594408249,-6.588335966658075,-6.605091027973141,-6.584697889220296,-6.590851849087494,-6.584677758662441
-6.429515486674691,-4.178763485155338,-6.429499449581853,-6.453075016750935,-6.425381076829053,-6.436554696836926,-6.4253626713584575
-6.2322934388924,-4.045352428026497,-6.23227918921776,-6.261846923064686,-6.22778264703039,-6.243408752185074,-6.227765429713246
-6.002313744894883,-3.8901761561975032,-6.002301413480267,-6.036922253224039,-5.997531790476631,-6.016962007876846,-5.997517515405445
-5.745732369665996,-3.717335275061314,-5.74572150016989,-5.784381606211223,-5.7407848510803765,-5.7633112739514845,-5.740773307936446
-5.469029902916744,-3.531144652848182,-5.469020264033459,-5.510662704621629,-5.464019816359074,-5.488899184718484,-5.464011926390402
-5.178812098743557,-3.336003436631474,-5.1788037447089295,-5.222361166918008,-5.173838638581186,-5.200315852237281,-5.173834636233507
-4.881624507036201,-3.136266934099747,-4.88161733772687,-4.926040294327789,-4.876779650336275,-4.904106292467378,-4.876779086145006
-4.585079523213975,-2.9369288687178314,-4.585073606201866,-4.628836108981675,-4.580493084032728,-4.607986462556118,-4.580496406763759
-4.295778282494033,-2.7423384119639613,-4.295773769526586,-4.336974277866338,-4.291516333228064,-4.3177531668868125,-4.291523314333638
-4.018854982618631,-2.5559251421324594,-4.018851797620612,-4.0558047079014035,-4.014970724672454,-4.038673356267123,-4.014981043218289
-3.758783540892095,-2.380679730235395,-3.758781660317122,-3.790047670523978,-3.755317149565924,-3.775377605403094,-3.755330558821034
-3.5193030494465165,-2.219103977293462,-3.5193024701278386,-3.5437097985923915,-3.5162811819018387,-3.5317788011641653,-3.516297277567971
-3.303724632085192,-2.073539823886851,-3.3037250266776534,-3.3203505086107588,-3.301234245268594,-3.3114248510412487,-3.3012523127278546
-3.114362764695227,-1.9455916903130022,-3.114364092249316,-3.1226048114040426,-3.1125094660564976,-3.116878784398999,-3.112528984982806
-2.952478773607706,-1.8360885271172926,-2.952481050112241,-2.952014106340899,-2.9513427305380335,-2.949579843644972,-2.9513633162623742
-2.8185347628161863,-1.7453232658839088,-2.818538064061828,-2.809310367058889,-2.818170030636364,-2.8101617223172917,-2.8181913011000512
-2.7122378387945565,-1.6730836409808416,-2.712242076409893,-2.6944525413597433,-2.712672514918566,-2.6984924777697414,-2.7126940173812017
-2.6326000711838105,-1.6186921717867904,-2.632604908510319,-2.6066813876573027,-2.633837245363964,-2.613730781219031,-2.633858481489782
-2.578012108848409,-1.581042974993726,-2.578017458599813,-2.5445885137106843,-2.5800319754672714,-2.5543968590751005,-2.580052356179174
-2.5458227504291364,-1.558268411763811,-2.545828461027091,-2.506156618960897,-2.548494310397719,-2.5182052039405067,-2.548513465819989
-2.533448910896558,-1.5485471040601342,-2.5334548891734596,-2.4884214317161324,-2.5366094642891395,-2.502263266729578,-2.536627082511892
-2.5380431209187377,-1.549986346292064,-2.5380494635010393,-2.488629207457692,-2.5415291012332846,-2.503799736568246,-2.541544882768209
-2.5565279017746505,-1.5605436060990012,-2.556534516357216,-2.503763363959,-2.5601792807977564,-2.519793711671133,-2.5601928740319457
-2.5856943396441117,-1.5780920179569262,-2.585701057710217,-2.5306429347608406,-2.589358355818815,-2.5470734582400083,-2.5893697344235096
-2.6222974746603365,-1.600483759732929,-2.6223039032045117,-2.566020360991837,-2.6258322098457336,-2.582412501781394,-2.6258415470438647
-2.6631464201921906,-1.6256085071220048,-2.663152489453668,-2.606673715195003,-2.666424427007264,-2.622620068625279,-2.666431705229531
-2.7041943759337825,-1.650839150306097,-2.7041997725967692,-2.6494914564373406,-2.7070402722518794,-2.6646247164543855,-2.7070455917829244
-2.7415691330703296,-1.6736796999180026,-2.741573974860196,-2.691104023865031,-2.7438978198932147,-2.70490755867502,-2.7439013797049054
-2.7729544505871675,-1.6925908252073059,-2.7729583948772722,-2.7282266854754615,-2.7747014633866787,-2.7401727591159473,-2.7747031336694836
-2.7963814899886383,-1.7062632721759332,-2.796384632868245,-2.7586235081585024,-2.7975033194833903,-2.768275782479111,-2.797503862306516
-2.8102605687586033,-1.7136377511811698,-2.810262996815693,-2.7804227454057675,-2.8107349870802514,-2.787441748325485,-2.810733969754152
-2.813394987740592,-1.7139151659688001,-2.813397351920088,-2.7921395880383266,-2.8132192722614473,-2.796285360938151,-2.8132168992660174
-2.804985998832859,-1.7065600740042512,-2.8049880578734534,-2.7926893402716586,-2.804174977069081,-2.793820178946731,-2.8041715411690746
-2.7846257361493603,-1.6912970928331923,-2.7846273896691813,-2.7813885543527457,-2.783210863309148,-2.7794584922095766,-2.7832064238405634
-2.7522797836604513,-1.6680980191813426,-2.752281153526118,-2.757945037027476,-2.7503073359357475,-2.752997872792113,-2.75030253583269
-2.7082632152100103,-1.6371666218863519,-2.7082643503898027,-2.7224371590482277,-2.705791976220989,-2.714598831601488,-2.705787516118544
-2.653206007858513,-1.5989160510883387,-2.6532070133738004,-2.675286035156726,-2.6503049339813876,-2.664755736365865,-2.6503008058408155
-2.5880144129303715,-1.553942248952988,-2.588015365394053,-2.617220004203481,-2.5847595293710324,-2.604258598918263,-2.5847561214445998
-2.513824360380017,-1.5029949628470214,-2.5138253928918433,-2.5492312029966664,-2.5102970417631245,-2.534150985871574,-2.510294345693456
-2.4319572699363925,-1.4469470510484665,-2.4319583578050823,-2.47253175011885,-2.4282404691304724,-2.455684229446896,-2.4282388001365973
-2.3438694315474216,-1.386761516626266,-2.343870486345239,-2.388504939530693,-2.3400459698541147,-2.3702678268823365,-2.3400455352746485
-2.2511031302937043,-1.3234589899872868,-2.251104051660599,-2.2986547631999454,-2.2472535070957855,-2.279420207836182,-2.24725439261374
-2.155238392327072,-1.2580861643423051,-2.155239129260674,-2.204556920153028,-2.151438753369832,-2.1847198971153183,-2.1514407280569956
-2.058644994538447,-1.1921123264024303,-2.0586456165344287,-2.1080186898197533,-2.0550058962052073,-2.0886254800103767,-2.0550088922101435
-1.963586117368765,-1.1270559716125623,-1.963586535302689,-2.011490477427979,-1.9601986356219627,-1.9931177104466344,-1.9602027195232998
-1.8717982597896357,-1.064060289571171,-1.8717984813375428,-1.916357176124844,-1.868706794005378,-1.8995115674390428,-1.8687118600315045
-1.784316946072103,-1.003828936718883,-1.7843169505795677,-1.8238885911063487,-1.7815552807687192,-1.8089984127309349,-1.7815612319849246
-1.702007460566879,-0.946954129632473,-1.7020072557947612,-1.7352104081108555,-1.6995986162280785,-1.722619791789231,-1.6996053167393084
-1.625552681971696,-0.8939079327707499,-1.625552218535642,-1.6512861119966629,-1.6235089673814895,-1.6412514703571293,-1.6235162890869552
-1.555447112742894,-0.8450377321209983,-1.5554464462947162,-1.5729005303861474,-1.5537706415242338,-1.56558994586033,-1.5537783568405463
-1.491996511546918,-0.8005654431166902,-1.4919956840839415,-1.5006511229578905,-1.4906797766850277,-1.4961460106543236,-1.4906876878252766
-1.435323929079468,-0.7605909151907347,-1.4353229460488217,-1.4349458706602913,-1.434350679581662,-1.4332447078242305,-1.4343586057683135
-1.3853770639378808,-0.7250964849082425,-1.385375912952475,-1.376003584817841,-1.384723365499273,-1.3770279502638074,-1.3847311499865391
-1.341942056346617,-0.6939558569692181,-1.3419407082888326,-1.323861257829048,-1.3415774442022743,-1.32746334403037,-1.3415850294066318
-1.304661452691107,-0.6669454641101428,-1.3046599052482488,-1.2783867472254205,-1.3045502238809754,-1.2843582791083457,-1.3045574687995911
-1.2730526441570096,-0.6437566574321846,-1.2730509778125492,-1.239292922724281,-1.2731552802629618,-1.2473749911096663,-1.2731620968940442
-1.246529492714806,-0.624009679783405,-1.2465277539509274,-1.206155881041023,-1.2468039775532394,-1.21604951353591,-1.2468101547823822
-1.224425407667996,-0.607269585025203,-1.2244236463019822,-1.1784369127111558,-1.2248282295819184,-1.1898140604848089,-1.2248337123091961
-1.2060163684902612,-0.5930601114203292,-1.2060146681427308,-1.1555035001397445,-1.2065039867815246,-1.1680177865786021,-1.2065087923272553
-1.1905446748944155,-0.5808805882800626,-1.1905431298817977,-1.136652656742163,-1.191073836592722,-1.1499502608631837,-1.1910779191697793
-1.1768178859593355,-0.5700796436066577,-1.1768164820809417,-1.1211351396963014,-1.177325439201758,-1.134864807265446,-1.1773287721344534
-1.1637126858336364,-0.5598831920944604,-1.1637114196377294,-1.10817953973817,-1.1641447194390158,-1.122001955653222,-1.16414731116636
-1.150238026491529,-0.5496006035825172,-1.150237067193384,-1.0970142025096332,-1.1505510329264055,-1.1106101687885535,-1.1505528600289547
-1.1355601034425011,-0.5386429331788813,-1.1355594998997265,-1.086887751698646,-1.135721340908513,-1.0999652464438272,-1.135722609462401
-1.1190200948343645,-0.526536705705851,-1.1190199194490607,-1.0770852569915617,-1.1190077999302455,-1.0893856312556762,-1.1190086827341463
-1.1001392145381468,-0.5129285963205211,-1.1001393821332435,-1.0667526502989053,-1.0999423148185448,-1.0779173978215137,-1.0999428893828356
-1.0786168117289852,-0.4975858727690878,-1.0786171585849402,-1.0549913628005425,-1.0782338676355532,-1.064752244969756,-1.0782342479503177
-1.054321233497815,-0.4804247060367255,-1.054321696382644,-1.0410939145508282,-1.0537595490311176,-1.0492734349022723,-1.053759867275915
-1.0272753625921625,-0.46143492379936707,-1.0272759056635254,-1.0245500158473326,-1.0265494809599767,-1.031058221802775,-1.0265498099155164
-0.9976361670214035,-0.4406643420914463,-0.9976368164598591,-1.0050437676003732,-0.996766486024359,-1.0098716501031828,-0.9967668341869227
-0.9656712895076359,-0.4182615852266784,-0.9656721217839226,-0.9824780598940979,-0.9646823582151878,-0.9856530039652248,-0.9646829199057515
-0.9317353030176337,-0.39445164125303156,-0.9317362365175262,-0.9568711793163063,-0.9306540559196227,-0.9584984865052574,-0.9306549659191996
-0.8962422333009057,-0.3695043956793893,-0.896243201706931,-0.9283755032144755,-0.8950970006245503,-0.9286364463945581,-0.8950982075789149
-0.8596405288475661,-0.3437179215601981,-0.8596414983185361,-0.8972903691404648,-0.8584593680108885,-0.8964013012706286,-0.8584608544433435
-0.8223898401641725,-0.31740232071604374,-0.8223907981504681,-0.8640076752595812,-0.8211994668921633,-0.8622065767392291,-0.8212012565023192
-0.7849400513932556,-0.2908647801987495,-0.7849409801731253,-0.8289834485678664,-0.7837648374264914,-0.8265168953895579,-0.7837668571625812
-0.7477125215360418,-0.2643965838117294,-0.7477133912450735,-0.7927099070097575,-0.746573653082613,-0.7898221534414498,-0.7465759861039684
-0.7110855981737053,-0.23826277088097805,-0.7110864731456946,-0.7556899344974959,-0.7100006596493299,-0.7526135519651914,-0.710003166480755
-0.6753831268925566,-0.21269352516130818,-0.6753840546251391,-0.7184153658001304,-0.6743657511129797,-0.7153622123282641,-0.6743683240646198
-0.6408670119297197,-0.18787820477824485,-0.6408679345987123,-0.6812708825714457,-0.6399266318067,-0.6783639021582899,-0.6399293205443878
-0.6077333518456792,-0.16396235992777575,-0.607734210920765,-0.6445256929819148,-0.6068755444679195,-0.641874461504163,-0.6068782536236325
-0.5761120133185983,-0.1410465206329569,-0.5761127225923077,-0.6084295599636811,-0.5753385785267541,-0.6061282631240973,-0.575341218944567
-0.5460688054991306,-0.11918753197927906,-0.5460693894993177,-0.5732076265673657,-0.5453782099938362,-0.5713337902193281,-0.5453806407639461
-0.5176108367293153,-0.09840146622483298,-0.5176112865516179,-0.5390560143385423,-0.5169985868417951,-0.5376694018516023,-0.5170008040246454
-0.49069066742916534,-0.07866614002952205,-0.4906909387146667,-0.5061371686547975,-0.49014987375470037,-0.5052795193999977,-0.4901518579352001
-0.46521695614659664,-0.05992792898032555,-0.46521707954759384,-0.4745790260499061,-0.46473891369319953,-0.47427420222038125,-0.464740682782443
-0.4410628467754428,-0.04210739869142078,-0.4410628387379982,-0.4444734060332745,-0.440637578243844,-0.4447279849178404,-0.4406391969052573
-0.41807540201981885,-0.025105747957502686,-0.41807520819632715,-0.4158757524510858,-0.41769226074807525,-0.4166801147068529,-0.4176937614352691
-0.39608478591238794,-0.00881098067977749,-0.3960844215290593,-0.388806094359834,-0.3957330176704185,-0.39013579016042926,-0.39573444917225814
-0.37491342827729235,0.006895827994222989,-0.3749129897153076,-0.3632508446345637,-0.37458270723141873,-0.36506835676849914,-0.3745840489893424
-0.35438438273734524,0.02213478228725478,-0.3543839113241314,-0.33916541133735795,-0.3540651162641122,-0.3414220438416472,-0.35406637594721746
-0.33432841162847043,0.03702211268416909,-0.33432792427076247,-0.3164772875958563,-0.33401202691807486,-0.31911532158294786,-0.3340132379390149
-0.3145901791139394,0.051665803007471645,-0.3145896771443303,-0.2950899700542541,-0.3142693700201906,-0.29804484039397255,-0.3142705782880755
-0.2950327290236945,0.06616212136376833,-0.29503225418282064,-0.27488704776933215,-0.29470163001030514,-0.27808958980865955,-0.29470284636927874
-0.2755412066598613,0.08059299775910865,-0.27554081370957123,-0.25573701721706127,-0.2751954235084705,-0.2591156403545155,-0.27519667402883247
-0.2560242609392226,0.09502479513284817,-0.256023955406911,-0.2374966033854187,-0.2556608858972169,-0.24097950093178228,-0.2556621412258546
-0.2364153664694705,0.10950711535614902,-0.23641516162005966,-0.22001645804374403,-0.23603304575813958,-0.2235334680405694,-0.23603419527910982
-0.21667230868215923,0.1240730690478575,-0.21667222127199467,-0.2031451160485869,-0.21627090142179903,-0.20662951549904404,-0.21627197324142833
-0.19677606498560854,0.13873971988797773,-0.19677609794106757,-0.18673327810092558,-0.19635655511413522,-0.19012337671687135,-0.19635757096721188
-0.17672803788426333,0.1535098862427045,-0.17672817419323558,-0.17063697103579947,-0.17629237924206667,-0.17387740654139272,-0.17629340410630395
-0.15654792014126218,0.16837351584253998,-0.15654809083431023,-0.15472153178768017,-0.15609878372973296,-0.1577643371880896,-0.15609982416602217
-0.13627030309474805,0.18330977106618535,-0.13627048812451686,-0.13886418058448713,-0.13581096499693382,-0.1416694186752655,-0.13581205219348755
-0.11594069819070793,0.19828979799383303,-0.11594084137054578,-0.12292676984557831,-0.11547472909433702,-0.12543531571106564,-0.11547586292576034
-0.09561253550955048,0.21327866653499825,-0.09561267185934613,-0.10676860423899646,-0.09514370051815224,-0.10894051806742144,-0.0951448476966132
-0.0753436555923094,0.22823781711005608,-0.07534378929174525,-0.09028650867295694,-0.07487567249874648,-0.0921004959075183,-0.07487685431188537
-0.055193237217906754,0.24312722268912382,-0.05519339815087336,-0.07341461355019341,-0.05472962702517871,-0.07486663572197064,-0.05473085368476974
-0.03521883206916189,0.2579074431971053,-0.035219010640647364,-0.05612233134205173,-0.03476275859930203,-0.05722383586992817,-0.034763988073586966
-0.01547390686131992,0.2725412574722148,-0.015474115668879126,-0.03841134197434254,-0.01502812341821579,-0.03918672962338387,-0.015029316689795302
0.003994073160517891,0.28699522768219093,0.003993833136704639,-0.020311248965932567,0.004427368460974981,-0.020795375541284432,0.004426190519925377
0.02314511065669763,0.30124075530483824,0.02314487589352357,-0.0018749080144800784,0.023564207722763214,-0.0021102844160096057,0.023563071031998676
0.041947664165265644,0.3152547021082629,0.04194744212156354,0.01682680876258095,0.04235141582002305,0.016792707674290197,0.04235031237820686
0.06037910527088646,0.3290199521329929,0.060378893096059164,0.03571051425085612,0.06076688472844745,0.03582782787146944,0.06076579613336372
0.07842583298935336,0.3425254457164671,0.07842563176784732,0.05468541628718811,0.07879753454326094,0.054904390516143105,0.07879645372347095
0.09608191257748065,0.3557654247146086,0.09608172130499876,0.07365920724731556,0.0964378562581821,0.07394255940204734,0.09643677866208143
0.11335123792001583,0.36874098186127796,0.11335103914624481,0.09257374412361315,0.11369213322775581,0.09288617734030223,0.11369105923241399
0.1302437911191579,0.38145751516623233,0.1302435844992835,0.11137098216554737,0.13057067339686557,0.11167931020964432,0.13056958924248624
0.14677532124139286,0.3939244827951402,0.14677510532890134,0.1299944490150003,0.14708943844637207,0.13026832265382374,0.14708836252823654
0.16296625455281,0.40615480742726345,0.16296602978716287,0.14839059962735587,0.16326902501735394,0.14860311494852713,0.16326796631830184
0.17884042163141045,0.4181639985684099,0.17884019194462328,0.16651026976142053,0.1791333504453163,0.16663843872463383,0.1791323063988079
0.19442371793776425,0.4299691829011012,0.19442349695922154,0.18430976290395149,0.19470831150787446,0.1843348595386418,0.194707293651546
0.2097429338641884,0.4415883262288728,0.2097427280149775,0.20175171395463262,0.21002064873387105,0.20165946692283,0.21001966023655086
0.22482455669314197,0.4530393927830255,0.22482436643606743,0.21880573565881048,0.22509676490266967,0.2185863995059913,0.22509578484147846
0.23969408382701596,0.4643398615883448,0.23969389956520024,0.2354490503114916,0.23996200371189533,0.23509736654739413,0.23996103448367992
0.25437489290583604,0.47550593795768964,0.2543747185178672,0.2516661280199852,0.25463958607044834,0.2511811421092049,0.25463861861594256
0.2688879635132629,0.4865523078003254,0.26888780005271623,0.2674494063627439,0.26915028951823844,0.2668341632525537,0.26914933103118766
0.283250572740432,0.49749116495562234,0.28325041929487316,0.28279805567098454,0.2835111771583649,0.28205923346061085,0.2835102273112269
0.29747755120252495,0.508333146097467,0.2974774077459345,0.29771894750068345,0.2977368845976933,0.29686642482510517,0.29773594727358527
0.3115796738111547,0.519086138723261,0.311579534494899,0.31222465554720535,0.3118380021309943,0.31127101331250023,0.3118370734121121
0.3255643549113606,0.5297557295468504,0.3255642201975209,0.3263333426937173,0.32582175078400416,0.32529331473448714,0.3258208397465293
0.33943598940041836,0.5403454066409149,0.3394358551368751,0.3400680364573661,0.33969235932493247,0.33895798090830553,0.3396914786129837
0.35319623757234364,0.5508567682644477,0.3531961105454132,0.35345577931244593,0.35345136552519085,0.35229310475080683,0.35345052029361385
0.36684423713361425,0.5612896220396536,0.3668441167132643,0.3665264049946877,0.3670978119318875,0.36532902307683945,0.3670970042093565
0.3803772670876652,0.571642414322878,0.38037715206833983,0.37931200821183353,0.3806289035991816,0.37809781201529025,0.38062813638394444
0.3937910745941254,0.5819124606499012,0.39379096509077205,0.3918457923735163,0.39404034705167046,0.39063216879680557,0.39403961240671337
0.4070806812932516,0.5920964866013405,0.40708057206027404,0.40416158547760334,0.40732713886399674,0.4029649472708595,0.40732643272964014
0.42023896213538886,0.6021896132571242,0.4202388539811578,0.41629144079028657,0.42048211506029437,0.41512683124338345,0.420481438675881
0.43326018300642183,0.6121879236122874,0.4332600781387276,0.42826684855148306,0.43349957574320835,0.42714765599161114,0.4334989297156505
0.44613910596760065,0.622087744256199,0.44613900516779625,0.44011708866968957,0.4463743791633891,0.43905485814016576,0.4463737544456904
0.45887049041191075,0.6318853515490872,0.4588703926152495,0.4518688083781795,0.45910132173119245,0.4508729810484844,0.459100702816644
0.47144989102649904,0.6415775884617095,0.4714497940699621,0.4635455326703106,0.4716759892470008,0.4626233177395945,0.47167536479968003
0.48387385322116466,0.6511618755137143,0.4838737617479454,0.47516717225643457,0.48409499815177703,0.4743235295394494,0.4840943637813361
0.49614030126311104,0.6606366274723336,0.49614021496292215,0.48675031327508583,0.4963562088337075,0.48598785295730934,0.496355568159166
