0.0,1.0323,0.0,0.8247,0.0,1.57,0.0
-0.0001837255140396404,1.0321775857535203,-0.00018372655377803075,0.8245181130931808,-0.0001837778399820857,1.5698180495684704,-0.00018377978340055248
-0.0007253521299397178,1.0318167265413178,-0.0007253555151670734,0.8239819076622733,-0.0007255585006065056,1.5692816549363489,-0.0007255625905623233
-0.0017875394181487846,1.031109089661966,-0.001787546402621255,0.8229303562151467,-0.0017880469665132745,1.568229732445717,-0.0017880547775714762
-0.0035196439886862885,1.0299552272086205,-0.003519656289750925,0.8212156000666411,-0.0035206430129326787,1.5665143724995036,-0.003520656764000705
-0.006056141526770496,1.0282656275539346,-0.006056160628838258,0.8187045126072036,-0.006057860746358582,1.5640024024933785,-0.006057883235152682
-0.009515271596033822,1.0259616163921361,-0.009515299626677852,0.8152800434737507,-0.00951797389475497,1.5605767303868023,-0.009518007145888676
-0.013997807277094106,1.0229761685614405,-0.013997846441292794,0.8108423817480624,-0.014001784625370526,1.5561375241381694,-0.014001830515796052
-0.019586293038211532,1.019254421344899,-0.01958634464046337,0.8053097654753202,-0.019591860296534196,1.5506030065317298,-0.019591919840614536
-0.026344418859793196,1.0147540877738845,-0.026344484401094423,0.7986191020537645,-0.026351909244891523,1.5439100750551717,-0.026351983639932235
-0.034316124479607656,1.0094462264819972,-0.03431620406782051,0.7907268606184117,-0.034325779125895205,1.536015298192708,-0.0343258695156664
-0.043526031654587564,1.0033147679776753,-0.04352612647184873,0.7816086376715788,-0.04353799906934725,1.526894373571763,-0.04353810655495562
-0.053979582759939984,0.996356417383847,-0.05397969431523171,0.7712590226448995,-0.05399391969251263,1.5165419930252004,-0.05399404472674102
-0.06565984406547948,0.9885825740934275,-0.06565997464356094,0.7596930726313239,-0.06567652037934885,1.5049737853053888,-0.06567666306442801
-0.07853187590393035,0.9800166348828432,-0.07853202495366551,0.7469437687169972,-0.07855077428887336,1.492223274119127,-0.07855093547514558
-0.09254359397013585,0.9706934155282123,-0.0925437582875008,0.7330611693136698,-0.09256451720220162,1.478341030318471,-0.09256469785960918
-0.10762684295312075,0.960658435269795,-0.10762701506151792,0.7181113713996451,-0.10764951565476004,1.4633936145069093,-0.10764971880106859
-0.1236986446634265,0.9499670800609783,-0.12369881535979588,0.7021752840153483,-0.12372272305067161,1.4474623603067125,-0.12372294796753974
-0.1406626125641533,0.9386836679981435,-0.14066277700475993,0.6853472482793755,-0.1406876904749662,1.4306419814460223,-0.14068793776700628
-0.158410510795096,0.9268804041195575,-0.15841066302519108,0.6677334951006758,-0.1584361286662736,1.4130390321739144,-0.15843639546713734
-0.17682392515703244,0.9146362641945365,-0.17682405503291032,0.649450501990892,-0.17684957479953173,1.3947702577824241,-0.17684985526889474
-0.1957760303873974,0.902035816933766,-0.19577613591422824,0.6306232492782171,-0.19580117262201538,1.375960847518627,-0.19580146268871643
-0.21513342909082664,0.889167999445954,-0.21513351302514855,0.6113834042805936,-0.21515748689878697,1.3567426224156773,-0.21515778991228585
-0.2347580414225559,0.8761248638814013,-0.23475810343677117,0.5918674514581325,-0.2347804159770394,1.3372521586602368,-0.23478073893158638
-0.25450900357368234,0.8630003015914074,-0.25450904638694816,0.5722148046792558,-0.25452908323542,1.3176289011114866,-0.25452942840507553
-0.27424456775176237,0.8498887804381097,-0.2742445997053977,0.552565931491838,-0.2742617364986368,1.2980132875422554,-0.27426210971685877
-0.2938239768854074,0.8368840937462388,-0.29382400865038416,0.5330604939133647,-0.29383762679817216,1.278544894197332,-0.2938380295730812
-0.3131092845695778,0.8240781539639421,-0.31310932746432696,0.5138355277152121,-0.31311882294898985,1.2593606185358752,-0.3131192543768282
-0.3319670987055434,0.8115598293278742,-0.3319671641334606,0.49502371154403174,-0.3319719526837587,1.2405929533872837,-0.33197241235328667
-0.3502702258157697,0.799413847354041,-0.3502703245349501,0.47675172733192434,-0.350269855123438,1.2223683450246445,-0.3502703436351987
-0.3678992090087299,0.7877197688787952,-0.3678993511708471,0.45913872369485015,-0.3678931103843595,1.2048056661180868,-0.3678936212435423
-0.38474374180363785,0.7765510485479574,-0.38474393292008624,0.44229490586829173,-0.38473145199713826,1.1880148063635831,-0.38473198124488406
-0.40070391318853366,0.7659742095812371,-0.40070415550440197,0.42632028881719847,-0.40068501396587863,1.1720954271905524,-0.40068555688498164
-0.41569130933807236,0.7560481045499077,-0.4156916029292721,0.41130358349322693,-0.41566543497676256,1.1571358555404732,-0.41566598822831785
-0.4296299392292654,0.7468232990936846,-0.42963028253096247,0.3973212657453766,-0.42959678366186776,1.1432121639891946,-0.4295973430709145
-0.4424569796971464,0.7383415781187929,-0.4424573705256406,0.3844368218660812,-0.44241629864824883,1.1303874157730782,-0.4424168592026719
-0.4541233391886984,0.7306355716919208,-0.4541237762144564,0.3727001692005834,-0.4540749542876677,1.1187110948197618,-0.45407551100734966
-0.46459403683073264,0.723728504010911,-0.4645945173698141,0.36214726837889866,-0.46453783477526306,1.1082187226136062,-0.46453838350752896
-0.47384838580036204,0.7176340724234127,-0.47384890586444006,0.3527999224996847,-0.4737843190232874,1.0989316620438863,-0.4737848558697747
-0.4818799914936017,0.7123564490426805,-0.4818805467261729,0.3446657603246041,-0.4818080784412026,1.0908571075632307,-0.4818085999014398
-0.4887005335951844,0.7078878549590224,-0.48870111908955643,0.33773655231932315,-0.48862095177821385,1.0839858459560472,-0.48862145467968926
-0.4943354734811804,0.7042112689504304,-0.4943360839782132,0.3319899173996909,-0.49424856378554993,1.0782945265245456,-0.49424904519114954
-0.4988232278261979,0.7013010360173328,-0.4988238577663263,0.32739046587064935,-0.49872948558608937,1.0737468484258417,-0.498729942807895
-0.50221443738703,0.6991233550831524,-0.5022150812050867,0.32389049291065714,-0.5021145017894045,1.0702942648254834,-0.5021149322295159
-0.5045710949722308,0.6976368618194644,-0.5045717464917984,0.3214308160037798,-0.5044657362925827,1.0678768297601327,-0.5044661375699859
-0.5059655444552063,0.6967932955755801,-0.5059661971472912,0.3199417436859253,-0.5058556505610291,1.0664241735719882,-0.5058560202135001
-0.5064793671185883,0.6965382418325333,-0.5064800164012953,0.31934415760626206,-0.5063659282054724,1.065856593150517,-0.5063662647291864
-0.506202174215582,0.6968119378208885,-0.5062028152891783,0.31955069534629066,-0.5060862669230212,1.066086239128843,-0.5060865695429867
-0.5052303179863085,0.6975501297628592,-0.5052309480807319,0.3204670102285124,-0.5051130905153255,1.06701838194797,-0.5051133594118233
-0.5036655483479006,0.6986849734094431,-0.5036661653909273,0.3219930994338459,-0.5035482019365789,1.0685527415999787,-0.5035484367980114
-0.5016136207864828,0.7001459600810502,-0.5016142240068836,0.32402467712698474,-0.5014973935336655,1.070584862132065,-0.501497592667159
-0.4991828909033238,0.7018608516562684,-0.499183480057923,0.32645456931700245,-0.4990690377896678,1.0730075038852611,-0.49906920025423074
-0.49648289405909424,0.7037566275950861,-0.4964834702298198,0.32917412422492937,-0.49637266937934055,1.0757120556097406,-0.4963727949278008
-0.493622943154473,0.7057604219242054,-0.49362350706792174,0.33207461195206495,-0.49351758366270604,1.078589930054107,-0.49351767381145883
-0.4907107604666172,0.7078004348777606,-0.4907113121811541,0.3350485891666497,-0.49061146803668043,1.0815339249789329,-0.49061152526316765
-0.487851152592763,0.709806813241857,-0.4878516921660477,0.33799122796708725,-0.4877590795262798,1.084439543794259,-0.4877591078464828
-0.4851447543941115,0.7117124891549238,-0.48514528168607984,0.3408015784668746,-0.4850609896836965,1.0872062558025226,-0.4850609928630162
-0.48268684947911644,0.7134539664366795,-0.48268736426975584,0.3433837599102989,-0.4826124041047103,1.089738680843284,-0.482612386248046
-0.4805662839636168,0.7149720437083469,-0.480566786261896,0.3456480592110592,-0.48050207926320615,1.0919476770880787,-0.4805020446722429
-0.4788644848850716,0.7162124695490883,-0.4788649746399396,0.34751193170092154,-0.4788113415200997,1.0937513344158265,-0.4788112944163034
-0.4776545929241946,0.7171265186723007,-0.47765507015389874,0.34890088621661164,-0.4776132219299047,1.0950758488323262,-0.4776131666348306
-0.4770007197903156,0.7176714869604147,-0.47700118479908227,0.3497492515642781,-0.47697171461427595,1.095856279524979,-0.4769716554306604
-0.4769573350098435,0.7178110996058105,-0.4769577882625883,0.35000081391060056,-0.47694116553724136,1.0960371757296876,-0.4769411069198187
-0.47756868082319565,0.7175158948172876,-0.47756912279723684,0.3496093763027377,-0.4775656889591032,1.0955731403025069,-0.477565635204321
-0.47886854827048864,0.716763378647517,-0.47886897932590666,0.3485390649486631,-0.47887894529370345,1.094429110616325,-0.4788789006820898
-0.48087965830752016,0.7155385321695851,-0.4808800789167743,0.34676455488019836,-0.48090340390676944,1.092580573659474,-0.4809033722613415
-0.4836139486741774,0.7138336006866087,-0.4836143591856403,0.3442716815833093,-0.48365077288702635,1.0900142713338274,-0.4836507576433123
-0.4870702759827825,0.711649577548938,-0.48707067623111694,0.3410568376428454,-0.4871193354827186,1.086727477164797,-0.4871193386407069
-0.49123617429766153,0.7089947431548879,-0.491236564974739,0.3371286331537301,-0.49129643625081176,1.0827301204607416,-0.491296459386357
-0.4960893681555298,0.7058839116703001,-0.49608975008387624,0.3325056301050514,-0.4961596288829215,1.078042010081304,-0.4961596730524058
-0.5015982785703513,0.7023380964466467,-0.5015986533738673,0.3272158811623857,-0.501677182694566,1.0726923593338864,-0.5016772487851813
-0.5077226380894532,0.6983841006199561,-0.5077230075819125,0.32129635477819735,-0.5078087006937304,1.066719200789227,-0.507808789126359
-0.5144142009597833,0.6940540425357992,-0.5144145655356356,0.3147922659344714,-0.5145058283918454,1.0601687043050743,-0.5145059377022898
-0.5216175386413029,0.689384826269673,-0.521617897863972,0.30775630661176945,-0.5217130534505633,1.0530943952707195,-0.5217131823510468
-0.5292709192973138,0.6844175569653149,-0.5292712724540656,0.30024779920114913,-0.5293685845880924,1.045556305389992,-0.5293687308846159
-0.5373072407785546,0.6791969190323374,-0.5373075879089884,0.2923317865220269,-0.5374052834111084,1.0376200513114835,-0.5374054453981826
-0.545655016865415,0.6737705184892062,-0.5456553580892416,0.2840780672625483,-0.5457516506814859,1.0293558659979034,-0.5457518283524063
-0.5542393971421576,0.6681882030506603,-0.5542397312921323,0.27556018475888755,-0.5543328475944276,1.0208375873078765,-0.554333039307386
-0.5629832113247707,0.6625013704706585,-0.5629835365512991,0.2668543965267941,-0.5630717385262769,1.0121416248158,-0.5630719414306392
-0.571808017974724,0.6567622647361485,-0.5718083320391747,0.2580386242679439,-0.5718899391012024,1.003345911605604,-0.5718901494326392
-0.5806351483962459,0.6510232841129886,-0.58063544713054,0.2491914117290688,-0.580708857318716,0.9945288683396034,-0.5807090706023447
-0.5893867314877761,0.6453362976835305,-0.5893870118340582,0.24039088929633778,-0.58945072120584,0.9857683670043434,-0.5894509317724047
-0.5979866899421322,0.639751981504796,-0.5979869504499262,0.2317137679154012,-0.598039569851821,0.9771407346156141,-0.598039772505652
-0.606361689126609,0.6343191864484988,-0.6063619288409738,0.22323437380045313,-0.6064022009121182,0.9687197935487801,-0.6064023904610134
-0.6144420310673074,0.6290843417226195,-0.614442248517306,0.2150237361183796,-0.6144690630620271,0.9605759579635401,-0.6144692347425624
-0.6221624831988606,0.624090903401147,-0.6221626772198201,0.20714873271269055,-0.6221750826783277,0.9527753904193759,-0.6221752310172882
-0.6294630352628534,0.6193788500215431,-0.6294632067373487,0.1996713056007187,-0.6294604171308652,0.9453792303176457,-0.6294605383195497
-0.6362895704514135,0.6149842369799047,-0.6362897200803527,0.19264775960530317,-0.6362711242099773,0.9384429029986331,-0.6362712158254374
-0.6425944494130394,0.6109388075148984,-0.6425945775411035,0.18612814411258946,-0.6425597438893859,0.932015514798812,-0.6425598035615712
-0.6483369963576883,0.6072696670720751,-0.648337103181063,0.1801557317650961,-0.6482857819802186,0.9261393450395708,-0.648285807964933
-0.6534838861305367,0.6039990253777049,-0.6534839721581494,0.17476659335855055,-0.6534160960095198,0.9208494356055069,-0.6534160869222153
-0.65800943108195,0.6011440053371969,-0.6580094968874711,0.16998927313001388,-0.657925178689175,0.9161732795608438,-0.6579251334663391
-0.6618957623969294,0.5987165220632745,-0.6618958088120355,0.16584456822910562,-0.661795336806747,0.9121306148893831,-0.6617952549860584
-0.6651329077992388,0.596723230829306,-0.6651329358723603,0.16234541269960562,-0.6650167671489235,0.9087333214762017,-0.6650166487448695
-0.6677200449125491,0.5951649808180772,-0.667720056186517,0.15949686301301833,-0.6675890649102068,0.9059854217084079,-0.6675889112428817
-0.6696669579310701,0.5940352889596088,-0.6696669541014743,0.1572937537003292,-0.6695222555519651,0.9038801551549198,-0.6695220683797891
-0.6709907227481109,0.5933228095764767,-0.6709907056547669,0.15572344198523966,-0.6708336356760345,0.9024033591222724,-0.6708334171915582
-0.6717153493781562,0.5930115723687291,-0.6717153209886121,0.15476611282348726,-0.6715474130875635,0.9015337913739923,-0.6715471658467135
-0.6718713421989091,0.5930812750367483,-0.6718713044048957,0.15439517033689257,-0.6716942649259,0.901243537678233,-0.6716939918605842
-0.6714951855043477,0.5935076258917521,-0.6714951400822052,0.15457770839240514,-0.6713108216746649,0.9014984976134038,-0.6713105262619815
-0.6706287637520304,0.5942627298874322,-0.6706287123547465,0.15527505211928339,-0.6704390859961517,0.9022589376565523,-0.6704387716747342
-0.6693187237555971,0.5953155135036979,-0.6693186683797434,0.15644336205879308,-0.6691257944620509,0.9034801062988157,-0.669125464508908
-0.6676157899056172,0.5966321814782484,-0.6676157328905437,0.15803429184305537,-0.6674217314078104,0.9051129008168047,-0.6674213897607479
-0.6655740404939963,0.5981766987533615,-0.6655739837265818,0.15999569132771663,-0.6653810051626204,0.9071045764515189,-0.6653806560435832
-0.6632501561163179,0.5999112910187481,-0.6632501012271188,0.1622723434955623,-0.6630602973452858,0.9093994869810051,-0.6630599451233515
-0.660702650731064,0.6017969579573139,-0.6607025988500385,0.16480672379278408,-0.6605180946118814,0.9119398468300571,-0.6605177437472841
-0.6579910930997231,0.6037939913539585,-0.6579910455584967,0.16753977541605192,-0.6578139111979848,0.9146665062333705,-0.6578135656515804
-0.655175331906594,0.6058624907818644,-0.6551752903280269,0.17041168740003063,-0.6550075152051797,0.9175197262413373,-0.6550071783521406
-0.6523147349979125,0.6079628736205291,-0.6523147011909843,0.17336266860020114,-0.6521581682314215,0.9204399478643928,-0.6521578432796737
-0.6494674477810279,0.6100563674568928,-0.6494674235546949,0.17633370245997837,-0.6493238866859138,0.9233685418012569,-0.649323576811002
-0.6466896842674346,0.6121054839500387,-0.6466896708473374,0.17926727668827366,-0.6465607344000023,0.9262485288924535,-0.6465604424812451
-0.6440350551338022,0.6140744663492225,-0.6440350535115983,0.18210808062915912,-0.6439221538314027,0.929025267971904,-0.6439218828155583
-0.6415539451715842,0.6159297053160904,-0.6415539564308222,0.1848036595353642,-0.6414583454010915,0.9316470981362677,-0.641458098004709
-0.6392929437457381,0.6176401184264099,-0.6392929685964831,0.18730501742464964,-0.6392157007612541,0.9340659295461048,-0.6392154794765813
-0.6372943351600654,0.6191774901459884,-0.6372943742053017,0.18956716482046945,-0.6372362964043977,0.9362377768645933,-0.637236103335275
-0.6355956555050376,0.6205167678653335,-0.635595709220269,0.19154960383837413,-0.635557453342679,0.9381232288928965,-0.635557290267197
-0.6342293185800366,0.621636311778956,-0.6342293871798182,0.19321674526898167,-0.6342113657129623,0.9396878504715717,-0.6342112339244217
-0.633222315451348,0.6225180954209407,-0.6332223988700054,0.1945382545114469,-0.6332248033084432,0.9409025119917402,-0.6332247036649501
-0.6325958805177334,0.6231479228994816,-0.6325959785274827,0.19548932306905503,-0.6326187808132157,0.9417436444170325,-0.6326187137560662
-0.6323654573461888,0.6235154577047277,-0.6323655694624081,0.19605092095254054,-0.6324085258864951,0.9421934889461482,-0.6324084914660784
-0.6325401034401555,0.6236147948768143,-0.6325402289723656,0.19620985445341213,-0.6326027817640656,0.9422401245234243,-0.6326027796149923
-0.6331230494270257,0.6234439061494552,-0.6331231875202205,0.19595933386735803,-0.6332044789800707,0.9418781229238954,-0.6332045083283705
-0.6341082124544328,0.6230067542527792,-0.634108362164644,0.19529838476211767,-0.6342072535967398,0.941108425386305,-0.6342073133194256
-0.6354841116289397,0.6223109000621536,-0.6354842717138007,0.19423358418825246,-0.635599365095637,0.9399393228937332,-0.6355994537151317
-0.6372341325849991,0.6213673273112184,-0.6372343013631905,0.19277692920386166,-0.6373639636301838,0.9383844271799131,-0.6373640793174435
-0.6393368521557271,0.6201902269780247,-0.6393370284490775,0.19094556416768416,-0.6394794178944339,0.9364623797788517,-0.6394795583378025
-0.6417664181763579,0.618796745562688,-0.6417666007183619,0.18876144932467415,-0.6419196965039118,0.9341965026549287,-0.6419198587678138
-0.6444929782063338,0.6172067001041774,-0.6444931657703007,0.18625097345520464,-0.6446547979910119,0.9316143983147844,-0.6446549790661642
-0.6474831489301264,0.6154422665041882,-0.6474833402358016,0.1834445195139732,-0.6476512216785684,0.9287475021992903,-0.6476514185883064
-0.6507005224688123,0.6135276427717682,-0.6507007162578133,0.1803759871135699,-0.6508724754834453,0.9256305953088511,-0.6508726850478448
-0.6541062001007696,0.611488693331085,-0.6541063955655694,0.17708228053574307,-0.6542796096458693,0.9223012835003903,-0.6542798286111695
-0.6576593461907232,0.6093525813950321,-0.6576595430563971,0.1736027676042689,-0.6578317701383617,0.9187994534381961,-0.6578319953609222
-0.6613177569590772,0.6071473896802448,-0.6613179553685243,0.16997872036253095,-0.6614867683091248,0.9151667080784597,-0.661486996527763
-0.6650384341927668,0.6049017383337592,-0.6650386340495149,0.1662527417818094,-0.6652016522087,0.9114457943735493,-0.6652018801488764
-0.6687781567360481,0.6026444044650897,-0.6687783586658366,0.162468187682705,-0.6689332766084861,0.9076800269129729,-0.6689335019587775
-0.6724940431366395,0.6004039479064575,-0.6724942475128594,0.1586685909241242,-0.6726388651587364,0.9039127178643773,-0.6726390856982652
-0.6761440981336352,0.5982083464820215,-0.6761443051488873,0.15489709539671775,-0.676276554686791,0.900186616507634,-0.6762767681703655
-0.6796877364883744,0.5960846464425031,-0.6796879462266114,0.1511959077184159,-0.6798059165890944,0.8965433696941559,-0.6798061203005518
-0.6830862767248719,0.5940586334561996,-0.6830864895403246,0.14760577133735664,-0.6831884480025645,0.8930230071064965,-0.6831886398362904
-0.6863034026052836,0.5921545246108703,-0.6863036187766217,0.14416547092386572,-0.6863880305288476,0.8896634575419134,-0.6863882083879439
-0.6893055826551118,0.59039468879967,-0.6893058028547879,0.14091137209226554,-0.6893713466455285,0.8865001031014181,-0.6893715088819594
-0.6920624461759001,0.588799395746792,-0.6920626709174836,0.1378770011606784,-0.6921082529560971,0.8835653740534901,-0.6921083978766662
-0.6945471101673812,0.5873865970316718,-0.6945473398027822,0.1350926708649701,-0.6945721037548874,0.8808883907725089,-0.6945722297313177
-0.6967364556363191,0.5861717415515071,-0.6967366904423857,0.13258515433815976,-0.6967400241649196,0.8784946553509566,-0.6967401297370635
-0.6986113494426214,0.585167626876633,-0.6986115895154394,0.1303774114457766,-0.6985931285375105,0.8764057958537764,-0.6985932124664169
-0.7001568104448623,0.5843842879207373,-0.7001570557730975,0.12848837008832223,-0.7001166834664543,0.8746393659392752,-0.7001167447971621
-0.7013621186086754,0.5838289233358279,-0.7013623690783807,0.12693276392428837,-0.7013002137301604,0.873208701068277,-0.7013002518229747
-0.702220867954633,0.5835058593552886,-0.7022211233311251,0.12572102651101055,-0.7021375521501794,0.8721228311354392,-0.7021375666850526
-0.7027339066761429,0.5834147364374436,-0.7027341664311694,0.12485924204210071,-0.7026304199283894,0.8713864498640458,-0.7026304114057652
-0.7029074456119923,0.58355150605382,-0.7029077091204686,0.12434672154224788,-0.7027853177969827,0.8709969154732567,-0.7027852870062408
-0.7027515861482784,0.5839095233820376,-0.7027518527058695,0.12417862572151726,-0.7026126104486837,0.8709475133699788,-0.7026125584370015
-0.7022801149841488,0.584479682985375,-0.7022803838183973,0.1243461080325451,-0.7021263184765807,0.8712276219697676,-0.7021262465126359
-0.7015102559795299,0.5852505832270255,-0.7015105262963918,0.12483650677658428,-0.7013438677717803,0.8718229252821188,-0.7013437773725255
-0.7004623831584891,0.586208716653689,-0.7004626541520328,0.12563358200194363,-0.7002858008223687,0.8727156683238911,-0.7002856936256379
-0.6991596995662159,0.5873386831765869,-0.6991599704321961,0.1267177929508869,-0.6989754540137509,0.8738849508857068,-0.6989753318086537
-0.6976278864741504,0.5886234231671625,-0.697628156311444,0.12806661209368214,-0.6974386056146021,0.8753070557201891,-0.6974384703062195
-0.6958947273184551,0.590044467299112,-0.6958949951908251,0.12965487158793554,-0.6957030996680785,0.8769558064286717,-0.6957029531399818
-0.6939897124382532,0.5915821995666083,-0.6939899774250461,0.131455136559204,-0.6937984505321549,0.8788029500524956,-0.6937982948498934
-0.6919436310740367,0.5932161289079594,-0.6919438922050406,0.13343809898044476,-0.6917554351868654,0.8808185574388906,-0.6917552725996038
-0.6897881539436602,0.5949251674800936,-0.6897884102577381,0.13557298772899656,-0.6896056771096694,0.8829714369147283,-0.6896055100904472
-0.6875554144757287,0.5966879091084811,-0.6875556651388202,0.13782798887121978,-0.6873812282742702,0.8852295557009207,-0.6873810594001328
-0.6852775913895658,0.5984829077711186,-0.6852778354496644,0.14017067087084573,-0.6851141539959291,0.8875604637493235,-0.6851139859961076
-0.6829865000699162,0.600288950091336,-0.682986736685962,0.14256840888662206,-0.6828361263050202,0.8899317137590005,-0.6828359620422828
-0.6807131965131937,0.6020853195576862,-0.6807134249445528,0.1449888029063305,-0.680578030566616,0.8923112730498483,-0.6805778725157116
-0.6784875994298832,0.6038520486643378,-0.6784878190482145,0.14740008446259925,-0.6783695901179602,0.8946679213314734,-0.6783694403548785
-0.6763381350931773,0.6055701561171652,-0.67633834529356,0.14977150604613554,-0.676239014072885,0.8969716297144734,-0.6762388744821435
-0.6742914078551511,0.6072218670323758,-0.6742916081837519,0.15207371033282968,-0.6742126710995122,0.8991939167345967,-0.6742125435255572
-0.6723719010600049,0.6087908129982919,-0.6723720910955177,0.15427907387097137,-0.672314793863979,0.901308177641852,-0.6723146800164903
-0.6706017111043809,0.6102622100106774,-0.670601890432716,0.1563620215938782,-0.6705672166519506,0.9032899827704572,-0.670567117989603
-0.6690003176120146,0.611623012400934,-0.6690004858971836,0.15829930828610875,-0.6689891490696214,0.9051173416469818,-0.6689890668465962
-0.6675843919440552,0.6128620413738632,-0.667584548971179,0.16007026419279285,-0.6675969882196566,0.9067709302096602,-0.667596923448595
-0.6663676454109267,0.6139700870798352,-0.6663677910806524,0.16165700319241305,-0.6664041705246145,0.9082342797798133,-0.6664041239651017
-0.6653606098401275,0.6149400376620687,-0.6653607441756987,0.16304459075820713,-0.6654209562326789,0.9094939252810563,-0.6654209283896905
-0.664570682805473,0.6157668809235872,-0.6645708059484531,0.16422117195538646,-0.6646544740987769,0.9105395139930432,-0.6646544651207155
-0.6640015756155857,0.6164482362410295,-0.6640016878098158,0.16517811160118745,-0.6641080744835265,0.9113639387432526,-0.6641080842638972
-0.6636503078523072,0.6169859667814136,-0.6636504094688161,0.1659101148845524,-0.6637784344543881,0.9119639180160564,-0.6637784626264032
-0.6635110245679638,0.6173838529454605,-0.6635111160616809,0.16641547185822578,-0.6636593784152424,0.9123393139612004,-0.6636594243818555
-0.6635751319246191,0.6176475032848258,-0.6635752138456116,0.16669745880442838,-0.663742017666354,0.9124953903097347,-0.6637420806220203
-0.6638314661042334,0.6177842432643251,-0.6638315391225537,0.16676230418336402,-0.6640149225384551,0.9124402637704584,-0.664015001451317
-0.6642664910214419,0.6178029848761101,-0.6642665558855433,0.1666190468835427,-0.6644643228564021,0.9121847396866577,-0.6644644165524551
-0.6648645221013578,0.6177140786524615,-0.6648645796209157,0.1662793604789824,-0.6650743340314258,0.9117421165334159,-0.6650744411772522
-0.6656079734513419,0.6175291501746457,-0.6656080245072794,0.1657573469580926,-0.6658272061572675,0.9111279618953401,-0.6658273253559435
-0.6664776242146903,0.6172609234533581,-0.6664776697008898,0.1650693049467692,-0.6667035914874099,0.9103598650722524,-0.6667037213492414
-0.6674529001957691,0.6169230341134031,-0.6674529409389142,0.16423347162208887,-0.6676828270969614,0.9094571663874668,-0.6676829660692407
-0.6685121658276092,0.6165298352995755,-0.6685122027869371,0.16326974807953037,-0.6687432272082833,0.9084406723497029,-0.6687433734570296
-0.6696330253484956,0.6160961975919934,-0.6696330594936922,0.16219940856259688,-0.6698623839647319,0.9073323576678759,-0.6698625355731991
-0.6707926267409695,0.615637306834862,-0.6707926590441242,0.1610447979913042,-0.6710174708106181,0.9061550577948733,-0.6710176259595461
-0.6719679647771717,0.6151684624529818,-0.6719679960664621,0.1598290217706553,-0.6721855443707415,0.9049321576443127,-0.6721857011938733
-0.673136180556675,0.6147048780969642,-0.6731362118329087,0.15857563274217887,-0.6733438423840067,0.9036872788672727,-0.6733439991833932
-0.6742748526944049,0.6142614872994892,-0.6742748850361313,0.1573083183268473,-0.6744700733732959,0.9024439706037811,-0.6744702283192069
-0.6753622757425668,0.6138527579434641,-0.6753623101354769,0.15605059381735356,-0.675542692165305,0.9012254089423574,-0.6755428435218753
-0.6763777249451652,0.6134925152871202,-0.6763777623480011,0.15482550275687657,-0.6765411623191636,0.9000541061906604,-0.6765413084692053
-0.6773017028894834,0.6131937774676748,-0.677301743986038,0.1536553301151628,-0.6774461993097614,0.8989516348741875,-0.6774463386854118
-0.6781161644702541,0.6129686045379469,-0.678116209903741,0.15256133150878987,-0.6782399926306334,0.8979383696047152,-0.6782401238018592
-0.6788047193316893,0.6128279628765918,-0.678804769675966,0.15156348052409171,-0.6789064047283129,0.8970332495452477,-0.6789065263792388
-0.6793528086405045,0.6127816066794136,-0.6793528643759554,0.1506802383381141,-0.6794311439723245,0.8962535643908875,-0.6794312549411022
-0.6797478543496219,0.6128379775550385,-0.6797479158500342,0.14992834769541838,-0.679801910285936,0.8956147662356148,-0.6798020095822347
-0.6799793804260313,0.6130041227602394,-0.6799794479630619,0.14932265271070352,-0.6800085126343727,0.8951303084809465,-0.680008599419692
-0.6800391048284574,0.6132856328222851,-0.6800391785817284,0.14887594643537322,-0.6800429571150965,0.894811513462065,-0.6800430307238811
-0.6799210008980141,0.6136865995008126,-0.6799210809418659,0.14859884878780144,-0.6798995046104372,0.8946674707539417,-0.6798995645539804
