0.0,1.0323,0.0,0.8247,0.0,1.57,0.0
-0.0002423341085887518,1.0321385055697427,-0.00024233717037278098,0.8244592693457885,-0.00024239278609971754,1.5697592025722413,-0.00024239187470943613
-0.000952149253332193,1.0316655105514632,-0.0009521582213666744,0.8237541502133352,-0.0009523786807105009,1.5690538921114348,-0.0009523760643946955
-0.0023342260717123557,1.0307446103230056,-0.002334245646201845,0.8223812173350625,-0.002334788822738142,1.5676805860516627,-0.002334783907431185
-0.004570260842903698,1.0292548159063073,-0.004570295678647345,0.8201599799153999,-0.004571361110443182,1.5654587428707314,-0.004571353837867086
-0.007816635822404388,1.0270920324375947,-0.007816690657642525,0.8169350932074856,-0.00781851505984138,1.5622329747484143,-0.007818506317720216
-0.012202537237048592,1.0241703021058424,-0.012202614838027115,0.812578148762112,-0.01220546544364429,1.5578748618395601,-0.01220545550097116
-0.0178289438361434,1.0204224845560954,-0.017829046075719404,0.8069887639914888,-0.017833213172751532,1.5522840163811318,-0.017833202861434153
-0.024767967013517418,1.0158006940254924,-0.024768095031800382,0.8000952406170707,-0.024773886555195482,1.5453887377824305,-0.024773877238885942
-0.03306213629866191,1.0102769623248515,-0.03306229079984477,0.7918552798318097,-0.03306990988460902,1.537146845809273,-0.033069901992626306
-0.04272536997538452,1.003842384205341,-0.042725552115997094,0.7822550106618517,-0.04273509719006306,1.5275445865781463,-0.0427350932474652
-0.05374078085727719,0.9965084001670995,-0.053740989658685526,0.7713097286719163,-0.053752459742309855,1.5165977661474594,-0.05375246039910538
-0.06606521772838604,0.988303947427333,-0.06606545319589592,0.7590609291083191,-0.0660787480397915,1.5043483640724467,-0.0660787549874071
-0.07963100177936881,0.9792742935150457,-0.07963126587290453,0.7455745985568504,-0.07964619783326873,1.4908628046555514,-0.07964621255431542
-0.09434802752735647,0.9694796485548698,-0.09434832014156404,0.7309391491764983,-0.09436463023289417,1.476229892471005,-0.0943646525690703
-0.11010617371023926,0.9589935524171619,-0.11010649026689434,0.7152630332454224,-0.11012384808753363,1.4605584289427187,-0.11012387684038624
-0.12677796149278805,0.947901106842597,-0.12677829647567515,0.6986721284829512,-0.12679630906794442,1.4439745643182522,-0.12679633828400477
-0.14422142033968433,0.9362970583475126,-0.1442217690459388,0.6813068937002843,-0.1442399797257093,1.4266189798811475,-0.14424000407659962
-0.16228309700098772,0.9242837689674919,-0.16228345424521776,0.6633193571689368,-0.16230136795077937,1.408643859049515,-0.1623013761205489
-0.18080116027619364,0.9119691638466547,-0.18080151788333645,0.6448700541326813,-0.180818605672047,1.3902098331828263,-0.1808185857914265
-0.1996085311215619,0.8994646443701589,-0.19960888349828357,0.6261249051912806,-0.19962459679824268,1.371482857765805,-0.19962453723923573
-0.2185360041996698,0.886883022965389,-0.2185363489875539,0.6072521078630648,-0.21855013755109476,1.3526311110944895,-0.21855002524165332
-0.23741528017548494,0.874336492928796,-0.23741561765783195,0.588419120291636,-0.2374269366631011,1.3338219853904947,-0.23742676112255387
-0.25608188854773445,0.8619346625187304,-0.2560822205867596,0.5697897559343196,-0.25609053210680743,1.3152191694486086,-0.25609028684777807
-0.274377920039526,0.8497827504214146,-0.27437824830508195,0.5515214492276097,-0.27438303504460054,1.2969799239062358,-0.27438271907868045
-0.2921545490492161,0.8379798996692706,-0.2921548826710268,0.5337627266000221,-0.29215565382797737,1.279252558892557,-0.2921552667744934
-0.3092743347643427,0.8266176546104489,-0.30927467720029067,0.5166509179212392,-0.3092709856005269,1.2621741526275958,-0.3092705265005461
-0.32561321441938734,0.8157786282551777,-0.32561356577760636,0.500310157042345,-0.3256050140571568,1.2458685495041315,-0.3256044811568459
-0.34106221623983707,0.805535359545363,-0.3410625764381517,0.4848496557280696,-0.34104882158600036,1.2304446460367742,-0.3410482160828687
-0.3555288387470089,0.7959494013149597,-0.3555292061248894,0.47036231195723416,-0.35550996389593437,1.21599500590545,-0.35550928539873067
-0.3689381013367972,0.7870706211131637,-0.36893847404449015,0.45692364962379783,-0.36891351799432204,1.2025948056902918,-0.3689127681210115
-0.3812332533349736,0.7789367254444542,-0.3812336296262227,0.44459109397150876,-0.38120279690371334,1.190301115746408,-0.38120197888133367
-0.3923761488013148,0.7715730191702406,-0.3923765268965733,0.4334035809516358,-0.39233971913497323,1.1791525177350493,-0.39233883735619124
-0.40234728421300825,0.7649923797986578,-0.40234766226426105,0.4233815029334074,-0.40230484535129407,1.1691690549585578,-0.40230390533219024
-0.41114744477206566,0.7591942147995271,-0.41114782067345185,0.41452599327052525,-0.41109909299481556,1.1603505292307703,-0.4110981022559451
-0.4187965211167134,0.7541651807937303,-0.4187968928761118,0.4068199527133517,-0.4187425041108496,1.1526790435250858,-0.41874147110506793
-0.42533123351098173,0.7498806677637415,-0.42533159916596763,0.4002289846561333,-0.4252719587749711,1.1461195085190796,-0.425270892630601
-0.43080390950298186,0.7463056792732067,-0.4308042671238639,0.39470305028773656,-0.43073993043553316,1.1406212520193524,-0.43073884061240014
-0.4352808963385947,0.743395881835138,-0.4352812442353546,0.39017793432587894,-0.43521289622406095,1.1361195159267226,-0.43521179243757
-0.43884096311022525,0.7410986719122157,-0.4388412998821363,0.3865768121667853,-0.43876973773789396,1.1325370294494213,-0.43876862948204837
-0.4415735458217378,0.7393543471155327,-0.44157386996034964,0.38381197935065947,-0.441499983952981,1.1297857427149267,-0.44149887999361087
-0.44357687072918983,0.7380973581392073,-0.44357718118328876,0.3817867049242028,-0.4435019340328372,1.1277686836985743,-0.44350084358281905
-0.44495599274328995,0.7372576160995143,-0.4449562883812949,0.380397176380678,-0.4448806967833996,1.1263819010770053,-0.44487962818188387
-0.44582078458904195,0.7367618326246438,-0.4458210650462927,0.3795344976448762,-0.44574617845584374,1.1255164634136885,-0.4457451391989269
-0.4462839160613871,0.7365348700702748,-0.44628418128156433,0.3790867058191198,-0.446211061221119,1.125060470309222,-0.44621005858637547
-0.44645885380749806,0.7365010724670781,-0.4464591046479963,0.3789407675765239,-0.4463888040437328,1.1249010451217605,-0.4463878459277107
-0.44645792119073235,0.7365855612491479,-0.44645815814453005,0.3789845213259928,-0.44639170339809986,1.1249262724006535,-0.44639079720390484
-0.4463904416110818,0.7367154699431497,-0.44639066569784275,0.3791085416478141,-0.44632903902695537,1.125027053644845,-0.4463281910710589
-0.4463610037021591,0.7368211015891163,-0.4463612162543969,0.3792078857554447,-0.4463053400982627,1.1250988448173787,-0.4463045550076304
-0.446467865124268,0.7368369916392576,-0.4464680673109089,0.37918370478671953,-0.44641878914008576,1.1250432600427687,-0.4464180703270656
-0.4468015232542848,0.7367028589260318,-0.4468017159649792,0.3789446923762078,-0.4467597954961906,1.1247695082835238,-0.4467591454552725
-0.447443468259879,0.7363644358841409,-0.4474436527068751,0.37840835384121746,-0.4474097507467363,1.1241956516132765,-0.44740917081999243
-0.4484651363503261,0.7357741657309138,-0.44846531368504566,0.3775020774593899,-0.4484399831530934,1.1232496659963835,-0.4484394733152358
-0.449926898607112,0.7348918643223841,-0.4499270700077324,0.37616399999400085,-0.449910749294868,1.1218703584457634,-0.44991030861331566
-0.45187762350275884,0.7336850217787524,-0.4518777900760948,0.3743437458611766,-0.4518707987504112,1.1200079867381578,-0.45187042530889904
-0.4543542769223493,0.7321290672492176,-0.454354439660931,0.372002762327848,-0.454356976271275,1.117624627069198,-0.4543566672810211
-0.4573811685569291,0.7302080603456094,-0.45738132841207124,0.3691151043991767,-0.45739335605600523,1.1146950615964348,-0.4573931079500998
-0.46097059428392967,0.7279140574423616,-0.46097075244703967,0.3656668214913877,-0.46099200907550925,1.1112060334195386,-0.46099181754004487
-0.46512047025737246,0.7252487614324559,-0.4651206283291725,0.3616557413119627,-0.4651504074209061,1.1071560191741294,-0.46515026562567174
-0.46981713858155,0.7222213123948826,-0.4698172975215804,0.35709263652148604,-0.4698547154259572,1.1025567885080703,-0.46985461551583685
-0.47503647555082557,0.7188478169056718,-0.47503663697351456,0.35199894855021324,-0.475080654282533,1.0974306889847216,-0.4750805877708716
-0.48074470457438345,0.7151508062096456,-0.4807448700850825,0.3464060132428042,-0.4807943158299134,1.0918098615380005,-0.48079427374034145
-0.4868993442532289,0.7111586032916711,-0.48689951628651557,0.34035414583275764,-0.4869531150890548,1.0857353124967546,-0.4869530880898084
-0.49345027474871217,0.7069046129174255,-0.4934504548956148,0.3338916026047514,-0.49350685217378504,1.0792558676233612,-0.49350683264130857
-0.5003408937007681,0.7024265506137384,-0.5003410839195408,0.3270734450909452,-0.5003988761065187,1.0724270317907227,-0.5003988535224395
-0.5075093466497002,0.69776562441115,-0.5075095473545608,0.3199603260781544,-0.5075673075533618,1.065309771533888,-0.5075672721182373
-0.5148897980804642,0.6929656872255907,-0.5148900102875551,0.31261722428648175,-0.5149463136353106,1.0579692497278779,-0.5149462546157899
-0.5224137296111073,0.6880723729000553,-0.5224139541366405,0.30511215266033487,-0.5224674012596421,1.050473534365174,-0.5224673084795195
-0.5300112341339317,0.683132234344535,-0.5300114706813444,0.2975148548960196,-0.5300607138526112,1.0428923027600523,-0.5300605779012868
-0.5376122910316805,0.6781918962736887,-0.5376125376103268,0.28989552640415034,-0.5376563040073585,1.0352955619724542,-0.5376561142763264
-0.545147992293374,0.6732972363899589,-0.5451482480841099,0.28232356837543443,-0.5451853570597709,1.0277524149317643,-0.5451851055510782
-0.5525517111666365,0.6684926074792961,-0.5525519745925285,0.27486640071850243,-0.5525813559620936,1.0203298823203537,-0.5525810361406199
-0.5597601887680134,0.6638201145578396,-0.5597604582753013,0.26758835006101006,-0.5597811671268046,1.0130917983955405,-0.5597807737880751
-0.566714521999969,0.6593189583275649,-0.5667147962429719,0.2605496351786926,-0.5667260254592834,1.0060978113063603,-0.5667255543235038
-0.5733610401250656,0.65502485038733,-0.5733613184898209,0.25380545735387916,-0.5733624088085935,0.9994024852500621,-0.5733618563407512
-0.5796520625570837,0.6509695102187593,-0.5796523437304746,0.24740521010980557,-0.5796427912727017,0.9930545226757355,-0.5796421562392498
-0.5855465250515526,0.6471802488299091,-0.5855468076900533,0.24139181601413445,-0.5855262672177167,0.9870961155131833,-0.5855255500064841
-0.5910104696610481,0.6436796435899025,-0.5910107528640492,0.23580119933805152,-0.5909790390348081,0.9815624319255515,-0.5909782412047999
-0.596017395106394,0.6404853048205613,-0.5960176780837148,0.23066189889880673,-0.595974763263076,0.9764812429106847,-0.5959738877245065
-0.6005484661303575,0.6376097372470958,-0.6005487480506956,0.22599482027009374,-0.6004947582381197,0.9718726878229562,-0.6004938094657939
-0.6045925830662522,0.6350602943600573,-0.6045928631519735,0.22181312955082105,-0.6045280709902667,0.967749182028333,-0.6045270547671641
-0.6081463161907472,0.6328392226151771,-0.6081465935923055,0.21812228353232221,-0.6080714092122151,0.9641154592036473,-0.6080703325233373
-0.6112167471630716,0.6309419445467107,-0.6112170210445872,0.21491862075163617,-0.6111319809541164,0.9609667712186845,-0.6111308518107171
-0.6138184713844267,0.629358677604789,-0.613818740930696,0.21219075622473582,-0.6137246090628177,0.9582906105778997,-0.6137234363430477
-0.6159726878616723,0.6280752525865771,-0.6159729522765494,0.20992052909054798,-0.6158706974620126,0.9560677717155917,-0.6158694906774128
-0.6177064441364178,0.627073606819667,-0.6177067027558029,0.20808362790113694,-0.6175974733901226,0.9542730145761813,-0.6175962425068012
-0.6190519818465332,0.6263322210073098,-0.6190522340713269,0.2066502092385295,-0.6189373306247785,0.9528756950785355,-0.6189360858915356
-0.62004601546917,0.625826600008949,-0.6200462608048379,0.20558558987989106,-0.6199271067776088,0.9518404664163469,-0.6199258585778523
-0.6207289595186871,0.6255297881926526,-0.6207291975928133,0.20485099830662698,-0.6206073093382207,0.9511280367838028,-0.620606068005528
-0.6211441196488497,0.6254129084849216,-0.6211443501800193,0.20440436923950334,-0.6210213063847873,0.9506959680221083,-0.6210200819353108
-0.6213368626376532,0.625445715681935,-0.6213370855197983,0.20420116729889592,-0.6212144965090226,0.9504995000616961,-0.6212132985037936
-0.6213537797699683,0.6255971540061234,-0.6213539948348027,0.20419522404416524,-0.6212334728223475,0.9504923865861795,-0.6212323101325776
-0.6212418591940743,0.6258359085305443,-0.6212420662207444,0.20433957322681454,-0.6211251963257871,0.9506277263440125,-0.6211240770144653
-0.6210476799069008,0.6261309420293594,-0.6210478787888087,0.2045872711208329,-0.6209361914528647,0.9508587771724505,-0.6209351226718712
-0.6208166415666352,0.626452007894589,-0.6208168323839172,0.20489218664184278,-0.6207117778044363,0.9511397379641541,-0.6207107657940903
-0.6205922419936891,0.6267701314550449,-0.6205924248712577,0.2052097501139209,-0.6204953498602829,0.9514264866696567,-0.6204943999818996
-0.6204154117117705,0.6270580527385663,-0.6204155867803886,0.20549764939155954,-0.6203277143622404,0.9516772647915142,-0.6203268307793924
-0.620323916699163,0.6272906241367502,-0.6203240843610011,0.2057164620500502,-0.6202464958257975,0.9518532962599398,-0.6202456816649092
-0.6203518367542065,0.6274451575626268,-0.6203519974548957,0.20583021576989494,-0.6202856178757145,0.9519193332097432,-0.620284875155174
-0.6205291249306342,0.6275017174660205,-0.6205292791187249,0.20580687003596412,-0.6204748660445815,0.9518441224146297,-0.6204741956250177
-0.6208810821573563,0.6274434604196798,-0.6208812303318464,0.20561871297832038,-0.6208393656192165,0.951600785901104,-0.6208387672448034
-0.6214282763205577,0.6272566990926965,-0.6214284189476508,0.2052427594439497,-0.6213995040345157,0.9511672266099908,-0.6213989763912678
-0.6221863702457454,0.6269310164030133,-0.6221865078820646,0.2046608736541158,-0.6221707622906886,0.9505262100952848,-0.6221703030503349
-0.6231654692098889,0.6264598904641772,-0.6231656024643556,0.20386009599504243,-0.6231629511561879,0.9496661174566525,-0.6231625571244738
-0.6243707388932458,0.6258400784019286,-0.6243708684242587,0.2028328361400863,-0.624380954547152,0.9485803218119188,-0.6243806216987103
-0.6257996721302383,0.6250733952114444,-0.6257997985447019,0.20157642244577023,-0.6258217958165628,0.9472670684558412,-0.6258215193328883
-0.6274450953887524,0.6241646132142629,-0.6274452194782242,0.20009453509935396,-0.6274780726456135,0.9457312965888537,-0.6274778471472572
-0.6292956782873469,0.623121267260275,-0.6292958008058566,0.19839530250402734,-0.6293382531274385,0.9439822919396575,-0.629338072538528
-0.6313362863916226,0.6219534203968695,-0.6313364079977064,0.1964909935161529,-0.6313870307557967,0.9420333627240566,-0.6313868885362823
-0.6335483873939983,0.6206733930349677,-0.6335485086383914,0.19439764736713563,-0.6336057329173338,0.9399014563360442,-0.6336056221439268
-0.6359105008623538,0.6192954643675636,-0.635910622259474,0.19213465386702974,-0.6359727717922984,0.9376067284770104,-0.6359726852612767
-0.6383986823439147,0.6178355506819473,-0.6383988044016801,0.18972429078486486,-0.6384641284681706,0.935172072675962,-0.6384640591990751
-0.6409870334320049,0.6163108660497443,-0.6409871565073952,0.1871912266964356,-0.6410538637810315,0.9326226181273156,-0.6410538050761023
-0.6436482247920473,0.614739574541147,-0.6436483491423056,0.18456200387836288,-0.6437146408647635,0.9299852099798744,-0.6437145864075435
-0.646354027693211,0.6131404370483705,-0.646354153405598,0.1818645037092427,-0.6464182557010644,0.927287875502518,-0.6464181994764684
-0.6490758400503641,0.6115324614441159,-0.6490759670202119,0.1791274115616719,-0.64913616100415,0.92455929147371,-0.6491360975404177
-0.6517852008171152,0.6099345608571679,-0.6517853291115498,0.17637968450426697,-0.6518399789839765,0.9218282583926365,-0.6518399035139837
-0.6544542840486302,0.6083652252042714,-0.654454413487283,0.1736500345726824,-0.6545019929484366,0.9191231912334732,-0.6545019013856151
-0.6570563623844604,0.6068422132017057,-0.6570564927124628,0.1709664354911937,-0.6570956083248307,0.916471636999282,-0.657095496900922
-0.6595662371377469,0.6053822666505388,-0.6595663678443662,0.16835565901971247,-0.6595957787895412,0.9138998224868883,-0.6595956445290854
-0.6619606256055116,0.6040008531628546,-0.6619607562000603,0.1658428480763704,-0.6619793908654442,0.9114322414810292,-0.6619792315663441
-0.6642185013958394,0.6027119399009644,-0.6642186314606573,0.16345113404975697,-0.6642256004259903,0.9090912869060962,-0.6642254145189201
-0.6663213843892529,0.6015278009773029,-0.6663215135105373,0.16120130186731668,-0.6663161193458457,0.9068969317542772,-0.6663159057849898
-0.6682535756794805,0.6004588612508938,-0.668253703516162,0.15911150830490117,-0.668235446505614,0.9048664641011734,-0.6682352048704727
-0.6700023370791384,0.5995135773924962,-0.6700024632069506,0.15719705469716322,-0.6699710437694728,0.9030142767999542,-0.6699707741929674
-0.6715580126107203,0.5986983570426304,-0.6715581366405646,0.15547021733547084,-0.6715134539828177,0.9013517150785966,-0.6715131571448921
-0.6729140928076418,0.5980175162869923,-0.672914214371472,0.15394013606114917,-0.6728563618493534,0.8998869818550983,-0.6728560389538942
-0.6740672225082147,0.5974732745395344,-0.674067341253309,0.15261276067775942,-0.6739965985235851,0.8986251006645147,-0.6739962512684885
-0.6750200727092776,0.5970640135841099,-0.6750201883234579,0.15149059123042746,-0.674937130001363,0.8975659575671876,-0.674936760538712
-0.6757787650346325,0.5967857111676791,-0.675778877253978,0.15057170705845038,-0.6756843583552222,0.8967064501638929,-0.6756839693387063
-0.6763520465359055,0.5966324968691924,-0.6763521551427968,0.1498507116196885,-0.6762472996949264,0.8960400349832709,-0.6762468941340826
-0.676751160229018,0.5965968568632133,-0.6767512650492786,0.14931943443457382,-0.6766374080401769,0.8955574995763752,-0.6766369891939954
-0.6769894078283999,0.5966699081605273,-0.6769895087288068,0.14896725245136921,-0.6768681643570549,0.8952473211402024,-0.6768677356717683
-0.6770818565759766,0.5968415941443294,-0.6770819534739156,0.14878135155157973,-0.6769547814633883,0.8950959383889658,-0.6769543464994283
-0.6770450255171513,0.5971008937232832,-0.6770451183639152,0.1487470169500875,-0.676913889026636,0.8950880492796685,-0.6769134514087914
-0.67689655780365,0.5974360397393916,-0.6768966466122339,0.14884794611439459,-0.6767632052599856,0.8952069282831403,-0.6767627685779953
-0.6766548854815984,0.5978347423372876,-0.6766549703033726,0.14906657772171072,-0.676521201657965,0.8954347566653443,-0.6765207694019528
-0.6763388919935381,0.5982844138218731,-0.6763389729106521,0.14938443124799014,-0.6762067660999476,0.8957529604683133,-0.6762063416602722
-0.6759675793385237,0.5987723903073624,-0.6759676564789564,0.14978244976708274,-0.6758388712560435,0.896142549058481,-0.6758384578410864
-0.6755597446257795,0.5992861471430069,-0.6755598181690048,0.150241340853736,-0.6754362528386766,0.8965844491578799,-0.6754358534419969
-0.675133671531084,0.5998135043149571,-0.6751337417268305,0.15074190961278297,-0.675017103317902,0.8970598285453433,-0.6750167206626578
-0.67470684146553,0.6003428186787696,-0.6747069085855516,0.15126537821305125,-0.6745987856720362,0.8975504042250728,-0.6745984221613178
-0.6742956686503842,0.6008631602687144,-0.6742957329858031,0.15179368702958068,-0.674197571479489,0.8980387302785824,-0.6741972291825066
-0.6739152628860929,0.6013644700784005,-0.6739153247532714,0.15230977282292768,-0.673828407072507,0.898508461197188,-0.6738280876675229
-0.6735792230215094,0.6018376973965764,-0.6735792827494658,0.15279782011536625,-0.6735047105275416,0.8989445871455319,-0.6735044153134541
-0.6732992918575725,0.6022750195235129,-0.673299349770035,0.15324348181128608,-0.673238030450841,0.8993336376111782,-0.6732377603273075
-0.6730854020241932,0.6026698215157212,-0.6730854584388939,0.15363406739412286,-0.6730380953859935,0.8996638527717883,-0.6730378508498706
-0.6729455750444591,0.6030168083680978,-0.6729456302736722,0.15395877484492945,-0.6729126492666032,0.8999254296809105,-0.672912430266547
-0.6728852879179831,0.6033124621066973,-0.6728853422722503,0.15420873408361577,-0.6728668467531433,0.9001105010830295,-0.6728666528729383
-0.6729080552751107,0.6035546254193206,-0.672908109042804,0.15437707351815802,-0.6729038918305151,0.9002136364481617,-0.6729037223047883
-0.6730139791958011,0.6037434017399048,-0.6730140326160067,0.15445953219789132,-0.6730232672902737,0.9002316390569525,-0.6730231206907505
-0.6731997951951699,0.6038809425902537,-0.6731998484780969,0.15445385422475297,-0.6732214567026172,0.900163267793968,-0.6732213313263903
-0.6734606525779653,0.6039704494332848,-0.6734607059256094,0.1543597503069415,-0.6734933858111022,0.900009931138473,-0.6734932797210299
-0.6737902585993218,0.60401607829896,-0.6737903122070759,0.15418040099029987,-0.6738325695176481,0.8997760299920858,-0.6738324805822198
-0.6741810425487348,0.6040228312671965,-0.6741810965513534,0.15392067199911202,-0.6742312781368098,0.8994675205569019,-0.6742312040576357
-0.6746243356460866,0.603996437408784,-0.67462439012152,0.15358696592799795,-0.6746807187540396,0.8990917522707045,-0.6746806571573575
-0.6751105633416653,0.603943225554723,-0.675110618304765,0.15318705297712748,-0.6751712284812392,0.8986572875531454,-0.6751711769603376
-0.6756294461571212,0.6038699914028663,-0.6756295015422578,0.15272988451214278,-0.6756924754873667,0.8981737072486549,-0.6756924315754864
-0.6761702055053138,0.6037838612743862,-0.6761702612483534,0.15222539292495837,-0.676233664579759,0.8976514055782586,-0.6762336257719517
-0.6767217708458918,0.6036921550777637,-0.6767218269132182,0.1516842816501677,-0.6767837431541706,0.8971013782936517,-0.6767837070164776
-0.6772729843577113,0.603602250892468,-0.6772730406994965,0.15111780960961083,-0.677331604400803,0.896535008211486,-0.6773315685732426
-0.6778127997903283,0.60352145329654,-0.6778128563543995,0.15053757377247642,-0.6778662840209169,0.8959638516436776,-0.6778662463376901
-0.6783304719958647,0.6034568679442824,-0.6783305287018611,0.14995529392492657,-0.678377147320096,0.895399429945055,-0.6783771057866728
-0.6788157347791732,0.6034152838263824,-0.6788157915780728,0.1493826027739437,-0.6788540641684021,0.8948530286238676,-0.678854016989975
-0.6792589638180305,0.6034030654299707,-0.6792590206528423,0.14883084551257522,-0.6792875685895772,0.8943355082921538,-0.6792875141988699
-0.6796513231175908,0.6034260557781912,-0.679651379926419,0.1483108909454964,-0.679669001706408,0.8938571291218301,-0.6796689387532701
-0.6799848921775472,0.6034894922598081,-0.6799849488832204,0.14783295821318476,-0.6799906351961559,0.8934273923972118,-0.6799905625706395
-0.6802527733959366,0.6035979355183902,-0.6802528298979484,0.14740646018645284,-0.6802457748466205,0.8930549003128009,-0.6802456916694962
-0.6804491775764162,0.6037552128124938,-0.6804492337694448,0.1470398668807154,-0.680428842127321,0.8927472366646858,-0.6804287477775365
-0.6805694875509618,0.6039643758716853,-0.6805695433184629,0.146740589656381,-0.6805354339407983,0.8925108690636845,-0.68053532804288
-0.6806102991880644,0.604227673727409,-0.6806103544017482,0.146514888052369,-0.6805623598069623,0.8923510741050137,-0.6805622422499933
-0.6805702381121521,0.6045461784254104,-0.6805702926428261,0.14636779897500213,-0.6805086857866992,0.892271884896504,-0.6805085569919396
-0.6804503940563684,0.6049193066021457,-0.6804504477867923,0.1463030906719674,-0.68037589205151,0.8922749734087767,-0.6803757528945773
-0.6802541244148655,0.6053448637995267,-0.6802541772351944,0.14632266307491745,-0.6801676217380022,0.8923599255050906,-0.6801674733282663
-0.6799859743595111,0.6058198460101256,-0.6799860261657444,0.14642616886036336,-0.6798886637028152,0.8925250830437389,-0.679888507298705
-0.6796513219915123,0.606340610515367,-0.6796513726895228,0.146611980405941,-0.6795446319923371,0.8927673798407069,-0.6795444689824159
-0.6792562789829887,0.6069030320032358,-0.6792563284893898,0.14687700470868667,-0.6791418341888549,0.8930825420371207,-0.6791416660606691
-0.6788075008596395,0.6075026395790006,-0.6788075491027357,0.1472170356381118,-0.6786870680996955,0.8934654761439028,-0.6786868964039583
-0.678312034005288,0.608134703963644,-0.6783120809219508,0.1476270078536109,-0.6781874857834451,0.8939103897557226,-0.6781873121043066
-0.6777771849062441,0.6087943250767994,-0.6777772304456772,0.1481011104965936,-0.6776504622916237,0.8944109120151597,-0.6776502882165945
-0.6772103891717179,0.6094765196617002,-0.6772104332953462,0.14863290993690018,-0.6770834648503056,0.8949602199726627,-0.677083291947877
-0.6766190829527982,0.610176307238578,-0.6766191256337876,0.14921547892214046,-0.6764939250827428,0.8955511682755993,-0.676493754872414
-0.6760105789747834,0.610888792954246,-0.6760106202008084,0.14984152962038635,-0.6758891164162075,0.8961764198023295,-0.675888950342036
-0.6753919489918003,0.6116092460729794,-0.6753919887646499,0.15050354821505343,-0.6752760384694121,0.8968285750276612,-0.675275877881076
-0.6747698867922419,0.612333176304448,-0.6747699251293473,0.15119392989629435,-0.6746612607714563,0.8975002991133653,-0.6746611068777512
-0.6741505675333305,0.6130564447643323,-0.6741506044695729,0.15190510702409368,-0.6740508053710238,0.8981844398753367,-0.6740506592237372
-0.6735395624361808,0.6137753238394624,-0.6735395980179059,0.1526296758687765,-0.6734500927033253,0.8988741421143888,-0.6734499552083469
-0.6729418425015268,0.6144865648238645,-0.6729418767856641,0.15336051449178384,-0.6728638146397465,0.8995629512964209,-0.6728636864856328
-0.6723615156079393,0.6151875163188459,-0.6723615486658808,0.15409089209908278,-0.6722957539383885,0.9002449071139934,-0.6722956355905929
-0.671801749967328,0.6158761480511178,-0.6718017818825863,0.15481456832108756,-0.671748683795064,0.9009146256664654,-0.6717485752131731
-0.6712642663856301,0.6165514871976945,-0.6712642972530873,0.15552587821919345,-0.6712237242614197,0.9015674472153523,-0.6712236251229868
-0.6707493792194104,0.6172134717552005,-0.670749409139795,0.1562198271971364,-0.670720653820144,0.9021995303240075,-0.670720563553825
-0.670256123667615,0.6178628621484011,-0.6702561527429247,0.15689219872462354,-0.6702380496201688,0.9028080161176546,-0.6702379674479311
-0.6697824160292137,0.6185011325744711,-0.6697824443515752,0.15753965241214776,-0.6697734572664487,0.903391034778053,-0.6697733822518104
-0.6693253027656683,0.6191301891740961,-0.6693253304202552,0.15815989022936575,-0.6693237900766844,0.9039475199798171,-0.669323721232108
-0.6688814775418878,0.6197521666474912,-0.6688815046095457,0.15875155317924083,-0.6688856427102369,0.9044771140090534,-0.668885579020666
-0.6684473527361334,0.6203693820204654,-0.6684473792996009,0.1593140320954579,-0.6684553629888637,0.9049805283922406,-0.6684553034211324
-0.6680191328062648,0.6209842870975227,-0.6680191589362248,0.15984758470722446,-0.6680291251250261,0.9054597923527561,-0.6680290686429672
-0.6675928884710547,0.6215994203777825,-0.6675929142274242,0.16035392149435024,-0.6676030032092021,0.9059180498081651,-0.6676029487939167
-0.6671646309489038,0.6222173589528935,-0.6671646563943682,0.1608360001616902,-0.6671730441823556,0.9063591878112685,-0.6671729908547781
