0.0,1.0323,0.0,0.8247,0.0,1.57,0.0
-0.0003651883672448115,1.032056630208841,-0.0003651951201778101,0.8243360180287947,-0.0003652410514596298,1.5696359565204567,-0.0003652476956300582
-0.0014188472178979956,1.0313544990993289,-0.0014188636713254816,0.8232858400854198,-0.0014190547394758572,1.568585597319295,-0.0014190734643923422
-0.0034366629269456223,1.0300099773004245,-0.0034366976024505186,0.8212746834672907,-0.0034371718556895515,1.5665740951477054,-0.003437209433112414
-0.006642726784644316,1.027873858272655,-0.00664278669154029,0.81807919310863,-0.0066437220149113,1.563378057366675,-0.006643781939083382
-0.011206933310401578,1.024833076205153,-0.011207023836971936,0.8135299057757146,-0.011208626019733995,1.5588280252718127,-0.011208711313689244
-0.017244568594006714,1.0208109837003003,-0.017244695756334517,0.807511799270886,-0.01724718743242968,1.5528089861511774,-0.017247302067638644
-0.02481656557497509,1.0157673688387752,-0.024816731146812415,0.7999640464450966,-0.024820234646132106,1.5452602418391306,-0.02482038055893963
-0.03393234352594899,1.0096963385035167,-0.033932547664376436,0.7908771797700141,-0.03393708832234637,1.5361724480216132,-0.03393726380344646
-0.044551151850168294,1.0026252959014919,-0.04455139104053072,0.7802907368738579,-0.04455690210642857,1.5255855323182146,-0.044557106039699174
-0.05658893352521352,0.9946104912908077,-0.05658920541783442,0.7682875595502555,-0.0565955431247193,1.5135826768120284,-0.056595774014074604
-0.06992374215164363,0.9857334193699937,-0.0699240365332326,0.7549884123689466,-0.06993099296893433,1.5002849350739498,-0.06993124572524684
-0.08440176279197374,0.9760967888131875,-0.0844020656871284,0.7405459869664783,-0.08440937084078474,1.4858452455632027,-0.08440961852934342
-0.09984382541255653,0.9658201573328687,-0.09984412771506267,0.7251383673902954,-0.09985148030936625,1.470441872458412,-0.09985167923675824
-0.11605211177201497,0.9550354940040108,-0.11605240789102117,0.70896243065857,-0.1160594690075141,1.4542718010262725,-0.11605958521935693
-0.13281689833220323,0.9438826844806785,-0.13281717041718225,0.6922270807013658,-0.13282357829358432,1.4375439967788006,-0.13282358725155263
-0.1499231521784301,0.9325051132478777,-0.14992338420263748,0.675146679996417,-0.14992876220787302,1.4204728538974074,-0.1499286233503357
-0.16715677417594751,0.9210455071253314,-0.16715695564973163,0.6579347944647117,-0.16716091802298869,1.403271880997188,-0.16716061463713566
-0.18431043160808175,0.909642072727225,-0.18431054176863182,0.6407983899921713,-0.18431271734258647,1.3861479434476838,-0.18431223451542023
-0.20118872682867023,0.8984250158637354,-0.2011887571573403,0.6239326175836034,-0.20118879094298986,1.369296070753922,-0.20118812563923874
-0.21761276148148836,0.8875135332771261,-0.21761270606076594,0.607516298891534,-0.21761026994942592,1.3528949107052637,-0.21760942280369455
-0.23342384276775074,0.8770133057961308,-0.23342370370003415,0.5917081604330653,-0.23341850705406952,1.3371029980170568,-0.2334174910709439
-0.248486469779594,0.8670145475854893,-0.24848625421659,0.5766438664004385,-0.24847805465224262,1.3220557830334214,-0.24847688510383467
-0.2626904256250203,0.8575906097119649,-0.2626901479961728,0.5624339184863553,-0.2626787522581903,1.3078635344640865,-0.26267744660452547
-0.27595206231034225,0.8487971292759415,-0.2759517383279443,0.5491623515861797,-0.2759370089519177,1.2946100492987573,-0.27593558584205147
-0.2882147656645211,0.8406717195536374,-0.2882144115875583,0.5368862457811299,-0.28819626354218403,1.2823521717885178,-0.28819474437827325
-0.29944865888790395,0.8332341682120815,-0.29944829061707656,0.5256360055071277,-0.29942669282153617,1.2711200812486019,-0.29942510096290487
-0.30964960336408603,0.8264871082675378,-0.30964923586691995,0.5154163412577006,-0.30962420907190935,1.260918273975504,-0.3096225693118146
-0.318839704662019,0.8204158093354225,-0.3188393513291206,0.5062067735324698,-0.31881096433045863,1.2517257924726022,-0.31880930163962196
-0.3270633408887015,0.8149904990852699,-0.32706301399570464,0.4979644388683098,-0.327031492641954,1.2434992362954507,-0.3270298313177258
-0.33438388866345364,0.810168757910128,-0.3343835986275231,0.49062733270378733,-0.33434930784190925,1.2361761391154733,-0.33434767103561525
-0.34088101765507856,0.8058973408310626,-0.34088077298439934,0.48411712013701785,-0.3408441960851588,1.2296777502773362,-0.3408426048652705
-0.34664718086386337,0.8021145029783702,-0.3466469871102176,0.47834247721572204,-0.34660870382799375,1.223912420649659,-0.3466071765845545
-0.35178428141723966,0.7987522218338954,-0.3517841427440669,0.4732024090317364,-0.3517448054418279,1.218778923377697,-0.35174335656396394
-0.35640031909532816,0.7957384343859832,-0.3564002370542827,0.4685895938788597,-0.3563605464970216,1.2141697978858095,-0.3563591887261245
-0.3606061058038164,0.7929992275909543,-0.3606060803893356,0.46439366687942074,-0.36056676223261197,1.2099746302091252,-0.360565505138887
-0.3645121357746954,0.7904609241317041,-0.3645121651194798,0.4605043534784499,-0.36447394738445577,1.2060831818409898,-0.364472796618807
-0.368225679938824,0.7880520167278061,-0.3682257601791806,0.4568143854819159,-0.3681893526336426,1.202388298954061,-0.36818831028390847
-0.37184817215070465,0.7857049094685811,-0.3718482982999931,0.4532221289605505,-0.37181437342416684,1.198788532682113,-0.3718134380215448
-0.3754729375026748,0.783357430494606,-0.37547310341338647,0.44963387692133794,-0.3754422798664444,1.1951904227238939,-0.3754414472405872
-0.3791830189859951,0.7809542621527282,-0.37918321775621183,0.4459659135976096,-0.37915604567445527,1.1915105829030364,-0.3791553100157882
-0.38304999179027527,0.778447747309315,-0.3830502162392807,0.44214587446074577,-0.383027166741464,1.1876770108254304,-0.3830265202601242
-0.3871328888016783,0.7757986011444138,-0.3871331313142747,0.4381138490642941,-0.3871145891659362,1.1836301795939954,-0.38711402227226366
-0.39147715064959954,0.7729767403405694,-0.39147740379765084,0.43382307217631794,-0.39146355802974375,1.1793238356897477,-0.3914630597966406
-0.39611462165472083,0.7699611958200411,-0.3961148782388376,0.42924078033973195,-0.39610572167187336,1.1747257063990941,-0.3961052810792963
-0.40106387961995715,0.7667398233379685,-0.40106413297530386,0.4243474845586964,-0.4010594743313642,1.169816767725025,-0.40105908049574196
-0.40633071433466894,0.7633089788130356,-0.4063309587083502,0.41913651481937053,-0.4063304427142945,1.16459077505933,-0.40633008494747
-0.4119067902536495,0.7596742822112738,-0.41190702022363673,0.413614351612993,-0.41191015020665567,1.159054871119066,-0.4119098183982786
-0.4177730774074128,0.7558484648391219,-0.41777328789686186,0.40779835897115474,-0.4177794501790996,1.1532269942934634,-0.41777913419863194
-0.423901164553519,0.7518504934743302,-0.42390135092311726,0.40171550264816447,-0.4239098405396958,1.1471345894769915,-0.42390953163904777
-0.43025473431895483,0.7477045900932373,-0.43025489400255923,0.39540090060088884,-0.4302649377374099,1.1408131517480855,-0.430264629178382
-0.4367911447883396,0.7434391727171462,-0.436791278569228,0.3888962523780503,-0.43680206416320755,1.134304649894185,-0.4368017485776524
-0.4434630725581312,0.7390857671019148,-0.4434631803826603,0.3822482073618563,-0.4434738844799114,1.1276559018651682,-0.4434735545137783
-0.45022016319411434,0.734677905815443,-0.4502202440801596,0.3755067097063433,-0.4502300556524698,1.120916917335308,-0.4502297062240065
-0.4570106494145446,0.7302500512155984,-0.4570107040350972,0.36872337717465486,-0.45701884347085114,1.1141392822486855,-0.45701847061222794
-0.4637828916982583,0.7258365723966353,-0.4637829219748808,0.36194994015726656,-0.46378866026153903,1.1073746113410206,-0.4637882627593576
-0.4704868091107231,0.7214707921094509,-0.4704868174057788,0.3552367987447787,-0.47048949389186523,1.1006731054748664,-0.4704890742457296
-0.47707516368888603,0.7171841315150426,-0.4770751533724369,0.3486317077168056,-0.4770741917810855,1.0940822536257788,-0.47707375200439206
-0.4835046791755607,0.7130053680298872,-0.48350465282201877,0.34217863270005466,-0.48349957285791456,1.0876456989289418,-0.4834991146757505
-0.48973697261445315,0.7089600156018607,-0.4897369320112365,0.33591678577698997,-0.48972735550494495,1.0814022901767568,-0.4897268801054638
-0.49573928635934805,0.7050698394456633,-0.4957392334247168,0.3298798635237659,-0.4957248872954216,1.0753853281688799,-0.49572439762086923
-0.5014850187290141,0.7013525041706019,-0.5014849549248868,0.3240954819175547,-0.501465672146502,1.0696220168949284,-0.5014651709288057
-0.5069540486319308,0.6978213595177537,-0.5069539751889203,0.3185848192129331,-0.506929691962861,1.06413311771021,-0.5069291828551962
-0.5121328607306744,0.6944853560811223,-0.5121327789336292,0.3133624580460151,-0.5121035306014422,1.0589328018579727,-0.5121030174914297
-0.5170144852377107,0.6913490891470225,-0.517014396271356,0.3084364177516873,-0.5169803102517785,1.0540286955655054,-0.5169797965775748
-0.5215995647609246,0.6884121602783047,-0.5215994698775579,0.3038075816427056,-0.5215608033358112,1.0494207091029493,-0.5215602929843385
-0.5258953430434187,0.6856698218663407,-0.5258952436470845,0.29947060736483927,-0.5258523196690393,1.0451029559360625,-0.5258518162986722
-0.5299141980260373,0.6831138967242083,-0.5299140954447051,0.29541480265693787,-0.5298672903937118,1.0410642825797953,-0.5298667973418905
-0.5336729815669294,0.6807332169939729,-0.5336728771050222,0.2916247549864139,-0.5336226075432777,1.0372889049743923,-0.5336221279007115
-0.5371922846163759,0.6785141130166795,-0.5371921795751501,0.2880810451878215,-0.5371388887251796,1.0337571261732281,-0.5371384251782795
-0.5404960092484611,0.6764405731927927,-0.5404959046018277,0.2847606946792108,-0.5404401229704482,1.0304457013221868,-0.5404396774910073
-0.5436103720131563,0.6744949815024797,-0.543610268694077,0.28163808986780675,-0.5435526324365046,1.027328822537788,-0.5435522064759901
-0.546562850786764,0.6726588929753624,-0.5465627497441893,0.27868607576146587,-0.5465039751670426,1.024379242694143,-0.5465035697922525
-0.5493813855495803,0.6709135697094785,-0.5493812878082511,0.275876765394407,-0.549322145197679,1.0215690809718256,-0.5493217610933525
-0.5520936233883749,0.6692404860684976,-0.552093529884661,0.2731823128530472,-0.5520348177125975,1.0188705884940559,-0.5520344551107337
-0.5547262234595587,0.6676217938967108,-0.5547261347931713,0.27057563146538993,-0.5546686549579615,1.0162568577128368,-0.5546683135922235
-0.5573042355684071,0.6660407509217171,-0.5573041522517712,0.26803104295167923,-0.5572486869334288,1.0137024608537617,-0.5572483659484027
-0.5598500583188363,0.6644824825099533,-0.5598499807127983,0.2655248863327183,-0.5597971812438265,1.0111842556498212,-0.5597968794142226
-0.5623835072297328,0.6629339354058932,-0.5623834356019718,0.2630364649010022,-0.5623337907081156,1.0086819923830916,-0.5623335064967345
-0.5649215503506516,0.6613839490596011,-0.5649214850654728,0.2605478356935445,-0.5648753198093489,1.0061781926465234,-0.5648750513795028
-0.5674780782524262,0.659823405453502,-0.56747801958183,0.2580440723295855,-0.5674354990901467,1.0036583989348522,-0.5674352442535348
-0.5700637725920703,0.6582453134355452,-0.5700637206395401,0.25551342939482463,-0.5700248574459655,1.0011113254766122,-0.5700246139879582
-0.5726860700667307,0.6566448296758123,-0.5726860245427446,0.2529474090338328,-0.5726506896558112,0.9985289129748308,-0.572650455535002
-0.5753492164869228,0.6550192211686903,-0.5753491770321983,0.25034073531863776,-0.5753171140828185,0.9959062929062056,-0.5753168872402316
-0.5780534108628567,0.6533683820183842,-0.5780533768047951,0.24769124386220043,-0.5780241543550704,0.9932416681897512,-0.5780239328320145
-0.580794979995927,0.6516947023184662,-0.5807949507796553,0.2450001398383354,-0.5807680521749636,0.9905367606310762,-0.5807678342117194
-0.5835679344465141,0.6500021114932588,-0.5835679091745325,0.24227191315285995,-0.5835427536383503,0.9877965878719602,-0.5835425373453889
-0.5863643159365027,0.6482958482210829,-0.5863642938074007,0.23951328964470145,-0.5863402569578336,0.9850283120894812,-0.5863400412076953
-0.5891745765052613,0.6465822104699017,-0.5891745568042164,0.23673286689929568,-0.5891509919449139,0.9822408703411557,-0.5891507751774495
-0.5919879714930019,0.644868295303933,-0.5919879541561365,0.23394072731125734,-0.5919642112171754,0.9794445849802176,-0.5919639920767156
-0.5947929574918347,0.6431617352299287,-0.5947929422140099,0.23114803797098568,-0.5947683861942444,0.9766507648012709,-0.5947681636178846
-0.597577583227984,0.6414704381370955,-0.5975775696036791,0.22836664941663293,-0.5975515970575536,0.9738713063090613,-0.5975513700417252
-0.6003298630116445,0.6398023401179141,-0.6003298507572052,0.22560870437960545,-0.6003019043934893,0.9711183084362691,-0.6003016725775578
-0.6030381262268545,0.6381651734960277,-0.6030381151075951,0.2228862672205572,-0.6030076963697103,0.9684037096046676,-0.6030074600936763
-0.605691332234713,0.6365662574449394,-0.6056913221209689,0.22021098118540047,-0.6056580013036917,0.9657389538683018,-0.6056577608995172
-0.6082793466476434,0.6350123151959864,-0.608279337486363,0.217593761181197,-0.6082427608330627,0.9631346952693836,-0.6082425170209618
-0.6107931710080234,0.6335093202331394,-0.6107931628792548,0.21504452997820034,-0.6107530578748258,0.9606005442835119,-0.6107528113666553
-0.6132251282779598,0.632062373182091,-0.6132251212370599,0.21257199822808148,-0.6131812983439563,0.9581448600540651,-0.6131810501667919
-0.6155689977095072,0.6306756116654647,-0.6155689917234051,0.2101834932885508,-0.6155213443138104,0.9557745922271828,-0.6155210957020666
-0.617820100839801,0.6293521526754774,-0.6178200957750657,0.20788483852535083,-0.6177685978209062,0.9534951720193465,-0.6177683500946803
-0.6199753392321281,0.6280940665111351,-0.6199753349043263,0.2056802816051978,-0.6199200365742761,0.9513104521222312,-0.6199197908227373
-0.6220339842266666,0.6269019541847326,-0.6220339805208608,0.20357226291537805,-0.6219750424704813,0.9492218266422208,-0.6219747997149474
-0.6239975703440354,0.62577489821312,-0.6239975670561635,0.20156077243795006,-0.6239352411061032,0.9472287089317741,-0.6239350024344708
-0.625869368603825,0.6247108379235489,-0.625869365537501,0.19964441526182522,-0.6258039479001086,0.9453291973643351,-0.6258037142945022
-0.6276536855498971,0.62370700898683,-0.6276536824880806,0.19782052667071887,-0.6275855031808774,0.9435201989516041,-0.6275852755264871
-0.629355693010464,0.6227600548571974,-0.6293556897438753,0.196085316262608,-0.6292851017971054,0.9417975791598149,-0.6292848808432264
-0.6309812456924357,0.6218661469244267,-0.630981241962411,0.19443403015061134,-0.6309086107644869,0.9401563276894578,-0.6309083971323134
-0.6325366928051787,0.6210211091923057,-0.6325366884087057,0.1928611296202252,-0.6324623814060112,0.9385907377435975,-0.632462175489154
-0.6340286893167256,0.620220543749189,-0.6340286840927897,0.1913604784972673,-0.6339530611826962,0.9370945917329432,-0.6339528631769792
-0.635464013245805,0.6194599528339982,-0.6354640070388385,0.18992553262660702,-0.6353874118622779,0.9356613470251189,-0.6353872217827475
-0.636849390309743,0.61873485634909,-0.636849382951791,0.18854952904178918,-0.6367721352277771,0.9342843190748551,-0.636771952932734
-0.6381913323660896,0.6180409004921208,-0.6381913236600799,0.18722566778396013,-0.6381137126719794,0.9329568557308248,-0.6381135379621407
-0.6394959938187808,0.6173739550280106,-0.6394959835653281,0.18594728103673472,-0.6394182628958603,0.9316724974517164,-0.6394180954309402
-0.6407690464629378,0.6167301983705784,-0.6407690345431406,0.18470798811401043,-0.6406914181761233,0.9304251224606067,-0.6406912575278343
-0.6420155759556525,0.616106188690795,-0.6420155622970916,0.1835018322329694,-0.6419382221536766,0.9292090729470708,-0.6419380676826166
-0.6432400013633205,0.6154989191057698,-0.6432399859433935,0.18232339532025824,-0.6431630503832585,0.928019258886586,-0.6431629013949258
-0.6444460177318108,0.6149058589943495,-0.6444460006115362,0.1811678918201185,-0.6443695543700401,0.9268512411000074,-0.6443694101872531
-0.6456365624067052,0.6143249784060694,-0.645636543741418,0.18003123916337632,-0.6455606282066327,0.9257012908391442,-0.6455604881064229
-0.6468133802926646,0.6137548987624627,-0.6468133602234989,0.17891010402368002,-0.6467379536458345,0.9245664260318788,-0.6467378168785574
-0.6479770929784981,0.6131950155703683,-0.6479770716431367,0.17780192448394186,-0.6479020983652736,0.9234444240762255,-0.6479019641897237
-0.6491273310049896,0.6126454149667857,-0.6491273087103301,0.17670491028143223,-0.6490526493982,0.922333813907437,-0.6490525170497526
-0.6502628911084322,0.6121067720336069,-0.6502628682102298,0.17561802252973358,-0.6501883707391085,0.9212338486609931,-0.650188239659215
-0.6513819112032665,0.611580235327901,-0.6513818881296789,0.174540937272742,-0.6513073785390388,0.9201444630297374,-0.6513072483419492
-0.6524820504178046,0.6110673067315804,-0.6524820275118122,0.1734741846224431,-0.6524073208538573,0.9190665456319159,-0.6524071912313321
-0.6535606672295335,0.6105697208588113,-0.6535606446703971,0.17241919325964256,-0.6534855547214928,0.9180017933869462,-0.6534854254792823
-0.6546149884630313,0.6100892961527746,-0.6546149663667797,0.17137809934509174,-0.6545393142705239,0.916952519952044,-0.6545391853465583
-0.6556422638256235,0.6096278612289753,-0.6556422422724433,0.1703535493292444,-0.6555658637514838,0.9159214617302411,-0.6555657351564739
-0.6566398999926449,0.6091871968868838,-0.6566398790889031,0.16934850556164402,-0.6565626302375082,0.914911590080138,-0.6565625019906608
-0.6576055712821526,0.6087689353016571,-0.657605551210687,0.16836602750174992,-0.6575273125957234,0.9139259370761728,-0.6575271849105665
-0.6585373065851702,0.608374483660404,-0.6585372874472045,0.1674091563224336,-0.658457966651643,0.9129674385896674,-0.6584578398764857
-0.659433548818471,0.6080049792647246,-0.6594335306489114,0.16648078081921913,-0.6593530636522675,0.9120388021432729,-0.6593529380840646
-0.6602931893473186,0.6076612613431644,-0.6602931721472299,0.16558349045007867,-0.6602115230202784,0.9111424008420023,-0.6602113989385079
-0.6611155791874828,0.6073438590224484,-0.6611155629453804,0.1647194827748191,-0.6610327224871706,0.9102801942652631,-0.6610326001950102
-0.661900519238876,0.6070529942422496,-0.6619005039255536,0.16389049932625124,-0.6618164873245971,0.9094536773698735,-0.6618163670521727
-0.6626482317604121,0.6067885976584378,-0.6626482173167986,0.1630977894192415,-0.6625630609776797,0.908663855216432,-0.6625629430382767
-0.6633593173585858,0.6065503348875568,-0.6633593037899442,0.162342099484744,-0.663273061637329,0.9079112416644668,-0.6632729462047574
-0.6640347004854783,0.6063376413623955,-0.6640346878445694,0.16162368411894387,-0.663947427388442,0.9071958794521385,-0.663947314528822
-0.664675567497408,0.6061497631576173,-0.6646755557791681,0.16094241323637243,-0.6645873540202487,0.9065175155499803,-0.6645872438493664
-0.6652833008492537,0.6059858007976895,-0.6652832899900889,0.16029788754339053,-0.6651942295647166,0.9058756410884761,-0.66519412210299
-0.6658594128625723,0.6058447542770565,-0.6658594027126812,0.15968945798342685,-0.6657695681432434,0.905269512825352,-0.6657694633219345
-0.6664054816680715,0.6057255667450773,-0.6664054721021805,0.15911625035685947,-0.6663149463532372,0.9046981790351326,-0.6663148439626985
-0.6669230925048008,0.6056271652788524,-0.6669230833887321,0.15857719434252093,-0.666831944940079,0.904160509633281,-0.6668318447667231
-0.6674137831722299,0.6055484991388229,-0.6674137743274468,0.15807105717386613,-0.6673220948138338,0.9036552301138809,-0.6673219966246583
-0.6678790001283764,0.6054885712098426,-0.6678789914069944,0.15759647814781622,-0.667786833727527,0.9031809559116606,-0.6677867373074408
-0.6683200629751519,0.6054464638111512,-0.6683200542457324,0.15715200474178295,-0.6682274713057709,0.9027362279267428,-0.668227376504346
-0.6687381383771717,0.6054213580631936,-0.6687381294539287,0.15673612898933187,-0.6686451635665189,0.9023195478120359,-0.6686450702657813
-0.669134223163084,0.6054125470825139,-0.6691342138754578,0.15634732289497202,-0.6690408965841893,0.9019294120218755,-0.6690408047149536
-0.6695091365913614,0.6054194429105081,-0.669509126865173,0.15598407205033746,-0.6694154792914208,0.901564343665107,-0.669415388763943
-0.6698635209740987,0.6054415776927954,-0.6698635107764972,0.1556449066390001,-0.6697695444076849,0.9012229216212653,-0.6697694551398903
-0.6701978493857272,0.6054785998054796,-0.670197838700768,0.15532842935140426,-0.670103556434603,0.9009038062996824,-0.6701034683778293
-0.6705124395648412,0.605530265608487,-0.6705124283779124,0.15503333938135,-0.6704178258046232,0.9006057614592884,-0.6704177389561173
-0.6708074722938648,0.6055964277298508,-0.6708074606320952,0.15475845233358065,-0.6707125274346335,0.9003276718694797,-0.6707124418024866
-0.6710830135005247,0.6056770207276099,-0.6710830014458048,0.1545027153163636,-0.670987722858142,0.9000685562291252,-0.6709876384765154
-0.6713390377614639,0.6057720455227428,-0.6713390254012117,0.15426521871297816,-0.6712433837440392,0.8998275767281934,-0.6712433006177413
-0.6715754531279333,0.605881552638099,-0.6715754405628318,0.15404520225493443,-0.6714794167897974,0.8996040432601528,-0.6714793348130204
-0.6717921254366155,0.6060056257071468,-0.6717921127841038,0.15384205713888585,-0.6716956876912192,0.8993974137446538,-0.6716956067862618
-0.6719889015016011,0.6061443654270348,-0.6719888888820449,0.15365532386078493,-0.6718920442463334,0.8992072903679369,-0.6718919643572291
-0.6721656295394853,0.6062978753132775,-0.6721656170562381,0.15348468688974912,-0.6720683366255755,0.8990334129613955,-0.6720682577613354
-0.6723221774596266,0.60646624882912,-0.6723221651470724,0.15332996535796142,-0.6722244354093052,0.8988756486242074,-0.6722243575855014
-0.6724584477627213,0.6066495586001862,-0.6724584356351969,0.15319110117737694,-0.6723602463743021,0.8987339792055322,-0.6723601696376948
-0.672574388460912,0.6068478483981801,-0.6725743764765675,0.15306817440753137,-0.6724757211033965,0.8986085438898211,-0.6724756455006206
-0.6726700009964216,0.607061127064715,-0.6726699891484268,0.15296140580329237,-0.6725708648039146,0.8984996033717537,-0.6725707903483171
-0.672745344652014,0.6072893648818251,-0.6727453329377185,0.1528711192946194,-0.6726457404764133,0.8984075028758463,-0.672645667202629
-0.6728005378892319,0.6075324921045142,-0.6728005263358694,0.1527977046810692,-0.6727004701034385,0.8983326362401243,-0.6727003980563138
-0.672835756721301,0.6077903995477113,-0.67283574534651,0.15274158234972715,-0.6727352328620377,0.8982754124042543,-0.6727351620443873
-0.6728512306281623,0.6080629408051835,-0.672851219462179,0.1527031710077528,-0.672750260985456,0.898236225674631,-0.6727501913610772
-0.6728472365550018,0.6083499360328657,-0.6728472256290423,0.15268285975878687,-0.672745833616995,0.8982154302990897,-0.6727457651705573
-0.6728240914443451,0.6086511767881705,-0.6728240807531488,0.1526809848507724,-0.6727222694092723,0.8982133200146737,-0.6727222020995253
-0.6727821437801798,0.6089664314902787,-0.6727821333110272,0.15269781165953497,-0.6726799179934523,0.898230112722348,-0.6726798517871471
-0.6727217646749089,0.6092954514424117,-0.6727217544179311,0.15273352217378583,-0.6726191511087238,0.8982659405502195,-0.6726190859910137
-0.6726433388419195,0.6096379768881282,-0.6726433287861633,0.15278820759007303,-0.6725403535741806,0.8983208449407356,-0.6725402895372903
-0.672547256929342,0.6099937423128428,-0.6725472470648582,0.15286186679732033,-0.6724439157179224,0.8983947875001377,-0.6724438527586282
-0.672433905691422,0.610362483294704,-0.672433896025712,0.15295444054144394,-0.6723302235846946,0.898487673677478,-0.6723301616993957
-0.6723036619003029,0.6107439408098703,-0.6723036524412127,0.15306581152360949,-0.6721996529112978,0.8985993529876876,-0.6721995921101532
-0.6721568865790615,0.6111378652926654,-0.6721568773358838,0.1531958059726245,-0.6720525634728515,0.8987296213103414,-0.672052503747625
-0.6719939203245087,0.6115440201000927,-0.6719939113060966,0.15334419657225185,-0.6718892944478341,0.89887822442529,-0.6718892357813068
-0.6718150799028773,0.6119621840986611,-0.6718150711141521,0.15351070684201326,-0.6717101610973888,0.8990448628640146,-0.671710103474908
-0.6716206561849395,0.6123921532815622,-0.6716206476171929,0.15369501660491722,-0.6715154527858809,0.8992291977235533,-0.6715153961812564
-0.6714109132510753,0.612833741607791,-0.6714109048891779,0.15389676831887186,-0.671305432137147,0.8994308571904761,-0.6713053765210198
-0.6711860886943821,0.6132867810005741,-0.6711860805227418,0.15411557405453066,-0.6710803353722443,0.8996494435899821,-0.6710802807361783
-0.670946394610555,0.6137511208621624,-0.6709463866231765,0.15435102310484217,-0.6708403733685324,0.8998845409565295,-0.6708403197016947
-0.6706920197176492,0.6142266268001201,-0.6706920119046587,0.15460268923286216,-0.670585733782462,0.9001357220986387,-0.6705856810830787
-0.670423131754136,0.6147131791079204,-0.6704231241046059,0.1548701386392249,-0.6703165834929438,0.9004025562618913,-0.6703165317520475
-0.6701398811813956,0.6152106702728761,-0.670139873685311,0.1551529366948959,-0.6700330723157853,0.9006846154953518,-0.6700330215247363
-0.669842403630193,0.6157190034189736,-0.6698423962775651,0.1554506556423966,-0.6697353354311877,0.9009814819201769,-0.6697352855774628
-0.6695308239563819,0.6162380895576969,-0.6695308167430702,0.1557628802979438,-0.6694234974290567,0.9012927529334894,-0.6694234485040507
-0.6692052596014705,0.6167678452872437,-0.6692052525228728,0.15608921364063752,-0.6690976756782727,0.901618046248224,-0.6690976276643041
-0.66886582361207,0.6173081906938847,-0.6688658166677359,0.15642928167709488,-0.6687579833189478,0.9019570042291323,-0.6687579361856911
-0.6685126273744977,0.6178590474621491,-0.6685126205571905,0.15678273745640733,-0.6684045319534225,0.9023092973338831,-0.6684044856653976
-0.6681457831373641,0.6184203370841888,-0.6681457764404772,0.15714926386140202,-0.6680374341414906,0.9026746263569599,-0.6680373886611882
-0.6677654058702764,0.6189919794985116,-0.667765399288409,0.15752857586961386,-0.6676568052378915,0.9030527241689752,-0.6676567605248043
-0.6673716147956823,0.6195738919591615,-0.6673716083233182,0.1579204216619874,-0.6672627648908398,0.903443356337772,-0.6672627209123976
-0.666964534114389,0.6201659884457628,-0.6669645277512579,0.15832458324746498,-0.6668554377519758,0.9038463212850428,-0.6668553944796679
-0.6665442951522537,0.6207681780590198,-0.6665442888972768,0.15874087468825526,-0.6664349556369155,0.9042614481162862,-0.666434913040992
-0.6661110349692473,0.6213803659826321,-0.6661110288191381,0.15916914153680675,-0.6660014560611722,0.9046885957722778,-0.6660014141112763
-0.6656648958632797,0.6220024537268883,-0.6656648898139703,0.15960925862547645,-0.6655550816820088,0.905127650630418,-0.6655550403568307
-0.6652060253728678,0.6226343390784375,-0.665206019421355,0.16006112743385464,-0.6650959803602776,0.9055785236114665,-0.665095939654014
-0.6647345754818412,0.6232759166668992,-0.664734569627285,0.16052467296652495,-0.6646243043710306,0.9060411469292061,-0.6646242642892144
-0.6642507016286201,0.6239270785424129,-0.6642506958655371,0.16099984013878138,-0.6641402093728788,0.9065154704587456,-0.664140169925433
-0.663754561327357,0.6245877151698852,-0.6637545556505742,0.16148659045205646,-0.6636438531640451,0.9070014583117029,-0.6636438143572738
