0.0,0.0,0.0,0.0,0.0,0.0,0.0
-64.4610603653369,-1.1843667312470819e-11,-48.371319562759446,32.271444059534566,-80.69774753995486,3.3072841612130075,0.09503842212458646
-100.0,-1.547271785470567e-11,-100.0,70.76387198471487,-100.0,7.302830202296683,0.18487907519872654
-100.0,-1.827487539064067e-11,-100.0,100.0,-100.0,10.365187300189335,0.27688416428638446
-100.0,-1.9772079110404014e-11,-100.0,100.0,-100.0,11.90634250057715,0.29300986159062936
-100.0,-2.0155144859403174e-11,-100.0,100.0,-100.0,11.911507618687084,0.31095775142947485
-100.0,-1.9655152615641513e-11,-100.0,95.55423277998673,-100.0,10.844699452848639,0.2803404975970807
-100.0,-1.8674398717107017e-11,-100.0,85.17297662073524,-100.0,9.221062351039466,0.21742118004825897
-100.0,-1.7439692003781207e-11,-100.0,71.82512671902732,-100.0,7.407293348715814,0.20460019080295144
-100.0,-1.6069859594120315e-11,-100.0,58.152856143532794,-100.0,5.729358509000565,0.2419075365454652
-100.0,-1.46516105741252e-11,-96.89710799806755,45.92566738738501,-100.0,4.365530689857131,0.269251946028841
-100.0,-1.3260487145249527e-11,-88.41688697991773,36.05380187454505,-100.0,3.3666332219626773,0.2855730891167605
-100.0,-1.1947602631010544e-11,-76.66712842674175,28.653219597019913,-100.0,2.723981884909768,0.2759457059314521
-100.0,-1.0717650088414289e-11,-63.85228592162169,23.393957668580708,-100.0,2.3334609842118734,0.26306457934905286
-100.0,-9.602727780504211e-12,-51.74641657503635,19.73722592690968,-100.0,2.0839100613442882,0.25237276342161297
-95.51236664224109,-8.593769825508968e-12,-41.371268595841286,17.15370171255178,-100.0,1.9277317778353207,0.2395357004893352
-86.06899104181494,-7.685911398640362e-12,-33.12564339293462,15.192097942854941,-100.0,1.8137942989790563,0.22635106537390584
-73.85300731041086,-6.847296908298951e-12,-26.92662310877123,13.537546922403047,-100.0,1.70070323668932,0.22336316898136072
-61.019877602938976,-6.109040859488828e-12,-22.41591666332548,12.013690670373698,-100.0,1.5753462917398915,0.2286387249412913
-49.180872941929664,-5.436889595921365e-12,-19.133926177197058,10.54781730476037,-100.0,1.4356574229607235,0.23314456175751883
-39.23235891894437,-4.8402596900499034e-12,-16.65258036339334,9.138283283870566,-94.81113329026293,1.2905894056424125,0.2385443596828615
-31.450438753435872,-4.307168202262975e-12,-14.63959382272967,7.818346202589517,-84.88316838805252,1.1529841903993492,0.24259621409295506
-25.664280217950985,-3.8353148132129514e-12,-12.88368944961183,6.622120676444923,-72.46137558403733,1.0296356146970933,0.24471789316740722
-21.468992652814208,-3.431260896536205e-12,-11.273309736164945,5.573899879200388,-59.663791391621494,0.9241073886431289,0.24564275834557672
-18.399482957292534,-3.0819949079929137e-12,-9.769731350687612,4.681303557442965,-48.0186052416371,0.836839974489145,0.24615210405968166
-16.04419910435881,-2.751921060973102e-12,-8.375557139297984,3.9371032396640464,-38.341552711831476,0.7663235197040885,0.2466067636024773
-14.098905073363998,-2.450893625243735e-12,-7.10923586530206,3.3240007224907515,-30.835123080984612,0.70984612266939,0.2471707979647968
-12.375413295723305,-2.1876444683131033e-12,-5.9878997546934425,2.8199719219069275,-25.28522336466365,0.6643927064075587,0.24783961564700457
-10.782397186787813,-1.9565594343254092e-12,-5.018946347708502,2.4029442890346067,-21.26882668298024,0.6270978918956303,0.24857236314322706
-9.294050869740587,-1.7519448699131974e-12,-4.1983361278339775,2.053583989709188,-18.32107684268031,0.5956661552239869,0.24925504740235943
-7.919351292874426,-1.5579351968967366e-12,-3.512718360849295,1.756584913798905,-16.041074403791406,0.568496665021168,0.249887156080509
-6.6779693217672484,-1.3842063116751698e-12,-2.943372999353385,1.500816782642465,-14.139029668263223,0.5445282147872527,0.2504509071937913
-5.585513831685591,-1.2299895832268611e-12,-2.469992431787634,1.2786910632769992,-12.44067635130031,0.5232268632815994,0.2509434581226173
-4.646668725573987,-1.08892010513791e-12,-2.073600684140996,1.0851498032054137,-10.865096316383632,0.5043925740849223,0.25136970990957086
-3.85479896471163,-9.646796417616116e-13,-1.7382219253853504,0.9167245375088727,-9.392910333919332,0.48791597444841184,0.25173925975570105
-3.194775513481013,-8.594344141013807e-13,-1.4514192660140917,0.7707821073779029,-8.035946036758542,0.47366247271152606,0.2520637926330276
-2.6469858581804417,-7.617793413777657e-13,-1.2040663691815972,0.6450389968888544,-6.814291647835502,0.46143936139569386,0.25235212161445825
-2.191044225284346,-6.776394387596753e-13,-0.9896826754424026,0.5373091893961394,-5.742624660990854,0.4510158962233539,0.25261207310709977
-1.8084289643090963,-5.964228001058375e-13,-0.8036503641090561,0.4454299200477916,-4.824214387136984,0.4421477378156759,0.25284945891955574
-1.4838736453060206,-5.365741897934786e-13,-0.6425077737930518,0.36729152364099166,-4.051173288004127,0.4346020134645831,0.25306694073807073
-1.205697036691063,-4.665349710603569e-13,-0.5034292342070498,0.3009016456277661,-3.4075663024835485,0.4281710798348094,0.2532673679752193
-0.965422071219556,-4.273766958343747e-13,-0.3839053848577406,0.2444557060301004,-2.8734775131713812,0.4226765812287307,0.25345347913035193
-0.7570569128917229,-2.9343486129820435e-08,-0.2815861588091,0.19637744760503711,-2.428623692575217,0.41797068795054965,0.253627153464305
-0.5762978848091209,-1.5929304239071646e-07,-0.19424269858364104,0.15532680655648484,-2.0548389614806886,0.4139304556552858,0.2537900177628712
-0.41986317314639454,-6.179996422575793e-08,-0.1197897460589479,0.12019675938170038,-1.7373135005673925,0.41045588094966373,0.2539437448628657
-0.2850114686491315,3.5089183803292476e-08,-0.056326061174289524,0.09008530929420114,-1.4648141657899716,0.40746227924836975,0.25408941604818736
-0.169266488799935,8.358502015398519e-08,-0.002170287046281097,0.06425939374924719,-1.229242105712236,0.4048787682652034,0.25422819024298826
-0.07029348502981095,8.828257735721491e-08,0.04412744541846973,0.04211394551732277,-1.02487692899651,0.40264522380569756,0.2543611317079131
0.01412105440782807,6.64558856559299e-08,0.08379545356424391,0.023143403706218472,-0.8475930529594911,0.4007112045827262,0.2544890732169107
0.08603648421735843,2.6672696538262914e-08,0.11784599175088331,0.006861275527008333,-0.6942137178554888,0.3990329251059925,0.2546128558805076
0.14731695170969464,-1.2175440912578424e-09,0.14711046657178883,-0.007133707551277417,-0.562053946375964,0.3975728655284828,0.2547331405342618
0.19959999485032356,-1.3569368890819145e-08,0.17227568257790912,-0.01914159130670253,-0.4486659351302154,0.39629894117279835,0.25485042644023975
0.2442906892161022,-1.4860838791451113e-08,0.19391954028171945,-0.02941179177277456,-0.351735379503899,0.3951835912791078,0.2549651721773737
0.2825705341390452,-1.2382656203079447e-08,0.21252710119616497,-0.038163612451575596,-0.26906838254126036,0.3942035551575496,0.25507773535639305
0.31541317932928287,-6.3642631569942524e-09,0.22858878637267746,-0.04559962150236288,-0.19863142013537147,0.39333872959882094,0.2551884426571752
0.34361721250710325,-2.21247778830352e-09,0.24249275798976427,-0.05190317415816594,-0.13859068588125079,0.39257207461731347,0.2552975675071846
0.36784503326207074,-1.0058507864410583e-09,0.254522470751757,-0.05723869384147243,-0.0873404619477399,0.3918890435356916,0.2554053414896631
0.38865199589025107,-1.2543813003738045e-09,0.2649024069568973,-0.06174928031740605,-0.04349693329477186,0.39127736306728855,0.2555119600887481
0.4065122636656666,-9.536834448634142e-10,0.27383490075086636,-0.06555942643638957,-0.005915485349738313,0.39072643491972675,0.25561759616380164
0.42191923493494,1.9078115771142062e-10,0.2815059271326059,-0.06877465718393044,0.026345731877587396,0.39022738319413947,0.2557223966645993
0.43523274954978003,6.222639254745145e-10,0.2880887849382372,-0.0714846944031438,0.054063008381967606,0.3897725666575803,0.25582648489714505
0.44671994002225074,8.944609762988461e-10,0.29374151786412017,-0.07376538721080979,0.07788275450925497,0.3893553759742814,0.2559299681920224
0.45660054741113676,8.119270187243205e-10,0.2986040301668343,-0.07568038738877766,0.09834899336807762,0.38897004400506674,0.25603294117918607
0.4650714761216465,6.555272000100596e-10,0.3027975150103377,-0.077284146061024,0.11593110125154438,0.3886122731467488,0.2561354703486202
0.47231562953740236,2.45031887904234e-10,0.3064248967217653,-0.07862209069947354,0.13112363770213178,0.38827785072562565,0.25623762359487684
0.47850306296686435,6.630404433777042e-11,0.3095729045616959,-0.07973310671549069,0.1442669902123852,0.3879633239779359,0.256339456996644
0.48378836021669214,1.554789496557638e-11,0.31231423332487845,-0.08065051732988057,0.15561720641126087,0.3876657974220548,0.2564410183775032
0.48830822772340743,8.567888030433119e-11,0.31470980393257947,-0.08140283845939325,0.16538901121526636,0.3873827180196513,0.2565423486871547
0.49218065916257503,1.1655907081290203e-10,0.3168108673250939,-0.08201443720728831,0.17377709875671588,0.38711178541212277,0.2566434828759747
0.49550568042262816,1.0718967402556873e-10,0.31866077457357034,-0.08250610651415358,0.1809630908027161,0.38685112970124846,0.2567444508263551
0.4983671735087687,7.786759908114077e-11,0.32029637266833244,-0.08289559217125227,0.18711517053136767,0.3865992763422557,0.2568452768130732
0.5008352454432125,6.839427878447397e-11,0.3217491078905593,-0.08319802976193671,0.19238550046224354,0.3863550156424124,0.2569459808275194
0.5029686164132049,5.539199179108016e-11,0.32304587824746867,-0.08342630067333295,0.1969081189203581,0.38611726310560174,0.25704658019889376
0.5048167273132241,3.9502975150555826e-11,0.32420970007852673,-0.08359135372112503,0.20079836689959976,0.3858850501489741,0.25714709034276
0.5064214725743108,3.5286437359774795e-11,0.32526026166868904,-0.08370253318716116,0.2041538556857329,0.3856575714140224,0.25724752652196475
0.5078185369603877,2.98513099851032e-11,0.3262143698992975,-0.08376785783181721,0.2070564195849649,0.3854341310983432,0.25734789989377305
0.5090383173188981,2.4791653197394824e-11,0.32708623478879245,-0.08379449890258853,0.20957427031794532,0.3852141420107566,0.257448195923165
0.5101069354119866,1.8081127775063085e-11,0.32788811865603495,-0.08378744982102783,0.21176478094940326,0.3849971390329034,0.2575484385218161
0.5110467613267988,1.2385627155010452e-11,0.3286304621997854,-0.08375135273902799,0.21367634391045012,0.3847826928934431,0.2576486463579425
0.5118769073705552,9.170558611114611e-12,0.3293221330520724,-0.08369075643581635,0.21534997198466183,0.38457041298154016,0.25774883095423606
0.512613660889679,6.844399479229938e-12,0.3299706544576131,-0.08360970079078682,0.2168205599985435,0.38435996015194374,0.25784899818049495
0.5132707595752922,5.678943840810522e-12,0.33058223021096544,-0.08351142084702372,0.21811767958483202,0.38415113952919594,0.2579491095635128
0.5138601639293454,5.390566741229076e-12,0.33116254160606484,-0.08339836152393273,0.21926709448762002,0.3839436281796627,0.25804922200168817
0.5143919537833337,5.2738949443604355e-12,0.33171622812448187,-0.08327262672101261,0.22029070092943548,0.38373719429613484,0.2581493338996362
0.5148745576400527,5.439820184733243e-12,0.33224718453566177,-0.08313595878228175,0.22120688295508614,0.38353171436600525,0.258249447338022
0.5153152598749965,5.592176847480415e-12,0.3327587289539454,-0.08298993096485627,0.22203159660599875,0.38332706683000595,0.2583495471570509
0.5157204980529992,4.697161606218867e-12,0.3332538977968769,-0.08283588947661079,0.22277890944951906,0.38312313665422537,0.2584496529610573
0.5160956975018022,3.6286607360371416e-12,0.33373535725262626,-0.08267491239897617,0.2234606265949823,0.38291961124542745,0.25854981576540104
0.5164454824603988,3.025568958751652e-12,0.334205046258829,-0.08250820554474211,0.2240869465244729,0.38271609115265304,0.2586499705118614
0.5167729382717995,2.6157979208700567e-12,0.33466421831401844,-0.08233661378776969,0.22466468447948687,0.3825132070472945,0.25875006074816703
0.5170810428986329,2.2398884298319957e-12,0.33511416079179446,-0.08216089085830723,0.2252003741901035,0.38231100253147116,0.2588500573863265
0.5173728206143603,1.8947237819527378e-12,0.33555656189978417,-0.08198149469612871,0.22570047771398613,0.3821092797506636,0.25895005485537975
0.5176507525100247,1.60102370211276e-12,0.3359925281859137,-0.0817990202531277,0.2261704170204305,0.38190795341452916,0.2590500401863861
0.5179170022521068,1.3693608365032286e-12,0.3364230641111715,-0.08161395200798291,0.22661490299101705,0.3817069142098017,0.2591500149479354
0.5181734093800795,1.2046965185157265e-12,0.33684904602455534,-0.08142668209806862,0.22703793174187067,0.38150606113465185,0.25924998775535135
0.5184215062617888,1.0278464976439175e-12,0.3372712075994708,-0.08123753319338706,0.2274428314831209,0.3813053207370759,0.25934996697103013
0.5186625568524739,8.71580510531465e-13,0.3376901460004452,-0.08104677740514064,0.22783235182645586,0.3811046507987141,0.25944995688162686
0.5188976056166658,7.065217664128851e-13,0.33810634366204745,-0.08085464838887053,0.2282087703439962,0.38090403391076016,0.2595499574319454
0.5191275244947378,5.471024365214438e-13,0.33852019485585166,-0.08066134817113434,0.2285739924300034,0.38070346762859797,0.2596499658115746
0.5193530510514514,4.577370399910086e-13,0.3389320290206171,-0.08046705114433712,0.22892963170648295,0.3805029556453387,0.25974997831448976
0.5195748162815101,4.359086398697882e-13,0.3393421276613957,-0.08027190697573368,0.22927706874076814,0.3803025018723023,0.2598499916597072
0.5197933637118038,4.571504765284824e-13,0.33975073505281034,-0.08007604328528062,0.22961749184015054,0.380102107540582,0.25995000360355497
0.5200091625003386,3.775433601160624e-13,0.34015806448757,-0.07987956834095505,0.22995192555138555,0.37990177055690694,0.26005001300405683
0.5202226170022475,2.935145605476104e-13,0.34056430197656445,-0.07968257372676502,0.23028125187818543,0.37970148614138743,0.26015001958676437
0.5204340745193194,2.4158612056504264e-13,0.3409696088297438,-0.07948513685695219,0.2306062276587573,0.3795012479426735,0.26025002361903204
0.5206438166320813,2.2589203219523522e-13,0.3413740468086196,-0.07928737543583833,0.2309274970322948,0.3793011495065866,0.2603500028776139
0.5208521164574166,2.2688875866389336e-13,0.3417778235209037,-0.079089285995433,0.23124561944477867,0.37910110817275927,0.2604499838280908
0.5210591923329593,2.4358983313350275e-13,0.34218106604084914,-0.07889089671990403,0.23156105934391255,0.378901055772592,0.2605499749829878
0.5212652248891159,2.448645121940601e-13,0.3425838565599765,-0.07869224918243513,0.23187421112026893,0.37870097130546293,0.2606499759275689
0.5214703666176481,2.6241644192009814e-13,0.3429862538294929,-0.07849338694711225,0.23218541243768254,0.3785008596680116,0.26074998285341955
0.5216747479244745,2.0204236541157455e-13,0.34338830598991865,-0.07829434894264892,0.23249495298871142,0.3783007355384979,0.26084999182038665
0.5218784808443478,1.7568461102437807e-13,0.3437900565173854,-0.07809516692950935,0.23280308072024816,0.378100613545693,0.2609500001318189
0.5220816614907035,1.3355869529448294e-13,0.3441915459088815,-0.07789586560908832,0.23311000692832076,0.37790050381985,0.2610500065143943
0.5222843719731617,7.343046995567319e-14,0.3445928114207409,-0.07769646396774356,0.23341591094609943,0.3777004111744821,0.26115001074489635
0.5224866821513999,-2.2932245220797008e-14,0.3449938863756965,-0.07749697686614077,0.2337209446322991,0.3775003361795952,0.2612500131617544
0.5226886513241819,-3.7989634800873086e-14,0.34539479975896303,-0.07729741636139022,0.23402523657860252,0.37730027683264267,0.26135001427981325
0.5228903298187452,-4.0017470251216514e-14,0.34579557627041735,-0.07709779260716258,0.2343288958765762,0.3771002300718613,0.26145001456849454
0.5230917604129868,-5.049046549315803e-14,0.3461962367227622,-0.07689811437870363,0.23463201533402253,0.37690019281890824,0.2615500143676701
0.5232929795494241,1.1344215972191205e-14,0.346596798602887,-0.07669838934526095,0.23493467412140495,0.3767001625241715,0.26165001388773274
0.5234940183355297,4.564076204726821e-14,0.3469972766435091,-0.07649862420786852,0.2352369399047396,0.37650013732959164,0.2617500132449986
0.523694903354958,3.397360706521179e-14,0.3473976833193694,-0.0762988247848939,0.23553887056130834,0.37630011600304086,0.26185001250150525
0.5238956573287844,4.372245555320329e-14,0.34779802924285425,-0.07609899608894334,0.2358405155808709,0.37610009777399833,0.2619500116939549
0.5240962996631069,1.2428526684357698e-13,0.34819832346616286,-0.07589914241049618,0.23614191723770267,0.37590008216105786,0.2620500108499927
0.5242968469136289,7.627933968338835e-14,0.3485985737149094,-0.07569926740778612,0.23644311159582754,0.3757000688354926,0.26215000999400345
0.5244973131876464,1.5524067685853253e-14,0.3489987865748836,-0.07549937419554464,0.23674412938404643,0.37550005753416943,0.2622500091477696
0.524697710494953,5.363016799281708e-14,0.3493989676506774,-0.07529946542706036,0.23704499676340182,0.3753000480155136,0.26235000832917016
0.5248980490547387,-9.917467194736132e-15,0.3497991217046527,-0.07509954336562813,0.23734573599803163,0.3751000400449698,0.2624500075511946
0.5250983375625193,2.1412190585591907e-14,0.35019925277915326,-0.07489960994464184,0.23764636603603081,0.37490003339710476,0.26255000682182905
0.5252985834193441,-5.339622113219347e-15,0.35059936430552435,-0.07469966681712711,0.23794690300921906,0.37470002786274204,0.26265000614476697
0.5254987929275947,9.312680828420967e-15,0.3509994591980936,-0.0744997153970972,0.2382473606583317,0.37450002325575377,0.26275000552054156
0.5256989714570747,-1.0741811289576572e-14,0.3513995399342682,-0.07429975689347158,0.23854775069279555,0.3743000194162731,0.26285000494780664
0.5258991235843733,-6.569036411594451e-14,0.35179960862186427,-0.074099792339691,0.23884808309433014,0.3741000162113926,0.26295000442447247
0.5260992532112988,-1.1086859663328485e-13,0.3521996670558888,-0.07389982261835033,0.2391483663737632,0.3739000135320105,0.2630500039478214
0.5262993636643305,-1.534322861377377e-13,0.3525997167650855,-0.07369984848316491,0.23944860778759808,0.37370001128962715,0.2631500035151841
0.5264994577790412,-6.892500995817018e-14,0.35299975905121894,-0.07349987057778301,0.2397488135222825,0.3735000094124665,0.263250003123877
0.5266995379725625,-2.366060672241423e-15,0.3533997950229774,-0.07329988945168024,0.2400489888515376,0.37330000784135015,0.263350002771126
0.526899606304555,4.655679461506611e-16,0.3537998256236594,-0.07309990557407979,0.24034913826989862,0.3731000065274807,0.26345000245411937
0.5270996645299701,-2.1222449995166336e-15,0.3541998516557671,-0.07289991934580227,0.24064926560752817,0.37290000542977236,0.26355000217010466
0.5272997141440553,-2.159507570890515e-15,0.3545998738018223,-0.0726999311093011,0.24094937412831036,0.37270000451355945,0.263650001916355
0.5274997564205145,1.4649199229076578e-14,0.3549998926420902,-0.07249994115742289,0.24124946661314833,0.37250000374967024,0.2637500016902261
0.5276997924446962,3.7602431720026786e-14,0.35539990867020355,-0.07229994974011805,0.24154954543185,0.3723000031132121,0.2638500014891429
0.5278998231413106,1.4012620173228345e-14,0.3557999223058601,-0.0720999570711198,0.24184961260389523,0.37210000258320125,0.26395000131069907
0.5280998492981438,-4.71516047776786e-14,0.35619993390620663,-0.07189996333295005,0.24214966985010336,0.37190000214213037,0.26405000115247823
0.5282998715864757,-6.38246638160469e-14,0.3565999437748329,-0.07169996868152317,0.2424497186370916,0.3717000017751263,0.2641500010123997
0.5284998905784991,-2.372635232290897e-14,0.35699995217009994,-0.07149997324997533,0.2427497602147723,0.3715000014698818,0.2642500008885886
0.5286999067616674,2.578126133682324e-14,0.3573999593119755,-0.0712999771520774,0.24304979564839274,0.37130000121610207,0.26435000077930854
0.5288999205513653,7.832942474566156e-15,0.35779996538762976,-0.0710999804851101,0.24334982584590376,0.37110000100517176,0.26445000068293684
0.5290999323015186,8.111945413836487e-14,0.3581999705559529,-0.07089998333205215,0.24364985158086125,0.3709000008301796,0.26455000059798084
0.5292999423138662,1.3657103047077648e-13,0.35859997495259044,-0.07069998576371607,0.24394987351288763,0.3707000006849314,0.2646500005231555
0.5294999508454088,1.2770324405568664e-13,0.35899997869275124,-0.07049998784071153,0.2442498922039644,0.3705000005644837,0.26475000045740277
0.5296999581152079,6.965853750963202e-14,0.3593999818744827,-0.07029998961473902,0.24454990813305294,0.37030000046458755,0.2648500003996676
0.529899964309838,4.4347526893137644e-14,0.35979998458117224,-0.07009999112992413,0.2448499217083168,0.37010000038194324,0.264950000349028
0.5300999695883379,-3.100072998356335e-14,0.36019998688382504,-0.0698999924240988,0.24514993327761248,0.3699000003135309,0.26505000030462544
0.5302999740861059,-2.1676970299874024e-14,0.3605999888425795,-0.06969999352949273,0.2454499431372687,0.3697000002570616,0.2651500002657787
0.5304999779186758,-3.664967329526924e-14,0.3609999905089113,-0.06949999447360385,0.2457499515399789,0.36950000021035273,0.26525000023175244
0.5306999811844352,-3.164900999047872e-14,0.36139999192635136,-0.06929999527997811,0.24604995870094953,0.3693000001718563,0.26535000020192334
0.5308999839671621,-8.640258592797487e-14,0.3617999931321519,-0.06909999596874711,0.24634996480373364,0.369100000140195,0.265450000175823
0.531099986338349,-8.478921257547592e-14,0.3621999941579092,-0.06889999655700405,0.24664997000474373,0.3689000001140692,0.26555000015303565
0.531299988358856,-6.94812211840488e-14,0.36259999503045104,-0.06869999705938291,0.24694997443718067,0.36870000009267145,0.2656500001331578
0.5314999900805901,-2.2026783445132878e-14,0.3629999957727181,-0.06849999748844274,0.2472499782146956,0.36850000007506123,0.2657500001158373
0.531699991547645,2.1444366926116642e-14,0.3633999964041038,-0.06829999785494957,0.24754998143391066,0.36830000006069596,0.26585000010072124
0.5318999927977329,4.404900054977041e-14,0.3637999969411803,-0.06809999816795824,0.2478499841774382,0.36810000004898363,0.2659500000875517
0.5320999938629203,1.6005249767135013e-14,0.3641999973980482,-0.06789999843535718,0.2481499865155484,0.3679000000394226,0.26605000007607704
0.5322999947705511,-5.344495892317874e-14,0.36459999778670166,-0.06769999866373334,0.24844998850808828,0.36770000003156306,0.2661500000660364
0.5324999955439382,-5.959874050243405e-14,0.36499999811724687,-0.067499998858802,0.24874999020618904,0.36750000002515154,0.26625000005727945
0.5326999962029333,-4.371532472791736e-14,0.3653999983984447,-0.06729999902545601,0.24904999165328254,0.3673000000199447,0.2663500000496662
0.5328999967645169,-7.311561817357766e-14,0.3657999986377173,-0.06709999916767873,0.24934999288664778,0.36710000001569165,0.26645000004312874
0.5330999972430667,-1.052234697918218e-13,0.3661999988413125,-0.06689999928918136,0.24964999393779316,0.3669000000122793,0.26655000003740587
0.5332999976508098,-1.1855349337709687e-13,0.36659999901451046,-0.066699999392935,0.24994999483363076,0.366700000009514,0.26665000003244016
0.5334999979982818,-6.731527919019666e-14,0.3669999991617253,-0.06649999948155996,0.2502499955970155,0.3665000000073487,0.26675000002817584
0.533699998294385,2.2547314724375243e-14,0.36739999928684774,-0.06629999955726426,0.250549996247616,0.36630000000558605,0.26685000002444287
0.5338999985465817,1.1154370210771734e-13,0.3677999993932772,-0.06609999962196043,0.250849996802135,0.3661000000042821,0.2669500000211334
0.5340999987614878,6.731408056874268e-14,0.3681999994839536,-0.06589999967715006,0.25114999727478626,0.3659000000031417,0.2670500000183004
0.5342999989446963,-4.032673307447061e-14,0.3685999995611659,-0.06569999972420429,0.25144999767762327,0.3657000000021948,0.26715000001584605
0.5344999991008157,-5.876837575220114e-14,0.36899999962672203,-0.06549999976444548,0.25174999802082754,0.3655000000015359,0.26725000001372207
0.5346999992338691,-5.928005966138617e-14,0.36939999968252957,-0.06529999979879159,0.2520499983132839,0.3653000000010112,0.2673500000119031
0.5348999993471536,-9.948321427691013e-14,0.3697999997299744,-0.06509999982811628,0.2523499985624597,0.36510000000060067,0.2674500000102794
0.53509999944363,-1.4353363709676636e-13,0.37019999977021506,-0.06489999985314145,0.25264999877474753,0.36490000000029277,0.267550000008834
0.5352999995259154,-8.798733546961057e-14,0.3705999998044833,-0.0646999998745526,0.2529499989557445,0.3647000000001213,0.2676500000076094
0.5354999995960654,6.567070440848494e-15,0.3709999998336755,-0.06449999989282873,0.2532499991100312,0.3644999999999654,0.2677500000066238
0.5356999996558441,7.531411612718591e-14,0.3713999998585167,-0.06429999990845774,0.2535499992415687,0.36429999999986257,0.26785000000578646
0.5358999997066943,1.2355258653063496e-13,0.3717999998796526,-0.064099999921847,0.253849999353603,0.3640999999997547,0.2679500000050084
0.536099999750079,1.0048939774960244e-13,0.3721999998976206,-0.06389999993329896,0.25414999944917915,0.36389999999966366,0.26805000000436613
0.5362999997870842,-2.7267671022537166e-14,0.3725999999130952,-0.06369999994300188,0.2544499995307964,0.3636999999995056,0.2681500000037461
0.536499999818627,-6.452988552248988e-14,0.37299999992616345,-0.06349999995131791,0.2547499996002067,0.3634999999994651,0.26825000000322724
0.5366999998454104,-7.510754766834251e-14,0.3733999999371818,-0.06329999995844941,0.2550499996592758,0.363299999999536,0.26835000000277587
0.536899999868266,-3.9233914972545567e-14,0.3737999999465662,-0.06309999996449804,0.25534999970962124,0.3630999999996088,0.2684500000023764
0.5370999998877448,3.228162860971747e-14,0.37419999995450137,-0.06289999996972795,0.2556499997523834,0.36289999999972083,0.26855000000205803
0.537299999904361,8.726244423466576e-14,0.37459999996128135,-0.06269999997413232,0.2559499997888705,0.3626999999997679,0.26865000000180705
0.5374999999185149,2.6123704559710313e-14,0.37499999996711336,-0.06249999997792651,0.2562499998200571,0.36249999999973676,0.2687500000015607
0.5376999999305383,4.698636798885657e-14,0.3753999999720485,-0.062299999981174185,0.2565499998466295,0.36229999999973445,0.26885000000137005
0.5378999999408524,8.41732807618254e-14,0.37579999997618424,-0.06209999998394715,0.25684999986934953,0.36209999999974635,0.2689500000011722
0.5380999999495891,1.0322204939806695e-13,0.37619999997965925,-0.06189999998634443,0.25714999988866266,0.36189999999979616,0.2690500000009913
0.5382999999570983,5.130478279591089e-14,0.37659999998272076,-0.06169999998834418,0.2574499999051798,0.36169999999974295,0.2691500000008317
0.5384999999634318,-8.968683917189329e-16,0.37699999998527534,-0.06149999999003471,0.25774999991914105,0.361499999999736,0.26925000000070604
0.5386999999688704,-5.2619112653530854e-14,0.37739999998744433,-0.06129999999145635,0.25804999993106575,0.3612999999997538,0.26935000000060244
0.5388999999734443,-5.602971939291042e-14,0.3777999999892631,-0.061099999992726375,0.2583499999411865,0.3610999999998465,0.2694500000005251
0.5390999999773469,-1.630470539175715e-14,0.3781999999907809,-0.06089999999380212,0.25864999994980137,0.3608999999999318,0.2695500000004682
0.5392999999807107,-1.0417886120017879e-14,0.3785999999921701,-0.060699999994729616,0.258949999957246,0.3606999999999261,0.2696500000004032
0.5394999999835491,1.5079340304957163e-14,0.37899999999341116,-0.06049999999548852,0.25924999996357584,0.3604999999998751,0.2697500000004078
