0.0,1.0323,0.0,0.8247,0.0,1.57,0.0
-0.055152295571865954,1.0322999999999896,-0.041377186724040435,0.8523005632964707,-0.06902985996335374,1.5728900557520433,4.365672334857361e-05
-0.15515229557186597,1.0322999999999756,-0.13642914236594822,0.9157034594565997,-0.16902985996335373,1.579481842427124,0.0001768826782499279
-0.255152295571866,1.0322999999999585,-0.23642914236594822,1.0097231473878507,-0.2690298599633537,1.5892489094946618,0.0003831945303660572
-0.355152295571866,1.0322999999999394,-0.33642914236594823,1.1097231473878508,-0.3690298599633537,1.6009315602247634,0.0006370361326220307
-0.455152295571866,1.0322999999999196,-0.4364291423659482,1.209723147387851,-0.46902985996335367,1.613100391814219,0.0009234933027285025
-0.555152295571866,1.0322999999998999,-0.5364291423659482,1.3088178063896794,-0.5690298599633536,1.624555260452103,0.0012349629823353008
-0.6551522955718659,1.032299999999881,-0.6364291423659482,1.3998099265854886,-0.6690298599633536,1.634504938147184,0.0015331901175330346
-0.7551522955718659,1.0322999999998632,-0.7364291423659481,1.4779845127458426,-0.7690298599633536,1.6425330504809665,0.0018169795136985373
-0.8551522955718659,1.0322999999998468,-0.8364291423659481,1.5414686754905569,-0.8690298599633536,1.6486732904221064,0.002086193059378478
-0.9551522955718659,1.0322999999998317,-0.9353251436213725,1.5907337503742065,-0.9690298599633536,1.6531906091399144,0.0023460223224759805
-1.055152295571866,1.0322999999998181,-1.027249574070392,1.6278346128137273,-1.0690298599633536,1.6564728040029288,0.002601493233710223
-1.155152295571866,1.032299999999806,-1.1080027575270235,1.6555069278342673,-1.1690298599633537,1.6589273959564352,0.0028486610518184477
-1.2551522955718661,1.0322999999997948,-1.1755298513086714,1.6765535374651146,-1.2690298599633538,1.6609068981172876,0.0030849279828997463
-1.3551522955718662,1.0322999999997848,-1.2297444156046617,1.6933836148523795,-1.369029859963354,1.6626698000212907,0.003319888756289994
-1.4525166876299214,1.032299999999776,-1.2720362915705195,1.7077781793296962,-1.469029859963354,1.664362276006861,0.00355511103032345
-1.5418014027388647,1.032299999999768,-1.3046146609211722,1.7208433055527992,-1.569029859963354,1.6660368546431266,0.003796405247633058
-1.6193406492290476,1.0322999999997609,-1.3299210356784776,1.7331103988694676,-1.6690298599633542,1.6676932648227725,0.00404383736406165
-1.6835668578955822,1.0322999999997546,-1.3501812941639422,1.7447041493905977,-1.7690298599633543,1.669300425202052,0.004291820643960443
-1.7347679141721946,1.032299999999749,-1.3671529854218805,1.7555177866277953,-1.8690298599633544,1.6708214709839606,0.0045405907223480335
-1.7745465010933055,1.0322999999997442,-1.3820407523932718,1.7653639327234358,-1.9658554391790344,1.672223333568974,0.004791095837602153
-1.8051819635832935,1.0322999999997398,-1.3955415867271708,1.774077434415877,-2.0542083868078715,1.6734859307973706,0.005042202310940746
-1.8290717978386855,1.0322999999997358,-1.4079600715177278,1.7815757059025992,-2.1306209496871804,1.6746047989925323,0.0052932522086994675
-1.8483366176990808,1.0322999999997322,-1.4193495422304394,1.7878726482516398,-2.1937178872733383,1.675590454042059,0.005543554438111003
-1.8646061794432751,1.032299999999729,-1.4296410552234058,1.7930642196529127,-2.2439371804864,1.676461604127875,0.005793447315608493
-1.8789660664571146,1.0322999999997262,-1.4387460548718982,1.7973002661770703,-2.282963156629687,1.6772405168149633,0.006043347931541856
-1.8920189930714215,1.0322999999997238,-1.4466178780602255,1.800753480196935,-2.313097799041935,1.6779489676091965,0.006293538436838728
-1.9040070554664394,1.0322999999997216,-1.4532783274522059,1.8035926753392926,-2.3367178954620638,1.6786057173938094,0.006544084583407043
-1.9149517898043826,1.0322999999997196,-1.458813778464101,1.805964236644353,-2.355897227431294,1.6792251476388318,0.0067950713032869
-1.9247770979084575,1.0322999999997178,-1.4633574611138356,1.8079829980388866,-2.372209993167279,1.6798171979255945,0.007046486297378813
-1.9334028284776013,1.0322999999997162,-1.4670664826368085,1.809731149656864,-2.386690162697626,1.6803877466267219,0.007298279412025826
-1.9407974413090128,1.032299999999715,-1.4700993541137117,1.811262312980367,-2.3999000523007123,1.680939406514729,0.0075503790843752805
-1.946998451242035,1.0322999999997136,-1.4725990764356363,1.812608574256846,-2.4120554710262274,1.6814728283052356,0.007802729154809929
-1.9521042364831362,1.0322999999997124,-1.4746834030593554,1.8137884651014229,-2.4231649659073318,1.6819884217535188,0.008055289778877187
-1.95625453174196,1.0322999999997113,-1.4764420822617457,1.8148136219959878,-2.433149450304301,1.6824870819482485,0.008308031715330365
-1.9596074703645376,1.0322999999997104,-1.4779385229836395,1.8156936444399445,-2.441932139822242,1.6829702826535677,0.008560946592723483
-1.9623183875488128,1.0322999999997096,-1.4792150344969959,1.8164389191161323,-2.449487608666937,1.6834398289852455,0.008814022252051183
-1.9645245848666424,1.032299999999709,-1.4802990128847442,1.8170617324780498,-2.455859556704088,1.6838975881552687,0.009067249964939378
-1.9663371990509404,1.0322999999997082,-1.48120913013385,1.8175761600560727,-2.4611509659065605,1.684345311477097,0.009320623333854847
-1.9678397361348658,1.0322999999997078,-1.4819599753390997,1.8179970425030083,-2.465503847219974,1.6847845417642555,0.009574137144365094
-1.969090520961641,1.0322999999997073,-1.4825650845514473,1.818338955994855,-2.469076378270703,1.6852165884735084,0.009827786080166896
-1.9701282330934415,1.032299999999707,-1.4830384588959493,1.8186153063503825,-2.472022233811726,1.68564254189513,0.010081565037287953
-1.9709780622125919,1.0322999999997065,-1.4833950143006969,1.8188377223831549,-2.4744760625752167,1.6860633041118718,0.01033546937467767
-1.9716576083524426,1.032299999999706,-1.4836499633937912,1.8190157960300717,-2.476546041942228,1.6864796249179401,0.010589495508183099
-1.9721811500778479,1.0322999999997058,-1.483818123550285,1.8191571254269685,-2.478312934594402,1.6868921324814592,0.010843640216230212
-1.9725623118581381,1.0322999999997056,-1.4839132158805985,1.8192675469365613,-2.4798328438544246,1.687301356785369,0.011097900637686646
-1.9728153365916803,1.0322999999997053,-1.4839473466368704,1.8193514874010461,-2.4811428038482988,1.687707748372732,0.011352274403827847
-1.9729552326017934,1.0322999999997051,-1.4839307470352872,1.8194123852361654,-2.482267051318918,1.6881116917361578,0.01160675956267692
-1.9729971503010137,1.032299999999705,-1.483871759761159,1.8194529595259463,-2.483222719015692,1.6885135157751037,0.0118613543745843
-1.972955678661812,1.0322999999997047,-1.4837770111483448,1.8194754661998878,-2.484023936974487,1.6889135018919097,0.012116057354301848
-1.972844182208049,1.0322999999997045,-1.4836516724368218,1.8194820113756467,-2.48468434106102,1.6893118907054692,0.012370867286719454
-1.9726743411032426,1.0322999999997042,-1.4834998337777288,1.8194746198213372,-2.485218257939062,1.6897088879273663,0.012625783121114344
-1.9724559488973235,1.0322999999997042,-1.483324827572375,1.8194552021085795,-2.4856407145519794,1.6901046691086754,0.012880803992991002
-1.9721969462166358,1.032299999999704,-1.4831294478424872,1.8194255054447397,-2.4859667962500183,1.690499384002745,0.013135929170057306
-1.9719036118681448,1.032299999999704,-1.4829160392715104,1.8193870794638458,-2.4862109489623676,1.6908931602909574,0.013391158012950516
-1.9715808570795141,1.0322999999997038,-1.4826867483080823,1.8193412669204398,-2.4863863401425097,1.6912861068248084,0.013646489981103552
-1.971232587589002,1.032299999999704,-1.482443549723516,1.8192892134428487,-2.486504428250731,1.691678316369743,0.013901924616122297
-1.9708620123210427,1.0322999999983564,-1.482188259740343,1.819231888553458,-2.48657478902088,1.6920698680077468,0.014157461524743198
-1.9704718092253655,1.0322999999980271,-1.481922536147841,1.8191701102562414,-2.4866051715631747,1.6924608291719456,0.014413100375346386
-1.9700642734243028,1.0322999999986773,-1.4816478626217053,1.8191045696599857,-2.486601679503526,1.6928512573902346,0.014668840882163357
-1.9696415202033295,1.0322999999999447,-1.4813655371784578,1.8190358520162548,-2.4865691022987133,1.6932412017060432,0.014924682798638197
-1.9692054807956518,1.0323000000008746,-1.481076672773523,1.8189644541633323,-2.4865112674170287,1.6936307038884821,0.015180625915388421
-1.9687579341602695,1.032300000001509,-1.4807822115337825,1.818890799345925,-2.4864313347149687,1.6940197996130768,0.01543667005209428
-1.9683004987380284,1.0323000000015283,-1.4804829440292344,1.8188152482976112,-2.4863319406291704,1.6944085192728928,0.01569281505622358
-1.967834616415654,1.0323000000012845,-1.4801795328042702,1.818738108892673,-2.486215362693454,1.6947968887734224,0.015949060802325752
-1.9673615435574703,1.0323000000011118,-1.479872534813443,1.8186596446652485,-2.486083701286267,1.695184930843046,0.016205407177500266
-1.9668823541227727,1.0323000000009948,-1.47956242026487,1.818580079598946,-2.4859388671371287,1.6955726641793873,0.01646185408625762
-1.9663979544500432,1.0323000000008649,-1.4792495881153016,1.8184996047321238,-2.4857826173037187,1.6959601045566641,0.016718401451166633
-1.965909104912796,1.0323000000007416,-1.4789343784561166,1.8184183832601601,-2.4856165486374397,1.696347265448247,0.01697504920658011
-1.9654164431018852,1.0323000000006233,-1.4786170820143814,1.8183365543579195,-2.4854420813259224,1.6967341586659366,0.017231797292192774
-1.9649205051999359,1.0323000000005265,-1.4782979474220963,1.8182542369228138,-2.4852604502935516,1.6971207941410773,0.017488645662533164
-1.9644217445511698,1.0323000000004219,-1.4779771873350491,1.818171532389009,-2.485072710106619,1.6975071803682098,0.017745594273406395
-1.9639205462344458,1.0323000000003164,-1.4776549833197021,1.8180885277452141,-2.4848797502631674,1.6978933242469691,0.018002643096099218
-1.9634172387856057,1.0323000000002225,-1.4773314903008752,1.8180052968539075,-2.4846823168777927,1.6982792319825624,0.018259792100794304
-1.962912103073899,1.0323000000001503,-1.4770068402935304,1.81792190253981,-2.484481035568947,1.6986649089558223,0.018517041259974137
-1.9624053793391456,1.0323000000000968,-1.4766811456898263,1.8178383983107242,-2.484276432703488,1.6990503597517588,0.018774390549707663
-1.9618972729433959,1.0323000000000535,-1.4763545021369286,1.8177548297844484,-2.4840689534115343,1.6994355882605443,0.019031839949153695
-1.9613879592074273,1.0323000000000169,-1.4760269910543402,1.8176712353953564,-2.483858975984392,1.699820598226978,0.019289389429461533
-1.9608775876247861,1.0322999999999845,-1.4756986817020554,1.8175876483605216,-2.4836468231343436,1.7002053924354297,0.019547038978574374
-1.9603662855793904,1.0322999999999556,-1.475369633067151,1.8175040974400969,-2.483432770832601,1.7005899730354612,0.019804788587257753
-1.9598541615106466,1.032299999999929,-1.4750398953822836,1.8174206070620538,-2.483217055128793,1.7009743418087016,0.020062638250481095
-1.959341307709584,1.0322999999999045,-1.4747095114414048,1.8173371976617643,-2.482999877811245,1.7013585002922722,0.020320587964967617
-1.958827802805458,1.0322999999998823,-1.4743785178725193,1.8172538864582668,-2.4827814112844786,1.7017424501570393,0.020578637686552746
-1.9583137135929012,1.0322999999998639,-1.4740469456509808,1.8171706882538732,-2.4825618023334552,1.7021261926102005,0.02083678743253499
-1.9577990969471637,1.032299999999849,-1.4737148211840452,1.817087615746047,-2.4823411759770195,1.7025097287090885,0.021095037212330085
-1.9572840014239883,1.032299999999837,-1.4733821670245135,1.8170046798776198,-2.4821196388783746,1.7028930593811615,0.02135338703300164
-1.9567684683721716,1.0322999999998275,-1.4730490024066332,1.8169218900205188,-2.4818972817549825,1.7032761854959924,0.02161183689083846
-1.956252532828545,1.03229999999982,-1.4727153435731226,1.8168392542012644,-2.481674181410716,1.7036591077216756,0.021870386799570502
-1.9557362244614769,1.0322999999998137,-1.4723812041285447,1.8167567793497463,-2.481450402885944,1.7040418264613462,0.022129036818202004
-1.9552195683409035,1.0322999999998084,-1.4720465957206226,1.816674471195914,-2.48122600104074,1.7044243417632607,0.022387786946164334
-1.9547025864655494,1.032299999999804,-1.4717115287375002,1.816592334623438,-2.4810010239307037,1.704806654281366,0.022646637127894494
-1.954185297886928,1.0322999999998004,-1.4713760122865185,1.8165103737627124,-2.480775513127238,1.705188764715906,0.02290558727892633
-1.95366771867188,1.0322999999997973,-1.4710400537891433,1.8164285922965964,-2.4805495038127185,1.705570673503172,0.023164637412352904
-1.9531498624638484,1.0322999999997946,-1.470703659598165,1.816346993307287,-2.4803230258487647,1.7059523810151784,0.023423787522865325
-1.9526317407903655,1.0322999999997924,-1.470366835091124,1.8162655793890017,-2.4800961044678616,1.7063338875290568,0.023683037602841545
-1.9521133633754932,1.0322999999997906,-1.4700295847890397,1.8161843527419874,-2.4798687609655525,1.7067151932286548,0.023942387650901103
-1.9515947384359305,1.032299999999789,-1.4696919124905907,1.8161033152432482,-2.479641013347542,1.7070962982264601,0.024201837672948846
-1.9510758729408055,1.0322999999997877,-1.4693538214023623,1.8160224684979334,-2.4794128768926695,1.7074772025914908,0.02446138767901582
-1.9505567728253932,1.0322999999997866,-1.4690153142497275,1.8159418138782633,-2.4791843646150626,1.707857906376223,0.02472103767945119
-1.950037443160837,1.0322999999997855,-1.468676393363862,1.8158613525551177,-2.4789554876321294,1.7082384096294485,0.024980787682246985
-1.9495178882873132,1.0322999999997846,-1.4683370607466877,1.8157810855254548,-2.478726255455079,1.7086187124019696,0.02524063769202945
-1.9489981119200999,1.032299999999784,-1.4679973181193229,1.81570101363682,-2.4784966762219236,1.7089988147478752,0.02550058771032869
-1.9484781172367798,1.0322999999997833,-1.4676571669598542,1.8156211376092193,-2.4782667568899694,1.7093787167226293,0.02576063773647393
-1.947957906951399,1.0322999999997826,-1.4673166085348295,1.8155414580542883,-2.478036503399727,1.709758418378601,0.02602078776855957
-1.9474374833787613,1.0322999999997822,-1.4669756439265673,1.81546197549195,-2.4778059208169467,1.7101379197630537,0.026281037804280864
-1.9469168484908186,1.0322999999997817,-1.4666342740576062,1.8153826903646455,-2.4775750134569083,1.710517220917835,0.026541387841503516
-1.9463960039661994,1.0322999999997813,-1.4662924997128515,1.8153036030492984,-2.4773437849932516,1.7108963218793996,0.026801837878544343
-1.9458749512405507,1.032299999999781,-1.4659503216138425,1.8152247138281072,-2.4771122385453253,1.7112752228064765,0.027062387897601983
-1.9453536915258316,1.0322999999997808,-1.4656077403174608,1.8151460229810423,-2.476880376769948,1.7116539237337047,0.027323037900658667
-1.9448322258530093,1.0322999999997808,-1.465264756277257,1.8150675307623843,-2.4766482019362437,1.7120324246364915,0.027583787895967913
-1.944310555102343,1.0322999999997808,-1.4649213698791144,1.8149892373903418,-2.476415715982247,1.712410725475033,0.027844637891022116
-1.943788680025765,1.0322999999997808,-1.4645775814590203,1.8149111430462366,-2.476182920560597,1.7127888262179813,0.028105587890150677
-1.9432666012647044,1.0322999999997808,-1.464233391310865,1.8148332478789302,-2.4759498170777854,1.7131667268506836,0.028366637894676257
-1.942744319365342,1.0322999999997808,-1.4638887996901238,1.8147555520110046,-2.4757164067290964,1.7135444273741065,0.028627787904023337
-1.9422218347921898,1.0322999999997808,-1.4635438068167377,1.8146780555445832,-2.475482690529886,1.713921927799703,0.028889037916834386
-1.9416991479402197,1.0322999999997808,-1.4631984128784663,1.8146007585659045,-2.475248669343169,1.7142992281437488,0.02915038793171226
-1.941176259145506,1.0322999999997808,-1.4628526180347923,1.8145236611485696,-2.4750143439033936,1.7146763284229531,0.02941183794755889
-1.940653168694341,1.0322999999997808,-1.4625064224209734,1.8144467633557566,-2.474779714836487,1.715053228651875,0.02967338796363465
-1.9401298768308888,1.0322999999997808,-1.4621598261518278,1.8143700652417751,-2.4745447826765115,1.7154299288419215,0.029935037979483232
-1.9396063837635404,1.0322999999997808,-1.4618128293250074,1.8142935668532523,-2.474309547879437,1.7158064290014168,0.03019678799482723
-1.9390826896701898,1.0322999999997808,-1.461465432023698,1.8142172682301319,-2.4740740108345842,1.7161827291362073,0.030458638009486987
-1.9385587947026508,1.0322999999997808,-1.4611176343188081,1.8141411694065663,-2.473838171874234,1.7165588292504081,0.030720588023335577
-1.9380346989903992,1.0322999999997808,-1.460769436270761,1.814065270411725,-2.4736020312817995,1.7169347293470552,0.030982638036281977
-1.9375104026437817,1.0322999999997808,-1.460420837930991,1.8139895712705172,-2.4733655892988486,1.7173104294285673,0.031244788048268527
-1.936985905756786,1.0322999999997808,-1.4600718393432284,1.8139140720042217,-2.4731288461311713,1.71768592949702,0.031507038059271845
-1.9364612084094364,1.0322999999997808,-1.4597224405446176,1.8138387726310277,-2.472891801954025,1.7180612295542743,0.03176938806930088
-1.9359363106698624,1.0322999999997808,-1.4593726415666965,1.8137636731664888,-2.472654456916655,1.718436329602016,0.03203183807839127
-1.935411212596074,1.0322999999997808,-1.4590224424362452,1.8136887736239073,-2.4724168111461715,1.7188112296417544,0.032294388086597146
-1.9348859142374788,1.0322999999997808,-1.4586718431760164,1.8136140740146574,-2.47217886475086,1.7191859296748115,0.032557038093982825
-1.9343604156361696,1.0322999999997808,-1.4583208438053554,1.8135395743484601,-2.4719406178229923,1.7195604297023188,0.03281978810061583
-1.9338347168280172,1.0322999999997808,-1.4579694443407218,1.8134652746336213,-2.471702070441214,1.7199347297252252,0.03308263810656221
-1.933308817843596,1.0322999999997808,-1.457617644796127,1.813391174877234,-2.4714632226725635,1.7203088297443156,0.033345588111883984
-1.9327827187089666,1.0322999999997808,-1.4572654451835014,1.8133172750853543,-2.4712240745741907,1.7206827297602347,0.03360863811663832
-1.932256419446342,1.0322999999997808,-1.456912845513002,1.813243575263154,-2.470984626194812,1.7210564297735107,0.03387178812087772
-1.9317299200746543,1.0322999999997808,-1.4565598457932747,1.8131700754150493,-2.470744877575953,1.7214299297845788,0.03413503812465044
-1.9312032206100367,1.0322999999997808,-1.4562064460316764,1.8130967755448122,-2.4705048287530054,1.7218032297937997,0.03439838812800121
-1.9306763210662363,1.0322999999997808,-1.4558526462344652,1.8130236756556657,-2.470264479756131,1.722176329801475,0.0346618381309715
-1.9301492214549665,1.0322999999997808,-1.4554984464069634,1.8129507757503638,-2.4700238306110345,1.7225492298078566,0.03492538813359991
-1.9296219217862067,1.0322999999997808,-1.455143846553697,1.8128780758312595,-2.469782881339619,1.7229219298131575,0.0351890381359222
-1.9290944220684603,1.0322999999997806,-1.4547888466785146,1.812805575900364,-2.4695416319605505,1.7232944298175565,0.03545278813797119
-1.9285667223089715,1.0322999999997806,-1.4544334467846893,1.8127332759593955,-2.4693000824897355,1.7236667298212045,0.03571663813977694
-1.9280388225139138,1.0322999999997806,-1.4540776468750054,1.812661176009822,-2.4690582329407302,1.7240388298242273,0.03598058814136668
-1.9275107226885468,1.0322999999997806,-1.4537214469518307,1.8125892760528977,-2.468816083325087,1.7244107298267304,0.03624463814276493
-1.926982422837353,1.0322999999997806,-1.4533648470171798,1.8125175760896943,-2.468573633652652,1.724782429828802,0.03650878814399364
-1.9264539229641517,1.0322999999997806,-1.4530078470727663,1.812446076121127,-2.4683308839318157,1.725153929830515,0.03677303814507244
-1.9259252230721977,1.0322999999997806,-1.4526504471200485,1.8123747761479776,-2.4680878341697303,1.7255252298319301,0.037037388146018826
-1.9253963231642641,1.0322999999997806,-1.4522926471602666,1.812303676170914,-2.4678444843724905,1.7258963298330983,0.03730183814684838
-1.9248672232427144,1.0322999999997806,-1.451934447194476,1.8122327761905066,-2.4676008345452907,1.7262672298340616,0.03756638814757497
-1.9243379233095625,1.0322999999997806,-1.4515758472235742,1.812162076207243,-2.467356884692558,1.726637929834855,0.03783103814821093
-1.9238084233665242,1.0322999999997806,-1.4512168472483251,1.8120915762215395,-2.467112634818065,1.727008429835508,0.03809578814876715
-1.9232787234150617,1.0322999999997806,-1.450857447269378,1.8120212762337515,-2.4668680849250273,1.7273787298360443,0.038360638149253355
-1.9227488234564207,1.0322999999997806,-1.4504976472872855,1.8119511762441831,-2.4666232350161854,1.7277488298364845,0.038625588149678036
-1.922218723491663,1.0322999999997804,-1.4501374473025175,1.8118812762530936,-2.466378085093874,1.728118729836845,0.03889063815004881
-1.9216884235216933,1.0322999999997804,-1.4497768473154735,1.811811576260705,-2.466132635160083,1.72848842983714,0.039155788150372364
-1.9211579235472822,1.0322999999997804,-1.4494158473264935,1.8117420762672065,-2.4658868852165097,1.7288579298373807,0.03942103815065453
-1.9206272235690867,1.0322999999997804,-1.4490544473358669,1.81167277627276,-2.4656408352645984,1.7292272298375768,0.039686388150900434
-1.9200963235876662,1.0322999999997804,-1.4486926473438395,1.8116036762775036,-2.465394485305582,1.7295963298377364,0.03995183815111467
-1.9195652236034981,1.0322999999997804,-1.4483304473506209,1.8115347762815555,-2.465147835340509,1.7299652298378658,0.04021738815130124
-1.9190339236169887,1.0322999999997804,-1.4479678473563888,1.8114660762850163,-2.464900885370276,1.7303339298379705,0.04048303815146362
-1.918502423628484,1.0322999999997804,-1.4476048473612948,1.8113975762879726,-2.4646536353956443,1.730702429838055,0.0407487881516049
-1.9179707236382793,1.0322999999997804,-1.4472414473654676,1.8113292762904976,-2.4644060854172642,1.731070729838123,0.04101463815172776
-1.9174388236466258,1.0322999999997804,-1.4468776473690168,1.8112611762926543,-2.46415823543569,1.7314388298381775,0.041280588151834566
-1.916906723653738,1.0322999999997804,-1.4465134473720358,1.8111932762944964,-2.463910085451393,1.7318067298382214,0.0415466381519273
-1.9163744236597984,1.0322999999997804,-1.4461488473746036,1.81112557629607,-2.4636616354647756,1.7321744298382562,0.04181278815200782
-1.9158419236649624,1.0322999999997804,-1.4457838473767874,1.8110580762974142,-2.463412885476181,1.7325419298382838,0.04207903815207774
-1.9153092236693627,1.0322999999997804,-1.4454184473786449,1.8109907762985622,-2.463163835485901,1.7329092298383053,0.04234538815213841
-1.9147763236731123,1.0322999999997804,-1.4450526473802245,1.8109236762995429,-2.462914485494185,1.733276329838322,0.04261183815219109
-1.9142432236763074,1.0322999999997804,-1.4446864473815682,1.8108567763003804,-2.462664835501245,1.733643229838335,0.04287838815223686
-1.91370992367903,1.0322999999997804,-1.444319847382711,1.8107900763010958,-2.4624148855072616,1.7340099298383451,0.04314503815227657
-1.91317642368135,1.0322999999997804,-1.4439528473836831,1.8107235763017067,-2.4621646355123894,1.7343764298383528,0.043411788152311
-1.9126427236833268,1.0322999999997804,-1.44358544738451,1.8106572763022286,-2.4619140855167596,1.7347427298383584,0.04367863815234079
-1.9121088236850112,1.0322999999997804,-1.4432176473852134,1.8105911763026743,-2.4616632355204837,1.7351088298383626,0.04394558815236658
-1.9115747236864467,1.0322999999997804,-1.4428494473858116,1.810525276303055,-2.4614120855236576,1.7354747298383655,0.04421263815238889
-1.9110404236876697,1.0322999999997804,-1.4424808473863202,1.8104595763033802,-2.4611606355263627,1.7358404298383676,0.044479788152408176
-1.9105059236887119,1.0322999999997804,-1.442111847386753,1.8103940763036577,-2.460908885528668,1.736205929838369,0.04474703815242489
-1.9099712236896,1.0322999999997804,-1.4417424473871208,1.8103287763038949,-2.460656835530633,1.7365712298383698,0.045014388152439314
-1.9094363236903567,1.0322999999997804,-1.4413726473874335,1.8102636763040976,-2.4604044855323073,1.73693632983837,0.04528183815245179
-1.9089012236910015,1.0322999999997804,-1.4410024473876997,1.8101987763042706,-2.4601518355337344,1.7373012298383699,0.04554938815246264
-1.908365923691551,1.0322999999997804,-1.440631847387926,1.8101340763044185,-2.4598988855349506,1.7376659298383696,0.04581703815247208
-1.907830423692019,1.0322999999997804,-1.4402608473881187,1.8100695763045447,-2.459645635535987,1.7380304298383693,0.04608478815248024
-1.9072947236924178,1.0322999999997804,-1.4398894473882824,1.8100052763046526,-2.4593920855368703,1.7383947298383688,0.04635263815248727
-1.9067588236927577,1.0322999999997804,-1.4395176473884217,1.8099411763047446,-2.459138235537623,1.7387588298383683,0.046620588152493335
-1.9062227236930473,1.0322999999997804,-1.4391454473885401,1.8098772763048232,-2.4588840855382648,1.7391227298383678,0.046888638152498587
-1.9056864236932942,1.0322999999997804,-1.438772847388641,1.8098135763048904,-2.4586296355388115,1.7394864298383672,0.04715678815250312
-1.9051499236935046,1.0322999999997804,-1.4383998473887267,1.8097500763049477,-2.4583748855392775,1.7398499298383667,0.04742503815250705
-1.9046132236936837,1.0322999999997804,-1.4380264473887996,1.8096867763049966,-2.4581198355396747,1.7402132298383661,0.047693388152510494
-1.9040763236938365,1.0322999999997804,-1.4376526473888616,1.8096236763050384,-2.4578644855400134,1.7405763298383656,0.047961838152513474
-1.9035392236939668,1.0322999999997804,-1.4372784473889142,1.809560776305074,-2.457608835540302,1.740939229838365,0.04823038815251605
-1.9030019236940776,1.0322999999997804,-1.4369038473889588,1.8094980763051045,-2.4573528855405478,1.7413019298383645,0.04849903815251829
-1.9024644236941721,1.0322999999997804,-1.4365288473889968,1.8094355763051306,-2.4570966355407573,1.7416644298383641,0.04876778815252024
-1.9019267236942525,1.0322999999997804,-1.4361534473890292,1.8093732763051529,-2.456840085540936,1.7420267298383636,0.04903663815252192
-1.901388823694321,1.0322999999997804,-1.4357776473890567,1.809311176305172,-2.4565832355410877,1.742388829838363,0.04930558815252345
-1.9008507236943795,1.0322999999997804,-1.43540144738908,1.8092492763051882,-2.456326085541217,1.7427507298383624,0.04957463815252476
-1.9003124236944293,1.0322999999997804,-1.4350248473890999,1.809187576305202,-2.4560686355413273,1.743112429838362,0.04984378815252584
-1.8997739236944717,1.0322999999997804,-1.4346478473891169,1.809126076305214,-2.4558108855414216,1.7434739298383617,0.050113038152526775
-1.899235223694508,1.0322999999997804,-1.4342704473891315,1.809064776305224,-2.4555528355415017,1.7438352298383615,0.05038238815252756
-1.898696323694539,1.0322999999997804,-1.4338926473891438,1.8090036763052328,-2.45529448554157,1.7441963298383611,0.05065183815252818
-1.8981572236945652,1.0322999999997804,-1.4335144473891543,1.8089427763052401,-2.4550358355416284,1.744557229838361,0.050921388152528675
-1.8976179236945876,1.0322999999997804,-1.4331358473891633,1.8088820763052464,-2.454776885541678,1.7449179298383608,0.0511910381525291
-1.8970784236946068,1.0322999999997804,-1.4327568473891708,1.808821576305252,-2.4545176355417206,1.7452784298383608,0.05146078815252947
