0.0,0.0,0.0,0.0,0.0,0.0,0.0
-48.174460850400756,-9.458437418929529e-12,-36.13744501788095,24.148993583485076,-60.33872836699503,2.4649408581510928,0.07802483499084097
-100.0,-1.2736471338134898e-11,-85.94299031824534,57.39355647780748,-100.0,5.877778806459563,0.14898541881097727
-100.0,-1.6263693047189636e-11,-100.0,88.22642248541717,-100.0,9.095894002040101,0.2097892868376221
-100.0,-1.8540243206297022e-11,-100.0,100.0,-100.0,11.334834444177455,0.23463446594116252
-100.0,-1.953472017128016e-11,-100.0,100.0,-100.0,12.300065551012937,0.25630918610301406
-100.0,-1.9565616937467908e-11,-100.0,100.0,-100.0,12.064071950147705,0.25152178364618527
-100.0,-1.8909938558441395e-11,-100.0,94.74123796672468,-100.0,10.839179465255297,0.24042071352696445
-100.0,-1.7892888711631803e-11,-100.0,83.69349853327633,-100.0,9.002882676709678,0.2325699718705013
-100.0,-1.6625315920036427e-11,-100.0,69.31078645756588,-100.0,6.9524161791505605,0.2377378189930945
-100.0,-1.528288477319336e-11,-100.0,54.07842217885797,-100.0,5.034918804264176,0.24326686310599452
-100.0,-1.3918303076640757e-11,-95.10998792127694,39.974255874134,-100.0,3.4335995900551,0.2606685948534809
-100.0,-1.258931913235677e-11,-85.27194428901089,28.330102633947725,-100.0,2.2678818843263286,0.2747779180002909
-100.0,-1.1342638390294429e-11,-72.32337705744496,19.725379959650905,-100.0,1.535294247445193,0.28013485494717627
-100.0,-1.0162350250383749e-11,-58.27050343053599,14.119736977323239,-100.0,1.1835517703451746,0.27075832191478855
-99.15480311623122,-9.092979074086128e-12,-44.87760213271235,11.038468463795589,-100.0,1.1077103528990622,0.26321621293102443
-92.48960852987578,-8.134355249248722e-12,-33.39031166947056,9.791790198928252,-100.0,1.1875368553912014,0.25871840349099473
-81.39848837504839,-7.255635564733808e-12,-24.453518919568133,9.646477835994087,-100.0,1.3322856049229461,0.2551782823600766
-67.84771677138568,-6.472831039074864e-12,-18.173107462364634,9.946150080935803,-100.0,1.4655034209565279,0.2544738896527678
-53.81042726064894,-5.761909440157745e-12,-14.246331906781236,10.20981483915062,-100.0,1.5375052462357754,0.25294839781660045
-40.89870536693053,-5.133805605045889e-12,-12.134403596656277,10.14962638164604,-98.72590721123626,1.5304730480708582,0.25351723617593347
-30.16327205932004,-4.5671535032763655e-12,-11.212908682168315,9.662328796692902,-91.74114435280846,1.4504999807624186,0.2540013759787931
-22.065953395627666,-4.061670652757393e-12,-10.90148577243634,8.779198775634091,-80.48661476687413,1.3177714814985604,0.254512133132069
-16.566757640342132,-3.615692961464937e-12,-10.743092939575073,7.617034193438711,-66.92207470373734,1.1570524359759622,0.25417166208555186
-13.270809173327333,-3.2250904888879225e-12,-10.437627455443929,6.327809612195663,-52.99147758582821,0.992416853382576,0.25372281849273565
-11.594888641394563,-2.874955521736021e-12,-9.8442005297102,5.059116317239348,-40.26269010560344,0.8444577105839586,0.25340266061246314
-10.91777022082719,-2.5598366961251425e-12,-8.949075817870812,3.9243082837769947,-29.742285962235805,0.724149311298143,0.25297505185377117
-10.691533343849878,-2.273312533438942e-12,-7.824262081417939,2.992455067621681,-21.855953797290162,0.6357485865619782,0.25277042215284684
-10.507580002429265,-2.0197477143540074e-12,-6.584289513869767,2.28783690862074,-16.536772895305752,0.5775110990877079,0.25272237730723784
-10.116295454559038,-1.7967862776762741e-12,-5.351815859188736,1.79782736705493,-13.375251818311664,0.5442023588979905,0.25273723752560195
-9.420939821555043,-1.6057752247653658e-12,-4.225956316179005,1.48522156120625,-11.785089858724335,0.5285855578627559,0.25284795667744314
-8.439528166463925,-1.438096300251988e-12,-3.272400555593025,1.3008564062356143,-11.150724673634917,0.5234651238863214,0.2530058623295265
-7.262013941580879,-1.2885031007543972e-12,-2.5199049759049803,1.1952091638364915,-10.934631336377816,0.5222154321607768,0.253144111830656
-6.008451930361706,-1.146691248331471e-12,-1.9647638662374027,1.1257172237200643,-10.740667059539222,0.5190050012504925,0.2532641237088624
-4.797703378869731,-1.018015582805015e-12,-1.5799078217468985,1.0618636569124327,-10.331009964778932,0.512175134473802,0.25336984218558867
-3.7189711998216115,-9.010647404838019e-13,-1.3254285004243946,0.9848053531301838,-9.617731176531194,0.501595946619131,0.25346957450901114
-2.826110142583407,-7.973631016778181e-13,-1.158691965356792,0.888841892841614,-8.624521482242981,0.48820071000071197,0.2535609061118234
-2.136745028997292,-7.073102909806046e-13,-1.0409685849754902,0.7765582479486138,-7.443789998871942,0.47338537793062163,0.25363755260748244
-1.6385351607149927,-6.28872029283031e-13,-0.9423382596188303,0.6553774387447258,-6.195479368142384,0.4587771342104571,0.2537170342666331
-1.2990642792710045,-5.583965309829238e-13,-0.8421757677845106,0.5344858780842927,-4.996643550246186,0.44616832528137407,0.2538025518014033
-1.076410379235667,-4.953544715927307e-13,-0.7320160216571491,0.42327918078091287,-3.933762950771639,0.43602286175133204,0.25389336778875904
-0.9285981956404776,-4.376798773600566e-13,-0.611902162618915,0.326850552340612,-3.0579665883576226,0.4281653637687394,0.25398709541619635
-0.8191906164807462,-3.8865510423603067e-13,-0.48668268874111276,0.2478609134448691,-2.384579633851769,0.422133250374251,0.25408233565083344
-0.7218151116736663,-3.4195608316915176e-13,-0.3653739536350873,0.1864255181851299,-1.899718137343537,0.41741531027382384,0.2541772722322187
-0.6186399341086616,-3.006175656162272e-13,-0.2535517896218897,0.14069543674169227,-1.570233896018288,0.4135591096700462,0.25427286900162394
-0.5047729779057318,-2.6989395219411135e-13,-0.15493464585146927,0.10763031712810764,-1.3541746490422717,0.41027835586616423,0.25436961432649785
-0.38211652691442416,-2.3638998021874125e-13,-0.07182238191894844,0.08392209023507882,-1.210045580624707,0.40742015887614613,0.2544667805905596
-0.2564649002088908,-2.1215080211638253e-13,-0.004590609818796443,0.06620093029103913,-1.1021323985198104,0.40490609782332654,0.25456433377757176
-0.1370054477295559,-1.8865366313105631e-13,0.048004158699906624,0.05157698080263641,-1.0049162843222725,0.4026918180686463,0.2546623535491785
-0.028933529453069595,-1.6750782519027652e-13,0.08828161671817009,0.037238824692118366,-0.901327213323696,0.4007467997127736,0.2547604632173595
0.06472888153909333,-1.4379570879212194e-13,0.11885027622917496,0.02270243528741606,-0.7870445465916641,0.39904371262481275,0.2548589071102077
0.14241460177213638,-1.2224027212390518e-13,0.14251792927226387,0.008185496414751622,-0.6643192037480157,0.3975552513685003,0.2549576669222497
0.20441780243979085,-1.0315030706117014e-13,0.16194761994965598,-0.0055024681729023955,-0.5393109531879613,0.3962548264408258,0.25505662484378255
0.25246436569335823,-9.337048469600988e-14,0.17935674704560398,-0.017788396482570665,-0.4208186800897666,0.39511688038356174,0.2551557133485743
0.28909878294382824,-8.409127467834256e-14,0.19620759461893508,-0.02844966769164467,-0.3139742103554599,0.39411812627162823,0.25525490743457363
0.3169442257165998,-7.963975543755065e-14,0.21257536090709175,-0.03751240565439641,-0.2216468592846913,0.3932379191630456,0.25535420640640416
0.33888462002454234,-7.459167034940068e-14,0.228000404630687,-0.045134103381588214,-0.14525765105236652,0.3924584854922653,0.25545358765493803
0.3573657794337535,-7.215443221651081e-14,0.24199436979108596,-0.051519910486793635,-0.08439883151476177,0.39176465986514564,0.2555530508564781
0.3745538035389191,-6.979369224687292e-14,0.2543963490018754,-0.05687282875441242,-0.03727627324878987,0.39114361568374173,0.2556525919788394
0.39128084257332835,-6.866407966649866e-14,0.2651847178302034,-0.06136976665567301,-0.0013427602501262792,0.39058456275638503,0.25575220351731204
0.4073634621751041,-6.738878938439511e-14,0.274436644263801,-0.06515703420773697,0.02603653399367415,0.39007825699297144,0.2558518758533053
0.4222737262009797,-6.708136492619616e-14,0.28230232573910435,-0.06835116275622653,0.04773871330008321,0.3896169593925943,0.25595159485617686
0.43562848751767635,4.281074086009483e-10,0.28897141818722943,-0.07104587211964523,0.0661323667068615,0.38919404197505575,0.2560513558080014
0.44735901255226235,-4.08352291083183e-10,0.2946384154110645,-0.07331761155400358,0.08338236878250688,0.3888037946594142,0.2561511539534903
0.45747971259545206,-4.746368086369406e-10,0.2994782944400457,-0.07522848090768117,0.10017496308569507,0.38844149251524585,0.25625098317844647
0.4660958191786444,-2.606105939137135e-10,0.3036372854071104,-0.07683038554924067,0.1162599353419333,0.3881031230400411,0.25635083348410254
0.47338079293651886,-3.928404020140594e-11,0.30723516857560773,-0.0781688476849155,0.1310980050773775,0.38778507209399504,0.25645070950156257
0.4795296679658858,6.457071776862997e-11,0.31036434653489553,-0.07928180071203458,0.14436755142538624,0.3874843822233118,0.2565506064965652
0.4847321497888957,1.2294882059551024e-10,0.31309710909630833,-0.0802020163262063,0.156016062924553,0.3871986343877799,0.25665051953787843
0.4891554559309113,1.4795117907371196e-10,0.315491370969043,-0.08095766503150997,0.16607182251543698,0.38692568795732996,0.25675044067132724
0.49293781131722836,1.07033739722063e-10,0.3175952191107708,-0.0815728116370263,0.17464907453268436,0.3866634221761495,0.25685037927145604
0.49618857967807223,6.296743818761301e-11,0.3194492167698532,-0.08206812045379691,0.18191867886955637,0.38641020996754444,0.2569503228798026
0.4989936307845823,3.002829927646791e-11,0.3210886623709147,-0.08246114161530199,0.18807326836384802,0.38616468826860484,0.25705027653694984
0.501420614967961,1.664787133167885e-11,0.32254428283607056,-0.08276692684320035,0.19329921527267396,0.38592582058828484,0.2571502377336335
0.5035242732464573,1.9302052832309678e-11,0.32384289928136323,-0.08299800049758431,0.19776012785738162,0.38569241695280754,0.2572502083937705
0.5053501210392667,2.791836238625848e-11,0.32500770648413124,-0.08316559713249755,0.20159068794378815,0.3854639284713335,0.25735018314428093
0.5069371104023377,3.029529208808485e-11,0.3260586839802126,-0.08327915442103404,0.20489789406826628,0.3852396623549392,0.25745016035574764
0.5083190788770364,2.7973775239797245e-11,0.32701288379322896,-0.08334706776471079,0.20776568585257776,0.3850194402055884,0.25755013149643907
0.5095255744679066,2.2690461940268018e-11,0.32788485934009426,-0.08337556162325226,0.21026060455584353,0.3848022725514958,0.25765010691853596
0.5105823068010927,1.8762493732059966e-11,0.328686925292083,-0.08337029330418919,0.2124365838422818,0.3845875283020836,0.25775009022721834
0.5115114928324135,1.6197441144668857e-11,0.3294294908100412,-0.08333618910419296,0.2143386041776571,0.38437478863333174,0.2578500802748297
0.5123322073614964,1.508489585168222e-11,0.33012137979896966,-0.08327751260742922,0.21600515341514417,0.3841637662385292,0.25795007533774167
0.5130607105576509,1.358780468030179e-11,0.33077008168484184,-0.08319827628622557,0.21746962493759717,0.3839542393603614,0.25805007395639085
0.5137108139141501,1.2395858352925175e-11,0.33138196966250216,-0.08310160234886059,0.21876115220495448,0.38374601397892855,0.25815007471210727
0.5142942473482627,1.0467209891835106e-11,0.3319624397314454,-0.08299002982311574,0.21990516314430197,0.38353930702606404,0.25825006105961923
0.5148209442535167,8.781285690645878e-12,0.3325161468069628,-0.08286562753316705,0.22092358784382798,0.38333376566432437,0.25835003699147635
0.5152991977206306,7.659828693142182e-12,0.333047046403248,-0.08273010123871664,0.22183492093655863,0.38312899314996507,0.2584500214338228
0.5157363056125984,6.290434277751017e-12,0.3335586079336141,-0.08258501729838823,0.22265550386945546,0.3829249191892633,0.2585500229213115
0.5161383181797025,5.2821942084813204e-12,0.33405367530423363,-0.08243174456331828,0.22339887734906508,0.3827213260830365,0.25865003617756904
0.5165106150919742,4.122560205899122e-12,0.33453494403044115,-0.08227139770481653,0.224076931520524,0.38251799552046006,0.25875011118194613
0.5168578862526064,3.601185527421321e-12,0.33500446200479084,-0.08210521005958554,0.22470009763181223,0.38231465926256114,0.25885019356212513
0.5171832480989169,3.3209030666774106e-12,0.3354635287613732,-0.0819340568200841,0.2252753007545533,0.38211195696294575,0.2589502276586283
0.5174896597484171,3.2407800075339637e-12,0.3359134479308502,-0.0817587087427828,0.22580905804871734,0.3819099739306039,0.2590501842658183
0.5177800943661883,3.0464864786258572e-12,0.3363559166836943,-0.08157962182217521,0.22630773618565472,0.3817083835279403,0.25915016113062683
0.5180569495066366,2.737987417808725e-12,0.33679199501418716,-0.08139740831641189,0.22677660671956354,0.38150715121111206,0.2592501364682818
0.5183223158929527,2.395089040344779e-12,0.3372226501941043,-0.08121256433460189,0.2272202526602121,0.38130618527339744,0.259350105347568
0.5185779785226878,1.9992620878726906e-12,0.33764873547822993,-0.08102548954924021,0.2276425803629175,0.38110539457188,0.25945007247265695
0.5188254342845962,1.7080616539078315e-12,0.3380709753447511,-0.08083651117971236,0.2280468663438585,0.3809047139156224,0.25955004463585046
0.5190659264265981,1.4686633555219795e-12,0.3384899676363825,-0.08064590405073419,0.22843583672440765,0.38070410594746734,0.25965002614156896
0.5193004878118596,1.2105067326172308e-12,0.3389062003452004,-0.08045390374349262,0.2288117617299714,0.380503553842175,0.2597500176775158
0.5195299831731914,1.011082226150859e-12,0.33932007428835315,-0.08026071409190753,0.22917654589566613,0.3803030525403386,0.2598500172622778
0.5197551442924143,8.477085133865938e-13,0.3397319242802597,-0.08006651143461145,0.22953180262691827,0.3801026018813206,0.2599500217787245
0.5199765964245454,6.990206388687954e-13,0.3401420353353889,-0.07987144750216163,0.22987891041816086,0.3799022024145904,0.26005002821882817
0.5201948770816303,5.686931139589393e-13,0.34055065356112174,-0.0796756519545472,0.23021905333229167,0.3797018534621482,0.26015003435952866
0.520410449338433,4.809714378136841e-13,0.3409579929493826,-0.07947923493380127,0.23055325022319434,0.37950155264707824,0.2602500389356266
0.5206237117402189,4.1208003092501684e-13,0.3413642396199427,-0.07928228964557246,0.2308823769023148,0.3793012961786787,0.26035004150034563
0.5208350063254595,3.248882659354742e-13,0.34176955478712484,-0.07908489485240944,0.2312071842731517,0.3791010794027647,0.26045004215822853
0.5210446256433809,2.697567360022765e-13,0.3421740772515076,-0.07888711715458277,0.23152831418968378,0.3789008973430069,0.2605500412982886
0.5212528186781779,2.402724875997775e-13,0.3425778829281322,-0.078689047181182,0.2318463321894044,0.3787008839757037,0.260650025451899
0.5214598031284016,2.086753097417176e-13,0.34298112806083614,-0.07849069184970472,0.23216169187688318,0.3785009056861006,0.26075001221862276
0.5216657562141224,2.862708909410103e-13,0.3433839109676344,-0.07829208002043866,0.23247477569308161,0.3783008976961982,0.26085000648660356
0.5218708271096405,2.979232185718448e-13,0.34378629782045833,-0.0780932493333923,0.2327859131292193,0.3781008429806691,0.2609500069477928
0.5220751442164542,2.61371479320351e-13,0.34418833955733985,-0.07789423703325357,0.23309539054397993,0.3779007507555348,0.26105001050848126
0.5222788189355824,2.321520612605335e-13,0.3445900805951546,-0.07769507525686808,0.23340345628147194,0.37770063970665424,0.2611500145572192
0.5224819475865938,1.93746257968515e-13,0.3449915618857725,-0.0774957897425258,0.2337103239017035,0.37750052760555847,0.2612500176689796
0.5226846126824869,1.5589826922562853e-13,0.34539282104827285,-0.07729640049887357,0.23401617519335455,0.3773004266222952,0.261350019452528
0.5228868842214074,1.47102120949434e-13,0.34579389162110374,-0.07709692319304916,0.2343211636292998,0.37710034257462755,0.2614500201070525
0.5230888211906893,1.9883218382294668e-13,0.346194802536948,-0.07689737048876076,0.2346254182338133,0.37690027626529676,0.2615500200195646
0.5232904732050028,2.4533684550532425e-13,0.34659557816192826,-0.07669775301268908,0.23492904751446358,0.37670022547947524,0.26165001952563205
0.5234918821023592,2.1070213760605178e-13,0.34699623879533104,-0.07649807992478519,0.23523214308363127,0.3765001867858351,0.26175001882728194
0.5236930833511959,9.536154705208326e-14,0.3473968013789448,-0.07629835920544302,0.23553478272825096,0.37630015677588036,0.26185001800845914
0.5238941071961504,2.3581981005280145e-14,0.3477972801948707,-0.07609859779153906,0.2358370328539885,0.376100132705826,0.2619500170870915
0.5240949795434356,-2.014099117549485e-14,0.3481976874306939,-0.0758988016619993,0.23613895036233215,0.3759001126762705,0.262050016063435
0.5242957226301886,-3.035209580511333e-14,0.348598033579443,-0.07569897592314512,0.23644058408159374,0.37570009553413236,0.2621500149481029
0.5244963555398466,-6.962953160130643e-15,0.3489983277049758,-0.07549912490990558,0.236741975888373,0.37550008065838203,0.2622500137693267
0.524696894617286,2.772420712300606e-14,0.34939857761975757,-0.07529925229546701,0.23704316162759917,0.3753000677392459,0.26235001256748797
0.5248973538238383,-5.477268012355864e-15,0.3497987900206343,-0.07509936119842482,0.23734417190640122,0.37510005660670415,0.26245001138470925
0.5250977450533344,3.2079988342555404e-14,0.3501989706098977,-0.07489945427762994,0.23764503280009316,0.37490004712561187,0.26255001025631647
0.52529807841846,1.194210968270147e-14,0.3505991242164572,-0.07469953380964295,0.2379457664886234,0.37470003914679245,0.26265000920558673
0.5254983625097109,-2.086134687238541e-14,0.3509992549157843,-0.07449960174958832,0.23824639182503796,0.3745000324972293,0.262750008243833
0.5256986046246408,-1.449836651346366e-14,0.35139936614507783,-0.07429965977828572,0.23854692483600287,0.3743000269899836,0.26285000737243197
0.5258988109668852,2.5961853140439706e-14,0.3517994608077773,-0.07409970933974656,0.23884737915444346,0.37410002244035656,0.2629500065865354
0.5260989868161208,6.786169191166507e-14,0.3521995413636739,-0.07389975167173632,0.23914776638785407,0.37390001867916905,0.2630500058784293
0.526299136670429,7.604562722109473e-14,0.3525996099033709,-0.07369978783285164,0.2394480964275483,0.373700015561118,0.2631500052396104
0.5264992643652028,6.706617997831211e-14,0.3529996682085928,-0.07349981872663049,0.23974837770837704,0.37350001296699253,0.2632500046628126
0.526699373172381,1.6711806214311138e-14,0.3533997177999202,-0.07329984512317099,0.2400486174252238,0.3733000108017569,0.2633500041418787
0.5268994658832007,-6.643575195466746e-14,0.3537997599757467,-0.07309986767854637,0.24034882171552863,0.3731000089907036,0.26345000367210036
0.527099544878117,-7.76601560247509e-14,0.3541997958436271,-0.07289988695202919,0.2406489958138124,0.37290000747488666,0.26355000324951816
0.5272996121869672,-1.1725190033885579e-13,0.3545998263477825,-0.07269990342060778,0.24094914418319383,0.37270000620682225,0.2636500028705738
0.5274996695394849,-1.0227809308200337e-13,0.35499985229175607,-0.07249991749180353,0.24124927062757265,0.3725000051475301,0.2637500025319933
0.5276997184094193,-1.9409784210735044e-14,0.35539987435874654,-0.07229992951382021,0.24154937838867596,0.3723000042643432,0.2638500022305148
0.5278997600521576,5.826042093661603e-14,0.3557998931291422,-0.07209993978451532,0.2418494702283815,0.37210000352934447,0.26395000196282453
0.5280997955368303,3.5656276089499966e-14,0.3561999090960489,-0.0718999485588306,0.24214954849971373,0.37190000291872044,0.2640500017256518
0.5282998257742262,-2.7429641443076473e-14,0.35659992267841045,-0.0716999560545731,0.24244961520747402,0.3717000024119408,0.26415000151588536
0.5284998515403022,-7.772527479845983e-14,0.35699993423231047,-0.07149996245801117,0.24274967205997267,0.3715000019916518,0.26425000133059384
0.5286998734961275,-6.27949156596992e-14,0.35739994406040554,-0.07129996792836246,0.24304972051298074,0.3713000016432806,0.2643500011670543
0.5288998922049908,-1.2963453987911854e-14,0.3577999524202137,-0.07109997260162837,0.24334976180727003,0.3711000013546898,0.2644500010228292
0.5290999081470005,6.262453753972813e-14,0.3581999595308484,-0.0708999765940427,0.24364979700030176,0.37090000111572213,0.26455000089577474
0.5292999217313203,1.1503234887454182e-13,0.358599965578931,-0.0706999800048308,0.2439498269934881,0.3707000009177899,0.26465000078397805
0.529499933306545,1.2232630756338142e-13,0.3589999707232486,-0.07049998291869962,0.24424985255518208,0.37050000075390926,0.2647500006856286
0.5296999431698345,1.1847069111423227e-13,0.35939997509876204,-0.07029998540803543,0.2445498743400436,0.3703000006183718,0.2648500005991814
0.5298999515744203,1.8083793215618167e-14,0.3597999788204612,-0.07009998753463884,0.244849892906208,0.37010000050633907,0.2649500005232447
0.5300999587360963,-6.350173215484752e-14,0.3601999819859386,-0.06989998935135798,0.24514990872921127,0.36990000041390475,0.2650500004567395
0.5302999648386384,-9.594495407388742e-14,0.3605999846783479,-0.06969999090339786,0.24544992221434145,0.36970000033777084,0.2651500003984389
0.5304999700385893,-7.413298291678951e-14,0.3609999869683055,-0.0694999922293378,0.24574993370700943,0.36950000027519775,0.26525000034738555
0.5306999744695443,-6.710917797092117e-14,0.3613999889161104,-0.06929999336200225,0.2460499435016298,0.3693000002237028,0.26535000030272166
0.5308999782452264,-6.008507972530276e-14,0.3617999905729163,-0.06909999432955428,0.24634995184921482,0.36910000018137895,0.26545000026364984
0.5310999814625513,-1.5955564601671747e-14,0.3621999919820695,-0.0688999951561105,0.24664995896343647,0.36890000014664515,0.2655500002295559
0.5312999842040426,-8.138859972260757e-14,0.3625999931805567,-0.0686999958622119,0.24694996502648675,0.3687000001183526,0.2656500001997242
0.5314999865401301,-9.014684241672376e-14,0.36299999419995044,-0.06849999646537966,0.24724997019377823,0.3685000000951447,0.2657500001737138
0.5316999885307002,-8.815838575932335e-14,0.3633999950670017,-0.06829999698064773,0.2475499745976289,0.3683000000762265,0.2658500001510541
0.5318999902268715,-5.71621082949111e-14,0.3637999958043638,-0.0680999974209154,0.24784997835074074,0.36810000006089844,0.2659500001312921
0.5320999916722504,-6.265046651193355e-14,0.36419999643156725,-0.06789999779695181,0.2481499815493906,0.3679000000483374,0.2660500001141044
0.5322999929038712,-1.161262752752283e-13,0.3645999969650404,-0.06769999811816037,0.24844998427545348,0.36770000003811504,0.26615000009911544
0.5324999939532967,-1.1021965455974913e-13,0.3649999974188369,-0.06749999839250799,0.2487499865987478,0.36750000002987976,0.2662500000860205
0.5326999948475216,-1.438945993090001e-13,0.3653999978048189,-0.06729999862689222,0.24904998857878255,0.367300000023278,0.26635000007472254
0.5328999956094771,-1.0922491619919807e-13,0.36579999813301134,-0.0670999988270582,0.24934999026626004,0.36710000001798393,0.2664500000648989
0.5330999962587184,-6.576471421384917e-14,0.3661999984120816,-0.06689999899810599,0.24964999170437846,0.3669000000138205,0.2665500000563091
0.5332999968119558,-2.668496469893902e-14,0.36659999864937415,-0.06669999914420291,0.2499499929299969,0.366700000010538,0.2666500000488105
0.5334999972834966,-1.0658106899883759e-15,0.3669999988512965,-0.06649999926899666,0.2502499939745745,0.3665000000078657,0.2667500000423102
0.5336999976853702,2.629368604616994e-14,0.36739999902310055,-0.06629999937552959,0.2505499948649038,0.36630000000561797,0.26685000003669285
0.5338999980277277,3.599401337114736e-14,0.3677999991692155,-0.06609999946658672,0.2508499956236525,0.3661000000039078,0.2669500000318213
0.534099998319382,2.3426807151791058e-14,0.36819999929349984,-0.06589999954438164,0.2511499962702333,0.3659000000026305,0.26705000002757134
0.5342999985679487,-1.5655552984947062e-14,0.3685999993992451,-0.06569999961078002,0.2514499968213109,0.3657000000016008,0.2671500000238527
0.5344999987797426,-3.4492765182084875e-14,0.3689999994891508,-0.06549999966760588,0.25174999729094344,0.3655000000009,0.2672500000206276
0.5346999989601994,-1.700609994969938e-14,0.369399999565569,-0.06529999971605022,0.2520499976911757,0.3653000000003597,0.2673500000178143
0.5348999991139833,4.333530836571086e-14,0.36979999963053334,-0.06509999975746955,0.25234999803223684,0.36509999999996146,0.2674500000154007
0.5350999992450224,6.40945842090677e-14,0.3701999996857928,-0.06489999979281671,0.25264999832298773,0.36489999999960604,0.2675500000133845
0.535299999356693,5.423144126034769e-14,0.3705999997328141,-0.06469999982303794,0.2529499985708761,0.36469999999932906,0.26765000001155526
0.5354999994518027,7.195125590855782e-14,0.37099999977270604,-0.0644999998488218,0.2532499987820516,0.364499999999224,0.26775000000995663
0.5356999995328803,7.403342046683375e-14,0.3713999998066274,-0.06429999987085958,0.2535499989619896,0.36429999999921436,0.267850000008604
0.5358999996019622,2.4828689850737497e-14,0.3717999998355451,-0.06409999988969023,0.25384999911534883,0.36409999999916787,0.2679500000074567
0.5360999996608343,4.636007596509308e-14,0.3721999998602021,-0.06389999990579467,0.25414999924604637,0.36389999999912287,0.2680500000064769
0.5362999997109379,9.8906063909238e-14,0.3725999998810844,-0.06369999991951057,0.2544499993574226,0.3636999999991236,0.2681500000055933
0.5364999997537,1.0627599647425798e-13,0.3729999998988324,-0.06349999993121329,0.2547499994523558,0.3634999999991488,0.26825000000481725
0.5366999997900669,1.0266627633970949e-13,0.3733999999139446,-0.06329999994125156,0.25504999953323004,0.3632999999991442,0.2683500000041515
0.5368999998211388,2.960752486108861e-14,0.3737999999268703,-0.06309999994983365,0.2553499996022571,0.36309999999912607,0.26845000000359875
0.5370999998475653,1.162457746028909e-14,0.37419999993781,-0.06289999995717431,0.25564999966111895,0.36289999999913725,0.2685500000031204
0.5372999998701142,-1.6304617504385775e-14,0.3745999999470613,-0.0626999999634121,0.25594999971114296,0.3626999999991363,0.2686500000026689
0.5374999998893583,-3.9878568238931594e-14,0.3749999999549803,-0.062499999968722915,0.25624999975382856,0.36249999999922833,0.26875000000225474
0.537699999905739,-2.0053734229856817e-14,0.3753999999617712,-0.062299999973282894,0.2565499997902035,0.3622999999993744,0.26885000000187
0.5378999999197062,5.626492483361277e-15,0.3757999999675285,-0.062099999977189464,0.25684999982120177,0.36209999999945885,0.2689500000016151
0.5380999999315759,-2.7377849495883558e-14,0.37619999997241405,-0.061899999980578234,0.2571499998476574,0.3618999999995801,0.2690500000013689
0.5382999999416644,9.438629463432996e-15,0.3765999999764328,-0.0616999999834409,0.25744999987013334,0.36169999999966274,0.2691500000012427
0.5384999999502683,-2.667107807386072e-14,0.376999999979929,-0.061499999985914794,0.25774999988928693,0.3614999999997261,0.2692500000010407
0.5386999999576214,-5.048257468618519e-14,0.3773999999828566,-0.06129999998796888,0.2580499999055994,0.3612999999997529,0.2693500000009014
0.5388999999638857,-7.375749545064102e-14,0.37779999998538855,-0.06109999998973237,0.25834999991956586,0.3610999999997967,0.2694500000008249
0.5390999999691768,-3.48502512081677e-14,0.37819999998748677,-0.060899999991233245,0.25864999993138954,0.360899999999866,0.26955000000073376
0.5392999999737617,-5.3581774157960693e-14,0.3785999999894947,-0.06069999999243729,0.2589499999416155,0.36069999999980656,0.26965000000071676
0.5394999999776436,-5.100901893880111e-14,0.3789999999911021,-0.060499999993508885,0.25924999995025944,0.3604999999997505,0.2697500000006327
