0.0,1.0323,0.0,0.8247,0.0,1.57,0.0
-0.0776128888164917,1.0322999999999916,-0.058292189434439506,0.8635712576966722,-0.09713353782609581,1.5739547906027123,0.00015209976065541015
-0.1776128888164917,1.0322999999999771,-0.1582921894344395,0.943499230079942,-0.19713353782609583,1.582101022473024,0.00042099563157564873
-0.2776128888164917,1.032299999999959,-0.25829218943443955,1.043499230079942,-0.29713353782609586,1.5930063406279076,0.0006027098812136896
-0.3776128888164917,1.032299999999939,-0.3582921894344395,1.143499230079942,-0.39713353782609584,1.6048480497834332,0.0006827269822567603
-0.47761288881649167,1.0322999999999185,-0.4582921894344395,1.2434992300799421,-0.4971335378260958,1.6161624215659973,0.0008162433137587718
-0.5776128888164916,1.0322999999998985,-0.5582921894344395,1.3359276820344301,-0.5971335378260958,1.6261664663871256,0.0009810240703499585
-0.6776128888164916,1.0322999999998794,-0.6582921894344395,1.416327462425767,-0.6971335378260958,1.634509253873521,0.001143425187769235
-0.7776128888164916,1.0322999999998617,-0.7582921894344394,1.4835053909083022,-0.7971335378260958,1.6412553071054927,0.0013530573555086934
-0.8776128888164916,1.0322999999998452,-0.8582921894344394,1.53830852137853,-0.8971335378260957,1.6467056253290984,0.0016896207250937582
-0.9776128888164916,1.0322999999998304,-0.9533874862445376,1.582690765438457,-0.9971335378260957,1.6512073751622165,0.002005634261966837
-1.0776128888164915,1.0322999999998168,-1.0387902871890935,1.6188644313581266,-1.0971335378260958,1.654969135969949,0.0023158634914765756
-1.1776128888164916,1.0322999999998046,-1.1121927354052834,1.6487926204684495,-1.1971335378260959,1.658151618034917,0.002602670522506536
-1.2776128888164917,1.0322999999997937,-1.1734737948699623,1.6739517731608105,-1.297133537826096,1.6609112471013812,0.0028588431044723884
-1.3776128888164918,1.032299999999784,-1.2238626359271483,1.6953895890230972,-1.397133537826096,1.6633314386108338,0.0031023114111102847
-1.4711665628440551,1.032299999999775,-1.2651658197761366,1.7138213773022921,-1.4971335378260962,1.6654723771429794,0.00335384136053955
-1.5539867011502813,1.0322999999997673,-1.2992313981748371,1.7297095496496477,-1.5971335378260962,1.6673686384538884,0.0036173220854235112
-1.6243737361485286,1.0322999999997604,-1.3276522755597453,1.7433833945453587,-1.6971335378260963,1.6690454958075243,0.003887004118133331
-1.6826601853308456,1.0322999999997542,-1.3516483076947208,1.755108495006084,-1.7971335378260964,1.6705347982231986,0.004159844837000156
-1.7303499824510025,1.0322999999997486,-1.3720999575238488,1.765122477563262,-1.8962066688620454,1.6718621011350911,0.004430635551135649
-1.769377370661247,1.0322999999997438,-1.3896224406981788,1.7736459428443903,-1.9882008031763179,1.6730479502918387,0.004697734812147768
-1.8015970526147491,1.0322999999997393,-1.4046524602043795,1.7808811951281367,-2.069228490399578,1.6741140728249884,0.004961463971821694
-1.8285328480793641,1.0322999999997353,-1.4175212267616022,1.7870135756517116,-2.1379054117626217,1.6750791727473198,0.005222578278079736
-1.8513223446159124,1.0322999999997318,-1.4285018754183023,1.7922085167103625,-2.1947414352732033,1.6759591260939053,0.0054819210763565026
-1.8707664758174627,1.0322999999997287,-1.4378352064442375,1.79660978469213,-2.241304965004938,1.6767671130420911,0.00574016201393321
-1.8874200760217354,1.0322999999997258,-1.44574043993243,1.800339927184804,-2.279509567048091,1.6775140492656953,0.005997575087810739
-1.9016808341175264,1.0322999999997233,-1.4524172583224704,1.8035019637535328,-2.3111516974443482,1.678209023980238,0.006254411242087885
-1.913856687790034,1.032299999999721,-1.4580449949423522,1.8061822203234401,-2.3376927814260906,1.678859649164769,0.006510832393956077
-1.9242077890258094,1.032299999999719,-1.4627813855184004,1.808452945816684,-2.3602169760231524,1.6794723622182115,0.00676689354936721
-1.9329675273803377,1.0322999999997173,-1.466762492598896,1.8103748634497505,-2.3794866352867543,1.680052658027276,0.007022620106243174
-1.940349905291096,1.0322999999997158,-1.4701039273706076,1.8119993204785838,-2.396032069058087,1.6806052455743032,0.007278042744663215
-1.9465500098482427,1.0322999999997144,-1.4729030535569814,1.8133699635633294,-2.410236831077882,1.6811341638025499,0.00753319446812414
-1.9517423371248306,1.0322999999997131,-1.475241591735587,1.8145240503976106,-2.422401108558803,1.6816428793429725,0.007788115474237887
-1.9560795689702184,1.032299999999712,-1.4771882070316809,1.8154934581735735,-2.4327804639865396,1.6821343567007128,0.00804284907378836
-1.9596927535893407,1.032299999999711,-1.4788008216364061,1.816305463984872,-2.441604786200129,1.6826111296751465,0.008297437352758948
-1.9626928294133192,1.03229999999971,-1.4801285334717993,1.81698339184504,-2.4490846504862636,1.6830753558839175,0.008551918476186738
-1.965173002792412,1.0322999999997091,-1.4812131361475827,1.8175471567549897,-2.455411497063095,1.683528871566631,0.008806326511670107
-1.967211436336124,1.0322999999997087,-1.4820903113938562,1.8180137401533065,-2.4607560509949926,1.6839732381496042,0.009060689786568264
-1.9688738291304329,1.0322999999997076,-1.4827905641920216,1.8183976050426458,-2.4652673219213965,1.6844097829001397,0.009315032161858961
-1.970215659702674,1.0322999999997082,-1.4833399747712754,1.8187110609507642,-2.46907298413433,1.6848396349639934,0.00956937274082877
-1.9712840138120167,1.0322999999997045,-1.4837608226771861,1.8189645821983906,-2.472281022406735,1.6852637554551633,0.009823726808551763
-1.9721190185354422,1.0322999999997138,-1.484072117984507,1.8191670822065025,-2.474982143493619,1.6856829630230787,0.01007810712209061
-1.972754958063357,1.0322999999996854,-1.4842900628181512,1.819326148267619,-2.4772524369343083,1.686097954988546,0.010332524237965676
-1.9732211524828058,1.0322999999997653,-1.4844284547446611,1.8194482415694175,-2.479155898782376,1.6865093257766874,0.010586987196626953
-1.9735426691108913,1.0322999999995357,-1.4844990382465357,1.8195388657653482,-2.480746605199693,1.6869175820366202,0.010841503868276842
-1.973740917079072,1.0323000000016471,-1.4845118088240041,1.819602710010715,-2.4820704752609415,1.6873231556128658,0.011096081024320616
-1.9738341583260894,1.0322999999745146,-1.4844752745764116,1.8196437697354844,-2.483166654480734,1.6877264143571244,0.011350724466821026
-1.9738379530242778,1.032299999956501,-1.4843966794160828,1.8196654494555426,-2.4840685924222927,1.6881276717007543,0.011605439219758148
-1.9737655487639956,1.0322999999525786,-1.4842821925083474,1.8196706497651645,-2.484804893169447,1.6885271945978158,0.01186022954831609
-1.9736282206439155,1.0322999999722362,-1.4841370692386824,1.8196618418751662,-2.4854000087099166,1.6889252104277805,0.012115099079149707
-1.973435564558058,1.0322999999909022,-1.4839657871893908,1.8196411310133278,-2.485874819531656,1.68932191283652,0.01237005088835407
-1.973195748792592,1.0323000000142344,-1.483772161443658,1.8196103105113681,-2.486247134281512,1.6897174667784334,0.012625087615199185
-1.972915728376953,1.0323000000296711,-1.4835594425546668,1.8195709079000306,-2.4865321253075248,1.6901120127538938,0.01288021149074547
-1.972601427014739,1.0323000000363638,-1.4833303999072487,1.8195242243155492,-2.486742709688844,1.6905056704479495,0.013135424424858839
-1.9722578909858164,1.032300000036477,-1.4830873927080575,1.8194713680424273,-2.4868898805504753,1.6908985418195253,0.013390728037217465
-1.9718894199359085,1.032300000034099,-1.4828324307439429,1.8194132831616276,-2.4869829941778465,1.6912907137287436,0.013646123706914544
-1.9714996774379738,1.0323000000304683,-1.4825672260361702,1.8193507738901666,-2.4870300152736213,1.691682260169918,0.013901612611184968
-1.9710917851663636,1.0323000000261064,-1.4822932370068622,1.8192845253481549,-2.487037726294911,1.692073244183137,0.014157195750442188
-1.9706684024816126,1.0323000000222562,-1.4820117058493272,1.8192151211197631,-2.4870119037114256,1.6924637194628114,0.01441287397900304
-1.9702317948019674,1.0323000000190663,-1.4817236906320341,1.8191430583175112,-2.486957468404587,1.6928537317458554,0.01466864802453423
-1.969783891897802,1.0323000000166587,-1.4814300926331452,1.8190687604076954,-2.4868786130042513,1.6932433199925268,0.01492451850676672
-1.969326337596173,1.0323000000146183,-1.4811316796061351,1.818992588127565,-2.4867789098519175,1.6936325173907916,0.015180485954171482
-1.968860532145309,1.0323000000127818,-1.480829105579249,1.8189148487798599,-2.486661402708025,1.6940213522127077,0.01543655081685791
-1.9683876683146537,1.0323000000110367,-1.480522927707784,1.818835804147529,-2.486528684800754,1.6944098485426742,0.01569271347777921
-1.9679087621485092,1.032300000009419,-1.4802136206225316,1.8187556772349331,-2.486382965347769,1.694798026897606,0.01594897426308448
-1.9674246791600003,1.0323000000079159,-1.4799015886495377,1.8186746580107636,-2.486226126297106,1.6951859047552469,0.01620533345055711
-1.9669361566393415,1.0323000000065894,-1.4795871762200592,1.8185929083006818,-2.4860597707362366,1.6955734970042196,0.0164617912768416
-1.9664438226529735,1.0323000000054698,-1.4792706767397485,1.81851056595586,-2.4858852641836733,1.6959608163274793,0.01671834794363442
-1.9659482122253087,1.0323000000045202,-1.4789523401459412,1.8184277484044211,-2.485703769794227,1.69634787352894,0.016975003622700564
-1.9654497811217284,1.0323000000037519,-1.4786323793465388,1.8183445556771791,-2.4855162783607536,1.6967346778119088,0.017231758460379065
-1.9649489177276562,1.0323000000031344,-1.4783109758335402,1.8182610729655797,-2.4853236341442373,1.697121237059074,0.017488612560888926
-1.9644459527593465,1.0323000000026306,-1.477988284096439,1.8181773728525172,-2.485126556060666,1.6975075579492553,0.01774556602999033
-1.963941167879373,1.0323000000022118,-1.4776644356815858,1.8180935171769452,-2.4849256564070887,1.6978936461529182,0.018002618966801723
-1.9634348030124809,1.0323000000018643,-1.4773395426332776,1.8180095586214802,-2.4847214567589044,1.6982795064945586,0.01825977145867639
-1.9629270625540314,1.0323000000015705,-1.4770137004061654,1.817925542065542,-2.4845144014599225,1.698665143085689,0.018517023579278827
-1.9624181206412048,1.0323000000013185,-1.476686990331386,1.8178415057392492,-2.4843048690767278,1.6990505594336722,0.018774375389072572
-1.9619081256330857,1.0323000000011004,-1.4763594817083292,1.817757482207357,-2.484093182135248,1.6994357585316013,0.019031826937058544
-1.961397203922675,1.032300000000909,-1.4760312335823698,1.8176734992081236,-2.4838796154066594,1.6998207429334373,0.019289378262929712
-1.96088546318238,1.032300000000743,-1.4757022962568984,1.8175895803687099,-2.4836644029632042,1.7002055148170323,0.019547029399397026
-1.9603729952395919,1.0323000000005984,-1.4753727127890786,1.817505745714908,-2.483447744361865,1.7005900761397024,0.01980478032331751
-1.9598598782215597,1.0323000000004745,-1.4750425196241732,1.8174220124343237,-2.4832298094688396,1.7009744284465742,0.020062631076364298
-1.9593461785815194,1.0323000000003684,-1.4747117476908562,1.8173383952026494,-2.4830107427989696,1.7013585730066392,0.02032058171709086
-1.958831953291332,1.0323000000002782,-1.4743804236399911,1.8172549064942465,-2.482790668188359,1.7017425109941484,0.020578632251620065
-1.9583172502628896,1.032300000000202,-1.4740485697308336,1.8171715569217892,-2.4825696898473066,1.702126243298546,0.020836782735179197
-1.9578021104618155,1.0323000000001379,-1.4737162050771382,1.817088355494359,-2.482347896841757,1.7025097707325194,0.02109503318833535
-1.957286568987781,1.032300000000084,-1.4733833460173515,1.8170053099615302,-2.4821253655010187,1.7028930939678626,0.021353383641232376
-1.9567706554285034,1.0323000000000384,-1.4730500062502643,1.8169224269147082,-2.481902160200416,1.7032762135236281,0.02161183414340559
-1.9562543947883173,1.0323,-1.4727161975151666,1.8168397117949164,-2.481678335271593,1.7036591299423676,0.021870384683660416
-1.9557378090278081,1.0322999999999674,-1.4723819302720282,1.816757169261765,-2.481453938366693,1.7040418437962686,0.022129035203307515
-1.9552209171505934,1.0322999999999398,-1.4720472136654312,1.8166748032734408,-2.4812290106806687,1.704424355639941,0.022387785621194402
-1.9547037351477052,1.0322999999999163,-1.471712055078856,1.8165926174084188,-2.4810035870148974,1.7048066657410015,0.022646635970686207
-1.9541862765890448,1.0322999999998963,-1.471376460837288,1.8165106146561145,-2.4807776968755153,1.7051887743645195,0.022905586260707027
-1.953668552932664,1.0322999999998792,-1.4710404362992502,1.8164287975264841,-2.480551365168829,1.7055706817457406,0.023164636492956473
-1.9531505738406403,1.0322999999998645,-1.470703985974331,1.8163471681432417,-2.4803246129012058,1.7059523880772702,0.02342378667181247
-1.9526323474775802,1.0322999999998521,-1.4703671136561516,1.8162657283145238,-2.4800974578308477,1.7063338935109649,0.023683036806539694
-1.9521138807706218,1.0322999999998415,-1.4700298225506945,1.816184479584487,-2.479869915029998,1.7067151981675728,0.023942386909130364
-1.9515951796218818,1.0322999999998324,-1.4696921153851805,1.8161034232722704,-2.4796419973425508,1.7070963021471843,0.02420183699122737
-1.9510762490759128,1.0322999999998246,-1.4693539944929577,1.8160225605034461,-2.4794137157451623,1.707477205536872,0.024461387062002866
-1.9505570934508982,1.032299999999818,-1.4690154618771987,1.815941892236896,-2.479185079631399,1.707857908414882,0.024721037127413567
-1.950037716443413,1.0322999999998121,-1.4686765192590376,1.8158614192884408,-2.4789560970398323,1.7082384108522364,0.024980787190495592
-1.9495181212148547,1.0322999999998073,-1.4683371681155604,1.8157811423517074,-2.4787267748429813,1.7086187129129555,0.025240637252170645
-1.948998310465085,1.032299999999803,-1.4679974097115567,1.815701062016398,-2.4784971189085687,1.7089988146538517,0.02550058731213397
-1.9484782864965557,1.0322999999997995,-1.467657245127321,1.8156211787840784,-2.4782671342398714,1.7093787161244463,0.025760637369578263
-1.9479580512706374,1.0322999999997966,-1.4673166752835638,1.8155414930816562,-2.4780368250987923,1.7097584173672116,0.02602078742366929
-1.9474376064749148,1.0322999999997942,-1.466975701045505,1.8154620052183477,-2.4778061951202117,1.710137918465373,0.026281037449852305
-1.9469169535328512,1.0322999999997922,-1.4666343230797299,1.8153827155052689,-2.4775752473979145,1.7105172194487201,0.026541387448050482
-1.9463960936487312,1.0322999999997906,-1.4662925419182111,1.8153036242310694,-2.477343984563376,1.7108963203220164,0.02680183742863525
-1.9458750278449355,1.0322999999997893,-1.4659503580035633,1.8152247316479633,-2.4771124088545537,1.7112752210835505,0.027062387403350617
-1.9453537569919963,1.0322999999997882,-1.4656077717166573,1.8151460379675262,-2.476880522175257,1.7116539217344184,0.027323037380892284
-1.9448322818326327,1.032299999999787,-1.4652647833913137,1.8150675433632129,-2.476648326145874,1.7120324222812258,0.027583787365784065
-1.9443106030011206,1.0322999999997862,-1.464921393321287,1.8149892479762517,-2.47641582214639,1.7124107227351575,0.02784463735905819
-1.9437887210391842,1.0322999999997853,-1.4645776017636607,1.8149111519223367,-2.476183011352704,1.7127888231097257,0.028105587359574837
-1.9432666364093014,1.0322999999997846,-1.4642334089412388,1.8148332552975897,-2.475949894767235,1.7131667234185928,0.028366637365274592
-1.942744349506036,1.032299999999784,-1.4638888150451614,1.814755558183178,-2.475716473244734,1.713544423674089,0.02862778737405625
-1.9422218606657897,1.0322999999997835,-1.4635438202380606,1.8146780606485693,-2.475482747514102,1.7139219238865149,0.028889037384237
-1.941699170175231,1.032299999999783,-1.4631984246575895,1.8146007627537053,-2.475248718196891,1.714299224064049,0.02915038739468811
-1.9411762782785722,1.0322999999997826,-1.4628526284200083,1.8145236645504503,-2.475014385823041,1.7146763242130167,0.029411837404776323
-1.9406531851838316,1.0322999999997824,-1.4625064316235439,1.814446766083621,-2.4747797508443057,1.7150532243382923,0.029673387414224348
-1.9401298910682017,1.0322999999997822,-1.4621598343513464,1.8143700673918066,-2.4745448136457218,1.715429924443695,0.029935037422965775
-1.9396063960826313,1.032299999999782,-1.46181283667398,1.8142935685080972,-2.4743095745554196,1.715806424532305,0.030196787431032684
-1.939082700355729,1.0322999999997817,-1.461465438651466,1.814217269460764,-2.4740740338530087,1.7161827246066836,0.030458637438484742
-1.9385588039970816,1.0322999999997815,-1.4611176403349424,1.8141411702739014,-2.4738381917767467,1.716558824669009,0.03072058744537473
-1.9380347071000752,1.0322999999997813,-1.4607694417680146,1.8140652709680203,-2.473602048529656,1.7169347247211555,0.03098263745173858
-1.937510409744294,1.0322999999997813,-1.460420842987871,1.8139895715605785,-2.4733656042847416,1.7173104247647373,0.031244787457598164
-1.9369859119975608,1.0322999999997813,-1.4600718440262148,1.8139140720664444,-2.473128859189437,1.7176859248011374,0.03150703746296831
-1.9364612139176753,1.0322999999997813,-1.4597224449100594,1.8138387724982938,-2.4728918133693876,1.718061224831531,0.03176938746786342
-1.935936315553894,1.0322999999997813,-1.4593726456624074,1.8137636728669428,-2.472654466931677,1.7184363248569088,0.03203183747230145
-1.935411216948192,1.0322999999997813,-1.4590224463028378,1.8136887731816271,-2.472416819967568,1.7188112248780993,0.03229438747630537
-1.934885918136339,1.0322999999997813,-1.4586718468480107,1.8136140734502362,-2.472178872554843,1.719185924895794,0.032557037479902635
-1.9343604191488153,1.0322999999997813,-1.4583208473121019,1.8135395736795097,-2.4719406247597924,1.7195604249105676,0.0328197874831236
-1.933834720011595,1.0322999999997813,-1.4579694477071734,1.8134652738752053,-2.471702076638913,1.7199347249228993,0.03308263748599983
-1.9333088207468117,1.0322999999997813,-1.4576176480434901,1.8133911740422397,-2.4714632282403537,1.7203088249331888,0.03334558748856269
-1.9327827213733255,1.0322999999997813,-1.457265448329789,1.813317274184811,-2.4712240796051486,1.7206827249417695,0.03360863749084225
-1.9322564219072087,1.0322999999997813,-1.4569128485735077,1.8132435743065025,-2.4709846307682675,1.7210564249489213,0.03387178749286661
-1.931729922362157,1.0322999999997813,-1.4565598487809774,1.8131700744103727,-2.4707448817595123,1.7214299249548783,0.03413503749466171
-1.9312032227498406,1.0322999999997813,-1.4562064489575888,1.8130967744990318,-2.4705048326042816,1.721803224959837,0.03439838749625125
-1.9306763230802049,1.0322999999997813,-1.455852649107931,1.8130236745747073,-2.47026448332422,1.7221763249639623,0.034661837497656944
-1.9301492233617246,1.0322999999997813,-1.4554984492359118,1.8129507746393003,-2.4700238339377734,1.7225492249673924,0.03492538749889849
-1.9296219236016212,1.0322999999997813,-1.4551438493448565,1.812878074694434,-2.4697828844606624,1.7229219249702425,0.03518903749999368
-1.9290944238060488,1.0322999999997813,-1.454788849437597,1.812805574741493,-2.4695416349062844,1.7232944249726094,0.03545278750095863
-1.9285667239802515,1.0322999999997813,-1.4544334495165432,1.81273327478166,-2.469300085286057,1.7236667249745738,0.03571663750180787
-1.9280388241286983,1.0322999999997813,-1.4540776495837469,1.812661174815944,-2.4690582356097104,1.7240388249762029,0.0359805875025544
-1.927510724255197,1.0322999999997813,-1.4537214496409545,1.8125892748452066,-2.4688160858855377,1.7244107249775529,0.036244637503210005
-1.9269824243629927,1.0322999999997813,-1.4533648496896532,1.8125175748701832,-2.468573636120606,1.7247824249786707,0.03650878750378528
-1.9264539244548509,1.0322999999997813,-1.4530078497311083,1.8124460748915012,-2.4683308863209383,1.7251539249795955,0.036773037504289584
-1.9259252245331278,1.0322999999997813,-1.4526504497663975,1.8123747749096968,-2.4680878364916676,1.72552522498036,0.03703738750473142
-1.9253963245998313,1.0322999999997813,-1.4522926497964377,1.8123036749252273,-2.4678444866371683,1.7258963249809915,0.037301837505118195
-1.924867224656673,1.032299999999781,-1.4519344498220095,1.8122327749384828,-2.4676008367611684,1.7262672249815123,0.037566387505456496
-1.9243379247051104,1.0322999999997808,-1.4515758498437776,1.8121620749497966,-2.467356886866845,1.7266379249819415,0.03783103750575224
-1.9238084247463865,1.0322999999997806,-1.451216849862308,1.8120915749594533,-2.467112636956906,1.7270084249822948,0.03809578750601063
-1.9232787247815597,1.0322999999997806,-1.450857449878082,1.8120212749676954,-2.466868087033659,1.7273787249825852,0.03836063750623625
-1.9227488248115325,1.0322999999997806,-1.4504976498915096,1.8119511749747301,-2.46662323709907,1.7277488249828237,0.03862558750643309
-1.922218724837074,1.0322999999997806,-1.45013744990294,1.8118812749807345,-2.466378087154815,1.7281187249830192,0.038890637506604785
-1.9216884248588388,1.0322999999997806,-1.44977684991267,1.8118115749858592,-2.466132637202323,1.7284884249831793,0.03915578750675448
-1.921157924877386,1.0322999999997806,-1.4494158499209526,1.8117420749902333,-2.4658868872428106,1.7288579249833103,0.03942103750688487
-1.920627224893191,1.0322999999997806,-1.4490544499280034,1.8116727749939665,-2.4656408372773155,1.729227224983417,0.039686387506998405
-1.9200963249066592,1.0322999999997806,-1.4486926499340051,1.811603674997153,-2.4653944873067215,1.729596324983504,0.039951837507097236
-1.919565224918136,1.0322999999997806,-1.448330449939114,1.8115347749998725,-2.4651478373317826,1.7299652249835744,0.04021738750718321
-1.9190339249279162,1.0322999999997806,-1.4479678499434632,1.8114660750021936,-2.4649008873531404,1.7303339249836316,0.040483037507258034
-1.9185024249362503,1.0322999999997806,-1.4476048499471654,1.8113975750041749,-2.464653637371342,1.7307024249836778,0.0407487875073231
-1.9179707249433522,1.0322999999997806,-1.4472414499503168,1.8113292750058658,-2.464406087386854,1.731070724983715,0.04101463750737962
-1.9174388249494039,1.0322999999997806,-1.4468776499529994,1.811261175007309,-2.464158237400074,1.7314388249837451,0.04128058750742873
-1.9169067249545608,1.0322999999997806,-1.446513449955283,1.8111932750085409,-2.4639100874113407,1.7318067249837692,0.041546637507471375
-1.9163744249589554,1.0322999999997806,-1.4461488499572268,1.8111255750095923,-2.4636616374209424,1.7321744249837883,0.04181278750750836
-1.9158419249627003,1.0322999999997806,-1.4457838499588815,1.8110580750104894,-2.4634128874291252,1.7325419249838032,0.042079037507540475
-1.9153092249658916,1.0322999999997806,-1.44541844996029,1.810990775011255,-2.463163837436099,1.7329092249838152,0.04234538750756836
-1.914776324968611,1.0322999999997806,-1.445052649961489,1.8109236750119087,-2.462914487442042,1.7332763249838243,0.042611837507592544
-1.9142432249709282,1.0322999999997806,-1.4446864499625096,1.8108567750124664,-2.4626648374471065,1.7336432249838316,0.042878387507613504
-1.913709924972903,1.0322999999997806,-1.4443198499633785,1.8107900750129424,-2.462414887451423,1.7340099249838372,0.04314503750763169
-1.9131764249745857,1.0322999999997806,-1.443952849964118,1.8107235750133488,-2.462164637455101,1.7343764249838416,0.04341178750764754
-1.9126427249760196,1.0322999999997806,-1.4435854499647476,1.8106572750136956,-2.461914087458236,1.7347427249838447,0.04367863750766136
-1.9121088249772413,1.0322999999997806,-1.4432176499652833,1.8105911750139916,-2.4616632374609075,1.735108824983847,0.04394558750767335
-1.9115747249782826,1.0322999999997806,-1.4428494499657394,1.8105252750142442,-2.4614120874631844,1.735474724983849,0.0442126375076837
-1.91104042497917,1.0322999999997806,-1.4424808499661277,1.8104595750144599,-2.4611606374651247,1.7358404249838502,0.04447978750769263
-1.9105059249799259,1.0322999999997806,-1.4421118499664582,1.8103940750146439,-2.4609088874667786,1.7362059249838513,0.044747037507700316
-1.9099712249805703,1.0322999999997806,-1.4417424499667397,1.810328775014801,-2.4606568374681883,1.7365712249838519,0.045014387507706935
-1.9094363249811193,1.0322999999997806,-1.4413726499669792,1.8102636750149348,-2.46040448746939,1.7369363249838519,0.045281837507712606
-1.908901224981587,1.0322999999997806,-1.441002449967183,1.8101987750150492,-2.4601518374704137,1.7373012249838518,0.04554938750771744
-1.9083659249819858,1.0322999999997806,-1.4406318499673565,1.810134075015147,-2.459898887471286,1.7376659249838515,0.04581703750772158
-1.9078304249823255,1.0322999999997806,-1.4402608499675043,1.8100695750152302,-2.45964563747203,1.7380304249838512,0.046084787507725135
-1.907294724982615,1.0322999999997806,-1.43988944996763,1.8100052750153013,-2.4593920874726636,1.738394724983851,0.046352637507728174
-1.906758824982862,1.0322999999997806,-1.4395176499677371,1.809941175015362,-2.4591382374732036,1.7387588249838508,0.04662058750773082
-1.9062227249830723,1.0322999999997806,-1.4391454499678282,1.8098772750154137,-2.4588840874736637,1.7391227249838506,0.046888637507733116
-1.9056864249832515,1.0322999999997806,-1.4387728499679058,1.809813575015458,-2.458629637474056,1.7394864249838502,0.04715678750773514
-1.905149924983404,1.0322999999997806,-1.4383998499679718,1.8097500750154958,-2.45837488747439,1.73984992498385,0.04742503750773694
-1.9046132249835344,1.0322999999997806,-1.438026449968028,1.809686775015528,-2.458119837474675,1.7402132249838496,0.04769338750773851
-1.9040763249836454,1.0322999999997806,-1.437652649968076,1.8096236750155557,-2.4578644874749176,1.7405763249838493,0.04796183750773989
-1.90353922498374,1.0322999999997806,-1.4372784499681166,1.809560775015579,-2.4576088374751244,1.7409392249838491,0.04823038750774102
-1.9030019249838206,1.0322999999997806,-1.4369038499681512,1.8094980750155991,-2.4573528874753006,1.7413019249838488,0.048499037507741996
-1.9024644249838891,1.0322999999997806,-1.4365288499681808,1.8094355750156161,-2.4570966374754506,1.7416644249838484,0.048767787507742875
-1.9019267249839475,1.0322999999997806,-1.436153449968206,1.8093732750156308,-2.4568400874755785,1.7420267249838481,0.04903663750774363
-1.9013888249839974,1.0322999999997806,-1.4357776499682275,1.8093111750156432,-2.4565832374756873,1.742388824983848,0.04930558750774423
-1.9008507249840398,1.0322999999997806,-1.4354014499682457,1.8092492750156537,-2.45632608747578,1.7427507249838479,0.049574637507744775
-1.9003124249840762,1.0322999999997806,-1.4350248499682612,1.8091875750156627,-2.4560686374758594,1.7431124249838477,0.049843787507745256
-1.899773924984107,1.0322999999997806,-1.4346478499682744,1.8091260750156704,-2.455810887475927,1.7434739249838476,0.05011303750774561
-1.8992352249841333,1.0322999999997806,-1.4342704499682857,1.809064775015677,-2.4555528374759845,1.7438352249838474,0.05038238750774584
-1.8986963249841557,1.0322999999997806,-1.4338926499682954,1.8090036750156826,-2.4552944874760336,1.7441963249838472,0.05065183750774606
-1.898157224984175,1.0322999999997806,-1.4335144499683035,1.8089427750156872,-2.4550358374760757,1.7445572249838472,0.05092138750774627
-1.8976179249841911,1.0322999999997806,-1.4331358499683104,1.8088820750156913,-2.4547768874761116,1.7449179249838473,0.05119103750774647
-1.897078424984205,1.0322999999997806,-1.4327568499683163,1.8088215750156948,-2.454517637476142,1.7452784249838473,0.0514607875077467
