0.0,1.0323,0.0,0.8247,0.0,1.57,0.0
-0.02967324113487429,1.0322999999999924,-0.02226054107235736,0.839553655058792,-0.03713525096871473,1.571530988485226,2.472250449695518e-05
-0.10696924551078663,1.0322999999999793,-0.08025184856957955,0.8782517110413199,-0.13387978364407221,1.5755272245374958,9.608440545399392e-05
-0.20696924551078663,1.0322999999999634,-0.17874984871445046,0.9439827478130038,-0.23387978364407222,1.5823281964761882,0.00023039338996057575
-0.30696924551078664,1.0322999999999454,-0.27874984871445047,1.0348375461326151,-0.3338797836440722,1.5917405104362856,0.00044448999548875095
-0.4069692455107866,1.0322999999999265,-0.3787498487144505,1.1348375461326152,-0.4338797836440722,1.6031790023502055,0.0007130356218730384
-0.5069692455107866,1.0322999999999074,-0.4787498487144505,1.2348375461326153,-0.5338797836440722,1.6157914405324025,0.0010241254900646682
-0.6069692455107866,1.032299999999889,-0.5787498487144505,1.3348375461326154,-0.6338797836440722,1.6286273164848404,0.0013619745252868086
-0.7069692455107865,1.0322999999998714,-0.6787498487144504,1.4342424777427036,-0.7338797836440721,1.6407689827686196,0.0017152887848273324
-0.8069692455107865,1.032299999999855,-0.7787498487144504,1.5269103476333976,-0.8338797836440721,1.6514557584594822,0.002064797136056129
-0.9069692455107865,1.0322999999998397,-0.8787498487144504,1.6077207732986583,-0.9338797836440721,1.6601323505802998,0.0023917186915346526
-1.0069692455107866,1.0322999999998257,-0.9787498487144504,1.6731310046267678,-1.033879783644072,1.6665060321793612,0.002692100885853146
-1.1069692455107867,1.0322999999998128,-1.0772544220771907,1.7214045933122166,-1.1338797836440722,1.6705515790155991,0.002966462012317246
-1.2069692455107868,1.0322999999998013,-1.1688784918237276,1.7526212618774601,-1.2338797836440722,1.6724874626990571,0.0032100710010924383
-1.3069692455107869,1.0322999999997908,-1.2490977921954072,1.7684453170924028,-1.3338797836440723,1.672707377140358,0.00343258423261564
-1.406969245510787,1.0322999999997813,-1.3147540227243035,1.7717439773824648,-1.4338797836440724,1.6717175907992092,0.003639478318775789
-1.506969245510787,1.0322999999997728,-1.3642927736844146,1.766114234627187,-1.5338797836440725,1.6700654352509159,0.0038420796570296967
-1.6038530609328592,1.0322999999997653,-1.397778950117422,1.7553886410985113,-1.6338797836440726,1.668260405254347,0.004049106336536887
-1.6923682081410847,1.0322999999997584,-1.4167093943431597,1.7431809779320981,-1.7338797836440727,1.6667314128990356,0.004266438410098063
-1.7683111108020118,1.0322999999997524,-1.4236721245175805,1.7325341796994531,-1.8338797836440728,1.6657931132170078,0.004495119715625308
-1.8289570540222857,1.032299999999747,-1.4219346021001806,1.7256719413056967,-1.9338797836440729,1.6656264207425795,0.004734833192404868
-1.8732342696715607,1.0322999999997422,-1.414996780357387,1.7238822190666687,-2.033879783644073,1.6662796776495834,0.004982407637581882
-1.9016748192489084,1.032299999999738,-1.406184543857244,1.7275300773448883,-2.129743141747311,1.6676820727866797,0.005236019429132968
-1.916165524574502,1.0322999999997342,-1.3983165694149495,1.7361676826663925,-2.2163101914627417,1.6696757349403473,0.005493408443290536
-1.9195770386966318,1.0322999999997309,-1.3934805173428555,1.7487272519806378,-2.289594399153213,1.6720483828792323,0.005751729032032514
-1.9153250021846862,1.0322999999997278,-1.3929230490297078,1.76375273534774,-2.347161528139265,1.674567095826626,0.006009391383066351
-1.9069276781651654,1.032299999999725,-1.3970517955417838,1.7796408475334904,-2.388256851594318,1.6770097135502093,0.006266073415649083
-1.8976143251779893,1.0322999999997227,-1.4055306559591434,1.7948608276643936,-2.413711274816602,1.6791906578051548,0.0065220092789232634
-1.8900209961978507,1.0322999999997204,-1.4174509280325416,1.8081310757855298,-2.425659142580026,1.6809775392567463,0.0067774604408146364
-1.8859982943110754,1.0322999999997184,-1.4315393632985844,1.818539788742602,-2.427142697193481,1.6822989454351198,0.007032223591046974
-1.886536900394775,1.0322999999997167,-1.4463746944461642,1.82560227941173,-2.421662871697847,1.6831453007302988,0.0072865958928346585
-1.8918014219021295,1.0322999999997151,-1.460587453446837,1.8292596052943766,-2.4127390553668175,1.6835623589389053,0.007540746045641512
-1.9012507643565928,1.0322999999997138,-1.4730220718989486,1.829827800605718,-2.4035282018385633,1.6836359301952,0.007794502539921776
-1.91382744309417,1.0322999999997127,-1.4828483044040308,1.8279065784552744,-2.3965391530888054,1.683476085994955,0.008048038210053551
-1.9281731580497141,1.0322999999997116,-1.4896167322337477,1.82427003250992,-2.393462622723424,1.6832009276701192,0.008301555420923526
-1.9428452308956277,1.0322999999997107,-1.4932602922166243,1.8197530102571595,-2.3951196631691527,1.6829219130453095,0.008555028353885014
-1.95650895741848,1.0322999999997098,-1.4940533751518348,1.8151471031454667,-2.4015159210122867,1.682732106956657,0.008808594273393032
-1.9680866848312122,1.0322999999997091,-1.4925291117441821,1.811117030706921,-2.4119782525855427,1.6826983331281082,0.009062350694563886
-1.9768533082571638,1.0322999999997085,-1.4893821699126095,1.8081441968137613,-2.4253550725528923,1.6828577175623238,0.009316386211859883
-1.9824744908982634,1.0322999999997078,-1.4853665387531103,1.8065000318516513,-2.4402366819221846,1.6832174535992805,0.00957055275954855
-1.9849970276576374,1.0322999999997073,-1.4812017737923449,1.8062472976290371,-2.455170923255643,1.6837568651305526,0.009824801096527185
-1.9847869561104585,1.032299999999707,-1.477496534478423,1.807264112501365,-2.468849717457869,1.6844365543546336,0.010078990726168286
-1.982443103814343,1.0322999999997065,-1.4746965323790815,1.809289405896771,-2.4802493100692757,1.6852060139007143,0.010333233928931429
-1.9786957916286438,1.032299999999706,-1.473059401914394,1.8119757676159085,-2.4887149960502923,1.6860112095024589,0.010587598323560302
-1.9743049938005777,1.0322999999997058,-1.4726542917880956,1.8149440484953108,-2.493988498877068,1.6868015843804949,0.010842062426331516
-1.9699699568205074,1.0322999999997056,-1.4733805868853063,1.8178335003840034,-2.4961882052284627,1.6875355096828686,0.011096565930795945
-1.9662591401672265,1.0322999999997053,-1.4750107153156937,1.8203419840767516,-2.495739330674299,1.688183899208367,0.01135117887774901
-1.9635656646810624,1.0322999999997051,-1.4772372148353419,1.8222531589014697,-2.4932822641280405,1.6887315068032491,0.011605917767004068
-1.9620901226012417,1.032299999999705,-1.4797218454499468,1.823449306035749,-2.4895689888540895,1.6891771011801748,0.011860741917771669
-1.9618474507145436,1.0322999999997047,-1.482140796336426,1.8239110984279343,-2.4853614731090596,1.6895336157573577,0.012115604215312336
-1.9626914988602033,1.0322999999997045,-1.484221254206688,1.823707035529016,-2.48134398762848,1.689821949334751,0.012370506582918021
-1.964361781230982,1.0322999999997042,-1.485766350450622,1.8229704889992588,-2.47805716598841,1.690067355703369,0.012625482120475904
-1.9665324007239586,1.0322999999997042,-1.4866671834972556,1.821874631783057,-2.4758586644335696,1.6902958958141825,0.0128805432420003
-1.9688611301211714,1.0322999999997042,-1.4869031812812947,1.820606465618924,-2.474911162970132,1.6905313120729002,0.013135701796240531
-1.971032840694588,1.0322999999997042,-1.4865350157206763,1.819343082723999,-2.4751904631430675,1.6907926384264695,0.013390969408570066
-1.9727931080370238,1.0322999999997042,-1.4856816988184858,1.8182326631426786,-2.4765222226836103,1.6910927223239562,0.013646342174815519
-1.9739695136500368,1.0322999999997042,-1.4844982419441066,1.8173816768047002,-2.478626314725971,1.6914378799552838,0.013901811791076038
-1.9744797548227038,1.0322999999997042,-1.4831524171584891,1.8168490459818707,-2.4811667468740035,1.691825457797835,0.01415737291486974
-1.9743321990739653,1.0322999999997042,-1.481803484354661,1.816646223025342,-2.4838004194629404,1.6922483392292365,0.014413023009919692
-1.9736075141145917,1.0322999999997042,-1.4805850920280135,1.8167415488004428,-2.486219256768162,1.6926964227223522,0.014668772519585191
-1.9724387439009314,1.0322999999997042,-1.479593721682078,1.8170726327565996,-2.488181753058133,1.6931582515086512,0.014924622291376774
-1.9709881966044134,1.0322999999997042,-1.478883503638172,1.8175583793041283,-2.4895318680722087,1.6936225446787634,0.015180571827426267
-1.9694243477276618,1.0322999999997042,-1.4784659349629787,1.8181113800689677,-2.4902046649689944,1.6940794841708173,0.015436621293435978
-1.9679014611823933,1.0322999999997042,-1.4783118411857388,1.8186491669764873,-2.490224694920016,1.694521633702687,0.01569277403077679
-1.9665439164870917,1.0322999999997042,-1.4783650090126115,1.8191031807360956,-2.489685862982203,1.6949444452084064,0.015949028419333124
-1.9654363730186133,1.0322999999997042,-1.478552921547758,1.8194247468641014,-2.488730387988567,1.695346281623958,0.01620538282136815
-1.9646203428464828,1.0322999999997042,-1.4787977750408487,1.8195876593502973,-2.487525214333836,1.6957301185914844,0.016461838408552382
-1.9640920054979731,1.0322999999997042,-1.4790264455880675,1.8195882472877316,-2.4862390456379235,1.6961008410585303,0.016718392174950233
-1.9638137876247734,1.0322999999997042,-1.4791783944324244,1.819444037760878,-2.4850225997232815,1.6964638784789134,0.01697504427509771
-1.9637239364564056,1.0322999999997042,-1.4792109017707202,1.8191864914924771,-2.483993910879167,1.696824516904798,0.017231792393110543
-1.9637474728834003,1.0322999999997042,-1.4791011112781682,1.8188552632962143,-2.483229654501146,1.6971873266829556,0.017488639237025226
-1.9638070308051319,1.0322999999997042,-1.478846455717039,1.8184923646581512,-2.4827628998151767,1.6975553743896181,0.01774558651738999
-1.963832334345454,1.0322999999997042,-1.478464783528549,1.8181369246397128,-2.4825819421731334,1.6979288754441577,0.018002634901028294
-1.9637674059763848,1.0322999999997042,-1.4779855004296443,1.8178210746969374,-2.482642756776793,1.6983072886986026,0.018259784373476525
-1.9635750045693796,1.0322999999997042,-1.4774444520622354,1.8175672707089325,-2.482879108680405,1.6986896660613877,0.018517034048116048
-1.9632378919157127,1.0322999999997042,-1.4768788174825516,1.8173873059845231,-2.4832137305553523,1.699074840548251,0.01877438356093009
-1.9627618693882563,1.0322999999997042,-1.4763226065663206,1.8172804010124917,-2.483569095698114,1.699461584957897,0.019031833547827493
-1.9621675079778667,1.0322999999997042,-1.4758032037699038,1.817237452018587,-2.4838765895610564,1.699848755029994,0.01928938437413656
-1.9614855849418,1.0322999999997042,-1.4753392023809018,1.8172433428703394,-2.484083245379609,1.7002354173764218,0.019547035099351018
-1.9607520038400117,1.0322999999997042,-1.4749398937455007,1.817279613180527,-2.4841556243632006,1.7006209175941032,0.01980478540410296
-1.9600028724503016,1.0322999999997042,-1.4746016070318833,1.8173271170225427,-2.484080514066632,1.701004893623221,0.020062635452254104
-1.9592702918524678,1.0322999999997042,-1.474314262951177,1.8173683621533103,-2.4838674944189827,1.7013872273365949,0.02032058524153063
-1.9585792450799115,1.0322999999997042,-1.4740634926089706,1.8173893028732877,-2.4835402206897013,1.7017682179701765,0.020578634992977383
-1.9579457837172471,1.0322999999997042,-1.4738329428606165,1.8173804590034697,-2.4831316028956083,1.702148443723027,0.020836784766729472
-1.9573767775167312,1.0322999999997042,-1.4736064694627418,1.81733717529175,-2.482678618713168,1.7025284406271333,0.02109503478383139
-1.9568666341589827,1.0322999999997042,-1.4733699772777908,1.8172602920418384,-2.48221742549982,1.7029085663724963,0.021353384938509405
-1.9564039364448436,1.0322999999997042,-1.4731127452451158,1.81715574553741,-2.4817792977491577,1.703288987000525,0.021611835105655012
-1.9559736281653541,1.0322999999997042,-1.4728280931275484,1.8170316394194037,-2.481387743832566,1.7036697229280215,0.021870385249723165
-1.9555592995964177,1.0322999999997042,-1.4725142029545601,1.8168969935104997,-2.481056964088616,1.7040507344365436,0.022129035414361918
-1.9551452907683737,1.0322999999997042,-1.4721757629971786,1.8167605706930061,-2.4807917162776056,1.7044319570542272,0.022387785614593977
-1.9547183904107996,1.0322999999997042,-1.4718192329591067,1.8166299090678473,-2.4805846198842367,1.704813310708762,0.022646635788828928
-1.9542689966520754,1.0322999999997042,-1.471451864288804,1.8165106401364388,-2.480422814803316,1.7051947095672708,0.022905585909324025
-1.9537914019441596,1.0322999999997042,-1.4710807690714869,1.8164062879522986,-2.4802902639276194,1.7055760712435353,0.023164636007085876
-1.9532867766053843,1.0322999999997042,-1.4707121428773775,1.816316026548317,-2.4801700823668673,1.7059573240907064,0.023423786088610506
-1.9527600851354552,1.0322999999997042,-1.4703507063013768,1.8162376837358838,-2.4800466196726862,1.7063384121847625,0.023683036161966584
-1.9522177852521547,1.0322999999997042,-1.469999586793648,1.8161681790078263,-2.4799070860586796,1.7067192973404521,0.02394238621042339
-1.951666886529942,1.0322999999997042,-1.469657312840638,1.8161040042887395,-2.4797426000314178,1.7070999568388987,0.024201836234297055
-1.9511140804955287,1.0322999999997042,-1.469320877873159,1.816041684635431,-2.479548325846886,1.7074803983136828,0.02446138624631209
-1.9505650365065355,1.0322999999997042,-1.4689872689071444,1.8159781666068993,-2.479327445943018,1.7078606480948793,0.024721036250001435
-1.9500239185922557,1.0322999999997042,-1.4686540862915125,1.815911100814379,-2.4790853946950815,1.7082407316453498,0.02498078625339269
-1.949492938821631,1.0322999999987297,-1.4683199562734788,1.815839001065486,-2.4788289260528606,1.7086206650477318,0.025240636255737203
-1.948969938314998,1.0322999999936697,-1.4679842939284375,1.815761259065382,-2.4785651614034205,1.7090004538606687,0.025500586264402197
-1.948451924159817,1.0322999999893547,-1.467647048809998,1.8156785382400469,-2.4783007339755305,1.7093800956262228,0.025760636273755418
-1.9479360434400548,1.0322999999879978,-1.4673084440435888,1.815592758337488,-2.478041114010335,1.70975958285859,0.026020786281140927
-1.9474204216392248,1.0322999999879072,-1.4669687811108743,1.8155058131405184,-2.477790170984122,1.7101389068506088,0.026281036285191597
-1.9469039861992385,1.032299999989002,-1.466628327108742,1.815419058809891,-2.47754916318574,1.71051806002337,0.026541386288196012
-1.9463863308658618,1.0322999999911406,-1.4662872697454157,1.8153333462828178,-2.477315582518508,1.7108970364747447,0.026801836292807645
-1.945867476972025,1.0322999999929312,-1.4659457161692664,1.8152490159536436,-2.477086429748464,1.7112758317858747,0.027062386305401795
-1.9453476478793292,1.0322999999943152,-1.4656037129284525,1.8151660614475433,-2.476858965154396,1.7116544426686626,0.02732303632473383
-1.944827109852791,1.0322999999952245,-1.4652612704406656,1.8150843904492937,-2.4766314567448022,1.7120328666456366,0.02758378634242586
-1.9443060851588785,1.0322999999958686,-1.464918382819746,1.8150038442989802,-2.4764029828259675,1.7124111016777626,0.027844636374878766
-1.9437847227685112,1.0322999999963645,-1.4645750416835894,1.8149242224880446,-2.476173219978471,1.712789146159864,0.02810558639800427
-1.9432631029582965,1.0322999999967843,-1.4642312421524384,1.814845310696023,-2.4759422186680617,1.713166998757639,0.02836663638759794
-1.9427412565951117,1.0322999999971665,-1.4638869845296587,1.8147669054354025,-2.4757102003865215,1.7135446583585312,0.028627786319315902
-1.9422191862160012,1.0322999999975218,-1.4635422732634271,1.8146888323763883,-2.475477415343339,1.7139221239660039,0.028889036192620225
-1.9416968831541994,1.0322999999978466,-1.4631971150639278,1.814610958795965,-2.475244066846348,1.7142993946666567,0.02915038604068893
-1.9411743382142894,1.0322999999981357,-1.4628515173243608,1.8145331990497926,-2.475010288339578,1.7146764696789885,0.02941183590873625
-1.9406515468345293,1.0322999999983864,-1.4625054871682175,1.814455506644542,-2.474776148940371,1.7150533484987691,0.029673385775504088
-1.9401285081220911,1.0322999999986,-1.462159029179227,1.8143778736490361,-2.4745416720708326,1.7154300302851704,0.029935035933045008
-1.939605226493708,1.0322999999987803,-1.461812148933264,1.8143003650583276,-2.474306861788585,1.7158065145048977,0.030196786241353447
-1.9390817081334917,1.0322999999989304,-1.4614648506146624,1.8142230685989962,-2.4740717126383385,1.7161828010441957,0.030458636609808232
-1.9385579595899234,1.0322999999990563,-1.4611171374466154,1.8141460539079255,-2.4738362187378784,1.7165588897083652,0.030720586962659894
-1.938033986708094,1.0322999999991622,-1.4607690118279366,1.8140693592440231,-2.4736003774954973,1.7169347802559314,0.03098263726146341
-1.937509794306756,1.032299999999252,-1.460420475680165,1.8139929942642035,-2.4733641903180636,1.7173104723169665,0.031244787477772835
-1.9369853856937544,1.0322999999993285,-1.460071529969413,1.8139169539766866,-2.4731276609518864,1.71768596544902,0.03150703772803129
-1.9364607635869875,1.032299999999394,-1.4597221759059558,1.8138412274684625,-2.472890795147069,1.7180612594387477,0.03176938803289425
-1.9359359302163552,1.0322999999994502,-1.4593724148407943,1.8137657991293707,-2.4726535992158585,1.7184363540962908,0.03203183834601733
-1.935410887273029,1.0322999999994984,-1.4590222478823967,1.8136906499448493,-2.4724160787687612,1.7188112493267584,0.032294388643458884
-1.934885636263074,1.0322999999995395,-1.4586716762268745,1.8136157607288566,-2.4721782386750144,1.7191859451017772,0.032557038850129776
-1.9343601783236848,1.0322999999995746,-1.4583207006678565,1.8135411129035526,-2.471940082541801,1.7195604414034718,0.03281978895637921
-1.9338345143770628,1.0322999999996045,-1.4579693217614071,1.8134666901750187,-2.471701613019825,1.7199347382048198,0.033082638982894874
-1.9333086452051127,1.03229999999963,-1.4576175399094704,1.813392479455119,-2.47146283208765,1.7203088354347298,0.03334558896504137
-1.9327825711652722,1.0322999999996518,-1.457265354828339,1.8133184701442615,-2.4712237407663418,1.720682732904767,0.033608639083593295
-1.9322562926545332,1.0322999999996703,-1.4569127664313088,1.8132446551128196,-2.470984339991067,1.7210564304842957,0.03387178945234597
-1.9317298107471292,1.032299999999686,-1.4565597759628117,1.8131710325770949,-2.4707446317172557,1.7214299285506398,0.034135039852404424
-1.9312031263733092,1.0322999999996996,-1.4562063845228206,1.8130976069879194,-2.470504617644225,1.7218032274455255,0.03439839008544373
-1.930676240015554,1.0322999999997113,-1.455852592454065,1.8130243859338997,-2.470264298767389,1.722176327114638,0.03466184012837958
-1.9301491519356822,1.0322999999997213,-1.4554983997721918,1.8129513757550977,-2.4700236757271696,1.722549227325241,0.03492539002878806
-1.9296218623094896,1.03229999999973,-1.4551438064098714,1.8128785799629341,-2.4697827490119604,1.7229219278128904,0.035189039846489995
-1.929094371289151,1.0322999999997373,-1.4547888123210582,1.812805999336793,-2.4695415190503254,1.7232944283658613,0.03545278962941309
-1.9285666789191802,1.0322999999997435,-1.4544334173026232,1.8127336333304984,-2.4692999860813143,1.7236667287460103,0.035716639459005044
-1.9280387852878977,1.0322999999997489,-1.4540776212782534,1.81266148051565,-2.4690581503866667,1.7240388288532003,0.03598058938103882
-1.9275106905464963,1.0322999999997533,-1.453721424329907,1.812589538834914,-2.4688160123209153,1.7244107287096113,0.036244639398315084
-1.926982394877892,1.032299999999757,-1.4533648266322232,1.8125178059377174,-2.4685735722664335,1.7247824283799358,0.0365087894873429
-1.9264538984629513,1.0322999999997604,-1.4530078283822716,1.8124462795023073,-2.4683308305852223,1.725153927955075,0.036773039616172364
-1.925925201462291,1.0322999999997633,-1.452650429760474,1.812374957487698,-2.4680877875942646,1.7255252275336286,0.037037389754457924
-1.9253963040134747,1.0322999999997657,-1.4522926309222308,1.812303838288639,-2.4678444435638283,1.7258963271779109,0.03730183987586466
-1.9248672062323848,1.032299999999768,-1.4519344319978165,1.8122329207913312,-2.4676007987217203,1.7262672269246293,0.03756638995841257
-1.9243379082110625,1.0322999999997697,-1.4515758330854454,1.8121622043508767,-2.46735685325179,1.7266379267930472,0.03783103998649967
-1.9238084100200608,1.0322999999997713,-1.4512168342535194,1.812091688700738,-2.4671126072988696,1.7270084267968489,0.03809578995060496
-1.9232787117236885,1.0322999999997726,-1.4508574355688286,1.81202137380217,-2.466868060992829,1.7273787269700256,0.038360639840481
-1.9227488133177932,1.0322999999997737,-1.4504976369710656,1.811951259940638,-2.466623214355712,1.7277488272806016,0.03862558967663421
-1.922218714771116,1.0322999999997746,-1.4501374383536014,1.8118813474534974,-2.4663780673647167,1.728118727662255,0.03889063949033151
-1.9216884160594967,1.0322999999997755,-1.4497768396303488,1.8118116365431203,-2.466132620004262,1.7284884280513924,0.039155789307043935
-1.9211579171761353,1.0322999999997762,-1.4494158407552167,1.8117421272358059,-2.4658868722819203,1.72885792840422,0.039421039141692954
-1.9206272181173254,1.0322999999997768,-1.4490544416928715,1.811672819480849,-2.465640824207383,1.7292272286853012,0.03968638900603281
-1.9200963188860152,1.0322999999997775,-1.4486926424252116,1.811603713165758,-2.465394475798156,1.7295963288728518,0.03995183890709908
-1.9195652194949206,1.032299999999778,-1.4483304429570616,1.8115348081232339,-2.4651478270845275,1.7299652289627654,0.04021738884584049
-1.9190339199658768,1.0322999999997784,-1.447967843314437,1.8114661041466031,-2.4649008781088466,1.7303339289675834,0.04048303881759901
-1.9185024203269347,1.0322999999997786,-1.447604843538357,1.8113976010099246,-2.4646536289213814,1.7307024289120163,0.04074878881369653
-1.917970720608554,1.0322999999997788,-1.4472414436768892,1.811329298489096,-2.4644060795748,1.7310707288268639,0.04101463882345942
-1.9174388208398776,1.032299999999779,-1.4468776437773934,1.8112611963808425,-2.464158230118752,1.7314388287429188,0.04128058883618962
-1.9169067210457174,1.0322999999997793,-1.4465134438802145,1.8111932945172955,-2.4639100805954968,1.7318067286859669,0.04154663884277059
-1.9163744212445744,1.0322999999997793,-1.4461488440144796,1.8111255927748127,-2.463661631037068,1.7321744286735004,0.04181278883674383
-1.915841921447797,1.0322999999997793,-1.4457838441961965,1.811058091076646,-2.4634128814641265,1.7325419287133306,0.04207903881480656
-1.915309221659799,1.0322999999997793,-1.4454184444285045,1.810990789389926,-2.4631638318863858,1.73290922880394,0.04234538877676836
-1.914776321878313,1.0322999999997795,-1.4450526447020278,1.8109236877223907,-2.462914482303079,1.733276328935219,0.0426118387254793
-1.9142432220916041,1.0322999999997797,-1.4446864449891732,1.810856786135501,-2.4626648326988483,1.733643229085663,0.042878388668268846
-1.913709922288881,1.03229999999978,-1.4443198452648338,1.8107900846901936,-2.4624148830594232,1.7340099292347309,0.0431450386117821
-1.9131764224639116,1.0322999999997802,-1.4439528455135322,1.8107235834233542,-2.4621646333770952,1.7343764293684742,0.04341178856020336
-1.9126427226149343,1.0322999999997804,-1.4435854457291677,1.8106572823444071,-2.461914083650624,1.7347427294804465,0.043678638515327294
-1.9121088227419731,1.0322999999997806,-1.4432176459095853,1.8105911814482314,-2.461663233881243,1.7351088295686634,0.0439455884779229
-1.9115747228458884,1.0322999999997806,-1.442849446054624,1.8105252807218606,-2.4614120840712657,1.7354747296337631,0.044212638448227065
-1.9110404229286264,1.0322999999997806,-1.442480846166572,1.8104595801454406,-2.4611606342244845,1.73584042967846,0.044479788425835415
-1.9105059229931383,1.0322999999997806,-1.4421118462499634,1.8103940796941964,-2.4609088843460705,1.736205929706867,0.044747038409757606
-1.9099712230430628,1.0322999999997806,-1.441742446310909,1.8103287793409535,-2.460656834442115,1.7365712297237879,0.045014388398587804
-1.9094363230822926,1.0322999999997806,-1.441372646356201,1.8102636790587658,-2.4604044845189987,1.7369363297340565,0.04528183839073178
-1.9089012231145364,1.0322999999997806,-1.4410024463924098,1.8101987788232639,-2.460151834582744,1.7373012297419876,0.04554938838463556
-1.9083659231429535,1.0322999999997806,-1.4406318464251335,1.8101340786144382,-2.4598988846384824,1.7376659297509771,0.04581703837897495
-1.9078304231699148,1.0322999999997806,-1.4402608464584987,1.8100695784176977,-2.4596456346901046,1.738030429763276,0.046084788372782536
-1.9072947231969006,1.0322999999997806,-1.4398894464949432,1.810005278224162,-2.459392084740116,1.738394729779938,0.04635263836550364
-1.906758823224532,1.0322999999997806,-1.439517646535262,1.8099411780302574,-2.4591382347896906,1.73875882980092,0.04662058835698618
-1.9062227232525208,1.0322999999997806,-1.4391454465784979,1.8098772778377323,-2.458884084838603,1.739122729825085,0.04688863834750915
-1.9056864232795252,1.0322999999997806,-1.4387728466216434,1.809813577654268,-2.4586296348850176,1.7394864298500632,0.047156788337858385
-1.9051499233043356,1.0322999999997806,-1.4383998466620027,1.8097500774872153,-2.4583748849272697,1.7398499298736534,0.04742503832873673
-1.9046132233262767,1.0322999999997806,-1.4380264466979886,1.8096867773409457,-2.4581198349644753,1.7402132298944377,0.04769338832056557
-1.9040763233451872,1.0322999999997806,-1.4376526467290782,1.8096236772165404,-2.457864484996502,1.7405763299118555,0.047961838313496895
-1.903539223361101,1.0322999999997806,-1.437278446755167,1.8095607771133828,-2.457608835023494,1.7409392299258275,0.0482303883075746
-1.903001923374146,1.0322999999997806,-1.4369038467763642,1.8094980770299327,-2.4573528850457227,1.7413019299365486,0.04849903830278671
-1.9024644233845758,1.0322999999997806,-1.4365288467930524,1.8094355769638446,-2.457096635063636,1.7416644299444306,0.048767788299050756
-1.90192672339276,1.0322999999997806,-1.4361534468058643,1.8093732769122042,-2.4568400850778462,1.7420267299500285,0.049036638296219605
-1.9013888233991458,1.0322999999997806,-1.435777646815604,1.809311176871827,-2.456583235089074,1.7423888299539634,0.04930558829410162
-1.900850723404207,1.0322999999997804,-1.4354014468231413,1.8092492768395676,-2.4563260850980715,1.7427507299568483,0.04957463829248752
-1.9003124234083906,1.0322999999997802,-1.4350248468293048,1.8091875768125931,-2.456068635105545,1.7431124299592269,0.04984378829117696
-1.8997739234120758,1.03229999999978,-1.4346478468347963,1.8091260767885906,-2.4558108851120948,1.7434739299615278,0.050113038290000377
-1.8992352234155458,1.03229999999978,-1.4342704468401348,1.8090647767658865,-2.455552835118171,1.7438352299640403,0.050382388288833124
-1.8986963234189778,1.03229999999978,-1.4338926468456332,1.809003676743477,-2.4552944851240617,1.7441963299669088,0.05065183828760125
-1.8981572234224469,1.03229999999978,-1.4335144468514074,1.8089427767209765,-2.4550358351298986,1.7445572299701466,0.05092138828627948
-1.897617923425916,1.0322999999997802,-1.4331358468573532,1.8088820766986475,-2.4547768851356424,1.7449179299736302,0.051191038284896836
-1.8970784234292328,1.0322999999997804,-1.4327568468631404,1.8088215766774007,-2.454517635141078,1.7452784299770985,0.05146078828353849
