0.0,0.0,0.0,0.0,0.0,0.0,0.0
-35.065600111614955,-8.012563055236468e-12,-26.31415612714531,17.54474825169023,-43.858703525806035,1.8121966871131394,0.04542884538477059
-88.96145743658185,-1.4085969319521604e-11,-66.75178212192228,44.51709243896116,-100.0,4.59444812976631,0.10473864861623346
-100.0,-1.6949827916425717e-11,-100.0,73.43548253742972,-100.0,7.586642183043173,0.18737324695834107
-100.0,-1.86976374176223e-11,-100.0,98.29713453938143,-100.0,10.164852221803468,0.2596057541100527
-100.0,-1.9337473087288185e-11,-100.0,100.0,-100.0,11.917832881210916,0.33409302260887375
-100.0,-1.921858951650081e-11,-100.0,100.0,-100.0,12.64411075713774,0.3764912983964739
-100.0,-1.8586487411173687e-11,-100.0,100.0,-100.0,12.32077283633281,0.3797198255831791
-100.0,-1.7593912392373877e-11,-100.0,95.2530724647264,-100.0,11.114474663493713,0.36257168925768696
-100.0,-1.639513165768709e-11,-100.0,84.81036284978404,-100.0,9.266976320886478,0.3273616546993436
-100.0,-1.5140273558068006e-11,-100.0,70.3955583266108,-100.0,7.095126180031515,0.2796710297935898
-100.0,-1.386119801892698e-11,-100.0,54.039885219913344,-100.0,4.8903730851092355,0.23242071585797638
-100.0,-1.2604576926223471e-11,-95.15007366475295,37.71628309758946,-100.0,2.896878525414774,0.19940411828999166
-100.0,-1.138737217381945e-11,-85.30226206742037,23.083948677950293,-100.0,1.2909623258729015,0.17489706015676054
-100.0,-1.0262486250206851e-11,-71.87226353245727,11.316294971914063,-100.0,0.17321634005835707,0.1658179351407884
-100.0,-9.197624483286473e-12,-56.59351651255038,3.0324563605194026,-100.0,-0.4399286415870569,0.1742234480542725
-98.87536067993946,-8.254698280406184e-12,-41.205559861619555,-1.7005780927791827,-100.0,-0.6032095184080666,0.18883251359810754
-92.13892921177026,-7.384932922590982e-12,-27.21587763932136,-3.2458596157830524,-100.0,-0.4097035819958889,0.21113492566483474
-80.82456568330771,-6.6014815476175275e-12,-15.716904555893466,-2.2971217313867855,-100.0,0.020081515612336842,0.2311095823659045
-66.50436670811428,-5.878959359744336e-12,-7.313998040827434,0.29714633919754796,-100.0,0.556062419691658,0.2501759794909387
-50.955323888976025,-5.248446496258845e-12,-2.1400976981286997,3.663628839620935,-100.0,1.0873070117553483,0.2621161148884347
-35.869125714416796,-4.669749262619398e-12,0.08685032975595774,7.019795037464684,-98.12711333770702,1.5273225793897265,0.26847212074493704
-22.62099796922477,-4.157097813407302e-12,-0.05741658642929459,9.765146994505383,-90.7478335328261,1.8202854932664128,0.26934370880126807
-12.141360938239707,-3.6981817809981505e-12,-1.8287638065637295,11.518841517827036,-78.98303621074537,1.9447661772139664,0.2656753588395036
-4.867807408096362,-3.2765051448728787e-12,-4.445330616582428,12.126753796287776,-64.44722048242036,1.9061814951623322,0.2591198466779024
-0.7756155777379385,-2.91031013412505e-12,-7.194401684321511,11.633764220225824,-48.91822915407715,1.7331410405895842,0.2532758655022088
0.53495416389102,-2.590140699138223e-12,-9.508564841381302,10.237103931200751,-34.05438020270204,1.46738575535554,0.24949862844188384
-0.283090122928382,-2.3007029562297058e-12,-11.016182953926076,8.227982002513631,-21.175408239614185,1.1560775772561565,0.24799019682712678
-2.455980170254069,-2.0474783776053806e-12,-11.546724038156668,5.932235785741627,-11.145150287629853,0.8438709955959736,0.24767539303921374
-5.212282417923812,-1.823234212665111e-12,-11.111911355072586,3.6601053537970505,-4.3353007983223595,0.5701087350011689,0.24855376972594553
-7.878208506646127,-1.6275570620624708e-12,-9.864726217106808,1.663115798289179,-0.6652560175294631,0.3588627265129175,0.24980686682529157
-9.953400687773149,-1.4492755852847161e-12,-8.050146262606834,0.11229793316069236,0.3054213582343319,0.2219660667336811,0.2506951694163642
-11.136456865056042,-1.2903547614904107e-12,-5.951881899079686,-0.9093036050819088,-0.7476811826029,0.15955513804339289,0.2513311368078227
-11.32366673583354,-1.1451811978892387e-12,-3.845039975410509,-1.4014917960850433,-3.045834719888698,0.16207117998563947,0.2517787776260302
-10.581512562145447,-1.0172924448016e-12,-1.9631159486414294,-1.4309399601770048,-5.827424386127511,0.213544783764978,0.25212761533326844
-9.102111891168635,-8.998058317973357e-13,-0.46683707721840606,-1.1097860632190883,-8.440146487383036,0.2949792263577325,0.2523129018124522
-7.150790340413046,-7.979893828727389e-13,0.5604509579868231,-0.5719743979124131,-10.410077744929055,0.38746424970997,0.25254251830801994
-5.01398762357524,-7.080555828762844e-13,1.109534129034122,0.048781908527844475,-11.463799052863699,0.47243768695672417,0.25274131376607895
-2.9592167720666933,-6.28843138599817e-13,1.2325816331318837,0.6345512552655764,-11.522646842163262,0.5386785470400083,0.252932839968157
-1.1942155974065092,-5.565527282784361e-13,1.0247662641333473,1.0995852989419803,-10.6729115084291,0.5797580692656668,0.25314105940560055
0.1465070419321448,-4.924333954196692e-13,0.603335378974883,1.3930305520533337,-9.1194080678838,0.5940696002849903,0.2533345104683336
1.0060923902006178,-4.3494355891295803e-13,0.08771865649585386,1.498811397153524,-7.132799127410428,0.5841050566466129,0.253543001844453
1.3985083790795707,-3.8623145359839656e-13,-0.41266864162408257,1.4306308572563051,-4.998329651814137,0.5552230323831573,0.2537063101898482
1.3932980239354826,-3.395934476700757e-13,-0.8181312312224358,1.2241048851286405,-2.9772480933213243,0.5143727044456932,0.2538648506993744
1.0958759368029105,-2.9801995664614495e-13,-1.0794932591893045,0.9274575822464347,-1.2678252176330602,0.4686137349643406,0.25401477115349896
0.6267343727773995,-2.6461453301986607e-13,-1.1784066984517292,0.5922635009403212,0.006086850707635705,0.42681356978020163,0.2541253045245961
0.1025795650818545,-2.332220780699837e-13,-1.123526543950443,0.267848533988183,0.797875017951388,0.39309473057788585,0.25424197983273183
-0.3748695077349303,-2.0628843561140762e-13,-0.9438133096705398,-0.00900633127815259,1.129985397260275,0.36975741758453595,0.25436636614704544
-0.7360083729374753,-1.8366693127477628e-13,-0.6804402023818115,-0.214554168565918,1.0778721794032093,0.357339674293434,0.25449612880166267
-0.9425336035126266,-1.6376923218674979e-13,-0.37837988769533465,-0.33879134333178473,0.7499759293160655,0.35487161278139984,0.25462271410468973
-0.9861631753139593,-1.4156985455323962e-13,-0.08342385984518941,-0.38416278818179983,0.2667791213177805,0.3602915567338913,0.25474020067295605
-0.8836109508640629,-1.2077745160344058e-13,0.1715874717302519,-0.36283898239662105,-0.2564502602789397,0.3709698372215548,0.25485547376039375
-0.6692082320178495,-1.0161957671591624e-13,0.36497343195599063,-0.2932054073486503,-0.721498019549287,0.38268545927529574,0.2549680128371482
-0.38663715991437486,-8.79378822115531e-14,0.48701714653378747,-0.1961272325359638,-1.0630624696981017,0.39291655344237486,0.2550806872968461
-0.08075490941754515,-7.876859211854294e-14,0.5389878658192259,-0.0919585685064828,-1.2472026954869373,0.40056633363214916,0.2551926085326776
0.2048546567702777,-7.313183035840103e-14,0.5308738873209381,0.0007547180841110529,-1.2694766498352337,0.40509882546544257,0.2553014936794263
0.4409352205322815,-6.959127566121993e-14,0.47837168674389496,0.0706846472330333,-1.1495028629284083,0.40650321117795163,0.2554086618259889
0.6100043556285496,-6.764736916698244e-14,0.39970102201169627,0.1119553367856447,-0.9233801549110613,0.40519046670498127,0.25551491835398205
0.7064655074958075,-6.653673121002856e-14,0.31256303396856755,0.12383782731968941,-0.6354199619154877,0.40185477673309167,0.255620103889111
0.7350909567579923,-6.593850762189132e-14,0.23528196882379876,0.10981440885816784,-0.3303201952036633,0.3973630943653253,0.25572483314891703
0.7083983197203447,-6.576350424683468e-14,0.17751004528528302,0.0762640810554499,-0.050258305441127915,0.3925122021067504,0.25582838158278665
0.6434926356610817,-6.544992171768046e-14,0.1442186425269984,0.03101789694946927,0.1770879588884745,0.38835560858025475,0.2559318394623645
0.5585905013653792,-6.533756696413424e-14,0.1359723696087805,-0.01807394372368705,0.33594757239844614,0.3856581817049089,0.256035364621567
0.47177561746770336,-6.52926544248229e-14,0.1497410129456532,-0.06233681286635118,0.4223111817888821,0.3843895970971662,0.25613807761565216
0.3993279313516251,-6.521848358828281e-14,0.1800321408777154,-0.0973266746375605,0.44222118800510485,0.38414032050816055,0.25624002537661555
0.3492648733946409,-6.515930876769979e-14,0.22012962821192145,-0.12064897066581186,0.4090376263220893,0.3844415356178433,0.2563417123790248
0.3248668793993194,-6.510145177149459e-14,0.26338720083713046,-0.13188612943897385,0.3402521018028574,0.38492084880936017,0.25644275096075697
0.32519102943903877,-6.50954400997715e-14,0.3007349699707452,-0.13227105175102785,0.2540478261409005,0.38535649949994116,0.2565435273313206
0.3460460739512644,-6.506837813824682e-14,0.32913069965227487,-0.12420376759013141,0.1707443320053489,0.3856935825304124,0.25664417918057547
0.3812149514922031,-6.510074193779995e-14,0.3472378685598891,-0.11070356911513901,0.10226601661905523,0.38590064409365404,0.2567448974594488
0.42390900389826297,-6.506845207818151e-14,0.35528264402307785,-0.09557893491467884,0.056024267412020975,0.38596925687955935,0.2568454997258676
0.4647687239785069,-6.510542184259931e-14,0.35472464170169454,-0.08221393555101697,0.03483181607176665,0.3859102604385016,0.2569461140658154
0.49883807837506833,-6.511511203467234e-14,0.34782792414251074,-0.07202461108761052,0.03745307152014344,0.3857480734632159,0.2570467172335139
0.5236012180969644,-6.511273523987644e-14,0.3370079995882593,-0.06572091785161649,0.05958374942386484,0.38551412957579095,0.2571472333335757
0.538200166380136,-6.512754424359122e-14,0.326879484758113,-0.06335094678287928,0.09505307890294051,0.38523973997120603,0.25724768276549864
0.5432348887090315,-6.512462362659081e-14,0.3199503513176775,-0.06442448747672537,0.13733625975153882,0.38495459400876514,0.2573480477248146
0.5404048266190403,-6.514876061140898e-14,0.3164660120369224,-0.0680855046632131,0.17657372920256803,0.3847044134362632,0.2574483399305572
0.5320711135497677,-6.516626547235952e-14,0.31617403886036094,-0.07329932918334149,0.20893000781906296,0.3844987052651337,0.25754859302853245
0.5205502469895951,-6.514714298535658e-14,0.31808380751619025,-0.07903623576546578,0.2321481739983582,0.38432798421096115,0.2576488001531544
0.511243425877257,1.6175114044402478e-09,0.3208842995201019,-0.08389732625877896,0.24555565956231462,0.3841767888870351,0.2577489898552533
0.5052774981461223,4.002057224188597e-09,0.32370524918916677,-0.08692404039739711,0.24985493330336267,0.3840311392324508,0.2578491416243968
0.5027058276174494,2.5044734927363095e-09,0.3261006579915408,-0.08821860728384741,0.24676590191837575,0.3838814235693378,0.2579492647496026
0.5031303653488143,2.43779681154406e-09,0.32794484505480015,-0.08824127726178109,0.23860177221053352,0.3837226049184427,0.25804937763962627
0.505163649464138,1.3941142784221802e-09,0.32929813927379475,-0.0875230711629303,0.2277376341390613,0.3835546637868986,0.25814946813907347
0.5077371175336685,1.4920042065123647e-09,0.33029629570639074,-0.08651873918647975,0.2194679326328831,0.38337934354576936,0.2582495438101745
0.5101474827430642,1.1220514625749092e-09,0.3310774827379211,-0.08552726814828966,0.21448602428404623,0.3831985927848428,0.2583496105213523
0.5120787797416827,-4.995952503390791e-10,0.33174746686919004,-0.08462524142490074,0.21273845960649387,0.3830139953776795,0.2584496700251803
0.5134831977076538,-1.4261817066072378e-09,0.33237147978557685,-0.08386268991931385,0.2136154677447736,0.38282665172490193,0.258549727084406
0.5144547693606019,-1.891424353628314e-09,0.33298071117275185,-0.08326141784179256,0.21571997434282672,0.3826372594383624,0.2586497855996494
0.515131272304383,-1.9153038864677046e-09,0.3335835610997697,-0.0828192878404501,0.21816376994196124,0.3824463036706701,0.25874982907416055
0.5156379697014499,-1.6865560416546447e-09,0.3341773565566607,-0.08251483396857025,0.22040782759871663,0.38225408153602036,0.25884984647726583
0.516064916389046,-1.3596929795190434e-09,0.3347565827938158,-0.08231412747216071,0.22222276384144102,0.3820607295409587,0.2589498656859248
0.5164629092561542,-1.0316013147836927e-09,0.3353163588343219,-0.08217878373703855,0.22358869989868,0.38186644576992923,0.25904988626849784
0.5168533245568829,-7.692801436899634e-10,0.33585448492946707,-0.08207637126204494,0.22459161979460418,0.38167125522986817,0.25914992015042165
0.5172390695704754,-5.85669160553586e-10,0.3363710346781635,-0.08197769088594122,0.22534889551537274,0.3814753780879328,0.25924993064176405
0.517616244832749,-4.650712614673956e-10,0.3368685361562245,-0.08183553551210648,0.22596439512482255,0.38127878970282086,0.259349983664166
0.5179783540206918,-3.8794724232340124e-10,0.33734954901523473,-0.08163804678406979,0.22650912408869417,0.38108172634300774,0.25945002869391387
0.5183214175050632,-3.3570268845698605e-10,0.33781718074769645,-0.08139715702898051,0.22702354462639673,0.3808846502528838,0.25955007588398527
0.5186438087007553,-2.9627121750047495e-10,0.3382738534567024,-0.08113212876406617,0.22752404298496196,0.38068728723458817,0.2596501019822069
0.5189463844819343,-2.6245653833547266e-10,0.33872163397383165,-0.08086043843819815,0.2280135674662942,0.3804895124331425,0.25975009949994915
0.5192315797478594,-2.3102752799370893e-10,0.3391622507794054,-0.08059173649847903,0.22848942940718356,0.38029129779310744,0.2598500842052762
0.5195023333398515,-2.010645778474211e-10,0.3395970411894244,-0.0803299125915585,0.22894796662834066,0.3800926571924576,0.25995008136561676
0.5197614319493287,-1.7296758337239617e-10,0.34002695973500335,-0.0800780724937764,0.22938677868194898,0.3798936956908441,0.2600501016533906
0.5200111827213546,-1.4734608668362074e-10,0.3404526514450774,-0.07983767997130349,0.22980541324218073,0.37969453173638623,0.2601501322084877
0.5202534196545184,-1.2473801160054886e-10,0.3408746670941865,-0.07960862716612312,0.23020523906110651,0.37949522311035705,0.2602501646847436
0.52048945395978,-1.0532981425547341e-10,0.34129342031176463,-0.07938951190148916,0.2305885318530573,0.379295830341438,0.260350181093354
0.5207203129379232,-8.897795795797483e-11,0.3417093816241087,-0.07917864209078881,0.2309580014418253,0.37909637005050045,0.260450189468355
0.5209467050530676,-7.535447991554903e-11,0.34212286240609857,-0.07897363327596779,0.23131608997816583,0.37889688480050215,0.2605501728399118
0.5211692267180046,-6.397744852632324e-11,0.3425342031777044,-0.07877181898814828,0.23166492184495588,0.37869739418460835,0.2606501315636021
0.5213884148755282,-5.449889307194386e-11,0.3429437523805742,-0.07857081747373318,0.23200625258847124,0.3784978836566032,0.26075007635436676
0.5216047405904749,-4.656501354413877e-11,0.3433517829923904,-0.07836821303233296,0.23234145023404418,0.37829830891625554,0.2608500063812158
0.5218186890270944,-3.9788665663778505e-11,0.3437586583107334,-0.07816311035663115,0.23267165849275925,0.37809863404166605,0.2609499532226663
0.5220306285311721,-3.401915948960857e-11,0.34416460059282056,-0.07795611092478279,0.232997665466071,0.37789887387372545,0.26104992519119746
0.5222408494697077,-2.9060093111590267e-11,0.34456974872264334,-0.07774829924863667,0.23332004557321082,0.3776990534620886,0.26114991877973914
0.5224495994204871,-2.476658474223979e-11,0.34497421448812665,-0.07754059429335723,0.2336392700512484,0.3774991875529162,0.26124993018740245
0.5226571024371165,-2.1087366960758384e-11,0.34537811219303366,-0.07733341719386927,0.23395576678449576,0.37729927653086215,0.26134996094557783
0.5228635647848401,-1.7892907027154356e-11,0.3457815286746666,-0.07712698696889854,0.23426995697676276,0.37709942057749124,0.26145000632026866
0.5230690882123407,-1.515551352243062e-11,0.34618447346987735,-0.07692156821172999,0.23458206568014922,0.3768995586117697,0.2615500530016533
0.5232737741418242,-1.2876302348119062e-11,0.3465869626481177,-0.07671727260773681,0.23489232813590225,0.37669966395362453,0.2616500895758934
0.5234777278041076,-1.0962578085915433e-11,0.3469890310583093,-0.07651406725144762,0.23520098783852517,0.3764997330132242,0.261750109992895
0.5236810535251919,-9.336847085045506e-12,0.3473907282838511,-0.07631180883035081,0.23550828194788148,0.37629977493134276,0.2618501131170098
0.5238838489990255,-7.942410508439953e-12,0.34779211067214627,-0.07611028896843888,0.23581442796645533,0.37609980328260895,0.2619501011255773
0.524086201965809,-6.806362550644023e-12,0.34819323549327735,-0.07590927872807236,0.23611961698603584,0.37589982994735094,0.262050078182892
0.5242881890770987,-5.836944654779029e-12,0.3485941573759535,-0.07570856503742543,0.23642401237195873,0.37569986160876,0.2621500494744895
0.5244898571558615,-4.981797556881814e-12,0.34899489001935485,-0.07550801883569451,0.2367277224365801,0.3754999260592799,0.26225001157802996
0.5246912638288433,-4.216681844265449e-12,0.3493954806043944,-0.07530753053201107,0.23703086517930574,0.37530001715056005,0.26234997048055414
0.5248924693988641,-3.54495032823782e-12,0.34979599224882946,-0.07510699157833343,0.23733355723619792,0.3751001065714108,0.2624499370737412
0.5250935242043291,-3.0350353491886522e-12,0.35019647764762674,-0.07490632323496138,0.23763589580221312,0.37490016385435015,0.26254992046236075
0.5252944506616607,-2.5925283844081297e-12,0.350596942175776,-0.07470555997675335,0.23793793235631505,0.37470018398187793,0.2626499186490186
0.5254952596918814,-2.2280790916781905e-12,0.3509973743918892,-0.07450477415816395,0.23823969845679108,0.3745001752544277,0.26274992595561864
0.5256959643763021,-1.9270064508681905e-12,0.35139777171854936,-0.07430400785609866,0.23854122696301175,0.37430014467050027,0.26284993930311507
0.525896576359764,-1.6911828899016758e-12,0.35179813259646847,-0.07410329001250779,0.23884254688796305,0.3741001002255866,0.2629499561943144
0.5260971042764904,-1.446194829226987e-12,0.3521984528150211,-0.0739026476162424,0.23914368122308802,0.373900051620569,0.263049973753004
0.5262975554072719,-1.2095908511251357e-12,0.3525987283638386,-0.07370210123010627,0.23944464959499734,0.3737000077711122,0.2631499893985412
0.5264979367326438,-9.675067323804507e-13,0.3529989571822963,-0.07350166228877414,0.23974546998636745,0.3734999751966289,0.2632500012537425
0.5266982554729278,-8.476056763353001e-13,0.3533991399398865,-0.07330133218922633,0.24004615967460638,0.37329995732378757,0.2633500083151561
0.5268985192459433,-7.27400757824072e-13,0.35379928008367023,-0.07310110296149151,0.24034673559221573,0.373099954537642,0.26345001044240274
0.527098735963173,-6.797749215934831e-13,0.3541993833835727,-0.0729009591501384,0.24064721429164326,0.37289996473982706,0.2635500082233973
0.5272989135654119,-6.417707168347109e-13,0.354599457172105,-0.0727008804522106,0.24094761166069428,0.37269998417668015,0.26365000276491857
0.5274990596803889,-5.491227159801083e-13,0.35499950944859787,-0.07250084463984842,0.24124794251281453,0.3725000083366604,0.263749995450327
0.5276991812748941,-4.0064620144814444e-13,0.35539954799236784,-0.07230083033627019,0.24154822015689084,0.37230003276890733,0.26384998770177687
0.5278992843606691,-2.3787446273607734e-13,0.35579957960613107,-0.07210081929924629,0.2418484560359357,0.3721000537242021,0.2639499807765031
0.5280993762029464,-1.4610819499571367e-13,0.3561996143776709,-0.07190078529569395,0.2421486631133198,0.37190006569530726,0.2640499768191256
0.528299459829304,-1.3988716087871855e-13,0.35659965459801646,-0.07170072224085441,0.2424488476810539,0.3717000677518882,0.2641499760827195
0.5284995354515084,-1.4958244352435372e-13,0.35699969749211813,-0.07150063895359421,0.24274901154570183,0.3715000624165693,0.26424997760176006
0.5286996026411653,-1.1096397864583504e-13,0.35739973947322407,-0.07130054821889623,0.24304915533557137,0.37130005315814646,0.26434998024776074
0.5288996616286946,-9.875588046230124e-14,0.3577997786666447,-0.07110045896942073,0.24334928048394422,0.3711000425312555,0.2644499833536346
0.5290997133215974,-9.340268464262169e-14,0.35819981488799674,-0.07090037493674374,0.2436493892831187,0.37090003179312503,0.2645499867033438
0.5292997582660558,-1.5437875922300817e-13,0.3585998475206536,-0.07070029958305651,0.24394948334794608,0.3707000219988565,0.26464998999757033
0.5294997968452672,-1.6582480476029923e-13,0.35899987587096394,-0.07050023555716614,0.24424956393297792,0.3705000139155036,0.26474999293893464
0.5296998294330013,-1.1578383270852743e-13,0.3593998994400589,-0.07030018436273631,0.24454963217907708,0.3703000079844747,0.2648499952967627
0.529899856486059,-4.998995148485317e-14,0.35979991807817124,-0.07010014624538147,0.24484968926637973,0.3701000043267698,0.2649499969432948
0.5300998785784329,8.27732912827614e-15,0.36019993202666356,-0.069900120275801,0.2451497364779108,0.3699000027818642,0.2650499978618726
0.5302998963892251,7.316822171926402e-14,0.36059994187091693,-0.06970010458493144,0.24544977519172576,0.369700002973217,0.26514999813315226
0.5304999106608078,7.492807985947482e-14,0.3609999484372253,-0.06950009669415419,0.24574980682789938,0.36950000438794794,0.26524999790776227
0.530699922143873,5.6480317941031974e-14,0.3613999526659453,-0.06930009388094653,0.24604983277339704,0.3693000064610214,0.2653499973731475
0.530899931541972,2.529458926108191e-14,0.36179995548647315,-0.06910009352521419,0.2463498543060862,0.36910000865338694,0.26544999672115954
0.5310999394661204,5.4767271202425913e-14,0.36219995771351005,-0.06890009339288437,0.24664987253198378,0.36890001051451815,0.26554999612083247
0.5312999467375439,1.2968333387176906e-14,0.36259996064257566,-0.0687000900664128,0.24694988884455757,0.36870001132534114,0.26564999586649296
0.531499953590837,6.6875608497291446e-15,0.362999964447001,-0.06850008301773779,0.24724990373335384,0.3685000110137944,0.26574999597641785
0.531699959954633,-1.3936227014657007e-15,0.36339996873186553,-0.06830007343486665,0.24754991720854302,0.36830000990045536,0.2658499963304778
0.5318999657036321,-6.684677332982452e-14,0.3637999730316501,-0.06810006291851249,0.24784992918229015,0.3681000084013991,0.2659499967939859
0.53209997080528,-3.77625708170977e-14,0.3641999770979308,-0.06790005257200467,0.24814993969107377,0.3679000068141597,0.26604999728922324
0.5322999753205537,-5.923873232012979e-14,0.3645999808963089,-0.06770004283999242,0.24844994889921496,0.36770000527399543,0.2661499977943169
0.5324999792730787,-4.9401737911178755e-14,0.36499998434053654,-0.06750003413116411,0.24874995690416352,0.36750000389378173,0.2662499982764056
0.5326999826727548,-8.917794584431726e-14,0.3653999873369885,-0.06730002675519244,0.249049963773696,0.36730000275412633,0.2663499987023878
0.5328999855340985,-8.04824049595258e-14,0.365799989817372,-0.06710002088474586,0.24934996957473193,0.36710000189899916,0.2664499990470467
0.5330999878861704,-1.3145450727244329e-13,0.36619999175730455,-0.06690001654354259,0.2496499743894094,0.36690000133625583,0.2665499992971816
0.5332999897760907,-1.6179044927779728e-13,0.3665999931804142,-0.06670001361706389,0.24994997832112348,0.3667000010418139,0.26664999945278606
0.5334999912666458,-1.1130671974718603e-13,0.36699999415224815,-0.06650001188129907,0.2502499814920655,0.366500000967297,0.26674999952510975
0.5336999924305987,-1.2533956683806777e-14,0.36739999476710894,-0.06630001104216143,0.2505499840351841,0.36630000104911337,0.26684999953332755
0.5338999933436557,7.046637962827754e-14,0.36779999513283373,-0.06610001077886382,0.2508499860845244,0.3661000012185904,0.2669499995006798
0.5340999940775938,9.707593393221664e-14,0.3681999953557558,-0.06590001078453898,0.251149987765101,0.3659000014105301,0.2670499994506299
0.5342999946947369,9.918469728869846e-14,0.3685999955285347,-0.06570001079920475,0.25144998918496575,0.36570000157084237,0.2671499994036587
0.5344999952857671,1.3156769116365303e-13,0.36899999580546616,-0.0655000104108383,0.2517499904927267,0.3655000016111915,0.26724999939604427
0.534699995867078,1.7449478791160766e-13,0.36939999619631153,-0.06530000958026527,0.2520499917237549,0.3653000015267933,0.2673499994282012
0.534899996422923,9.163055356468832e-14,0.3697999966500663,-0.0651000084575816,0.2523499928636195,0.36510000135646564,0.2674499994857062
0.535099996933454,2.7122873947785652e-14,0.3701999971103359,-0.06490000723314818,0.25264999389047865,0.3649000011487038,0.26754999955305897
0.5352999973921116,-2.605870194962856e-14,0.3705999975494592,-0.0647000060302655,0.25294999480104935,0.3647000009361265,0.26764999962221236
0.5354999978022965,-4.827585950752396e-14,0.37099999796204114,-0.06450000490157914,0.253249995606029,0.36450000073395267,0.2677499996907604
0.5356999981635567,-4.1176423725102555e-14,0.3713999983369732,-0.06430000389489057,0.25354999630971486,0.364300000554592,0.26784999975500845
0.53589999847453,-2.264970079351054e-14,0.371799998662585,-0.06410000304589034,0.2538499969140936,0.3641000004067773,0.26794999981125045
0.5360999987348753,-8.577150817196769e-15,0.3721999989306199,-0.06390000237391366,0.25414999742221017,0.36390000029506187,0.26804999985681965
0.5362999989462223,1.8732624812632923e-14,0.3725999991379904,-0.06370000188071227,0.25444999783960137,0.36370000021970417,0.2681499998903735
0.5364999991127863,1.8661327060944156e-14,0.3729999992874527,-0.06350000155188619,0.25474999817487864,0.36350000017727013,0.2682499999121353
0.5366999992405578,4.263308587481025e-14,0.3733999993866249,-0.06330000136045874,0.2550499984395076,0.3633000001616862,0.26834999992358466
0.53689999933713,2.772523285761447e-14,0.37379999944643605,-0.06310000127146252,0.2553499986465609,0.3631000001651403,0.26844999992719903
0.5370999994104,5.0626016574801364e-14,0.37419999947915167,-0.06290000124718846,0.25564999880937833,0.36290000017947416,0.26854999992576256
0.5372999994679225,1.9056119958058804e-14,0.37459999949718165,-0.06270000125179696,0.2559499989407614,0.3627000001969043,0.26864999992206123
0.5374999995160062,-1.848954466299677e-14,0.37499999951064383,-0.06250000125640547,0.2562499990514094,0.3625000002112655,0.2687499999183109
0.5376999995649928,-3.2808985673411895e-14,0.3753999995381399,-0.06230000121139118,0.2565499991577299,0.36230000021179687,0.26884999991917125
0.5378999996159789,-4.562120472822747e-14,0.3757999995799283,-0.06210000111382819,0.25684999926218577,0.36210000019813837,0.26894999992443064
0.5380999996664355,-1.847820618602839e-14,0.37619999962958056,-0.061900000982173346,0.25714999936176297,0.36190000017508756,0.26904999993246925
0.5382999997137456,-3.809073405763548e-15,0.376599999680361,-0.061700000839015966,0.25744999945304914,0.3617000001481669,0.2691499999414926
0.538499999757015,-2.2496916769214433e-14,0.37699999972958864,-0.06150000069746076,0.25774999953527034,0.36150000012088424,0.26924999995064364
0.5386999997963051,-3.38924700179896e-14,0.37739999977619276,-0.06130000056417766,0.2580499996088292,0.36130000009504176,0.26934999995961056
0.5388999998310883,1.243982421525916e-14,0.37779999981861345,-0.061100000445242275,0.2583499996735988,0.3611000000722226,0.26944999996801366
0.5390999998611078,-1.748362218606432e-14,0.37819999985557456,-0.06090000034512568,0.2586499997293228,0.3609000000532986,0.2695499999752614
0.5392999998860221,-3.494753270937609e-15,0.3785999998857902,-0.060700000266279225,0.25894999977587063,0.36070000003893343,0.26964999998110595
0.5394999999059151,-1.8725015759593172e-14,0.3789999999089541,-0.060500000208986035,0.25924999981358815,0.3605000000291276,0.26974999998546
