0.0,1.0323,0.0,0.8247,0.0,1.57,0.0
-0.0644610603653369,1.0322999999999882,-0.048371319562759446,0.8569714440595345,-0.08069774753995486,1.573307284161213,9.503842212458646e-05
-0.16446106036533692,1.0322999999999727,-0.14837131956275945,0.9277353160442494,-0.18069774753995488,1.5806101143635096,0.00027991749732331303
-0.2644610603653369,1.0322999999999545,-0.24837131956275946,1.0277353160442495,-0.2806977475399549,1.590975301663699,0.0005568016616096976
-0.3644610603653369,1.0322999999999347,-0.34837131956275946,1.1277353160442496,-0.3806977475399549,1.6028816441642761,0.0008498115232003269
-0.46446106036533685,1.0322999999999145,-0.44837131956275944,1.2277353160442497,-0.48069774753995487,1.6147931517829632,0.0011607692746298018
-0.5644610603653368,1.0322999999998947,-0.5483713195627594,1.3232895488242364,-0.5806977475399548,1.6256378512358118,0.0014411097722268826
-0.6644610603653368,1.032299999999876,-0.6483713195627594,1.4084625254449716,-0.6806977475399548,1.6348589135868512,0.0016585309522751416
-0.7644610603653368,1.0322999999998586,-0.7483713195627594,1.480287652163999,-0.7806977475399548,1.642266206935567,0.001863131143078093
-0.8644610603653368,1.0322999999998426,-0.8483713195627594,1.5384405083075317,-0.8806977475399548,1.6479955654445675,0.0021050386796235584
-0.9644610603653367,1.032299999999828,-0.945268427560827,1.5843661756949166,-0.9806977475399548,1.6523610961344246,0.0023742906256523995
-1.0644610603653368,1.0322999999998146,-1.0336853145407447,1.6204199775694617,-1.0806977475399548,1.6557277293563872,0.00265986371476916
-1.164461060365337,1.0322999999998026,-1.1103524429674865,1.6490731971664816,-1.180697747539955,1.658451711241297,0.002935809420700612
-1.264461060365337,1.032299999999792,-1.1742047288891082,1.6724671548350623,-1.280697747539955,1.660785172225509,0.003198874000049665
-1.364461060365337,1.0322999999997824,-1.2259511454641445,1.692204380761972,-1.3806977475399551,1.6628690822868533,0.003451246763471278
-1.4599734270075782,1.0322999999997737,-1.267322414059986,1.7093580824745238,-1.4806977475399552,1.6647968140646885,0.0036907824639606135
-1.546042418049393,1.032299999999766,-1.3004480574529205,1.7245501804173788,-1.5806977475399553,1.6666106083636676,0.0039171335293345195
-1.619895425359804,1.032299999999759,-1.3273746805616917,1.738087727339782,-1.6806977475399554,1.668311311600357,0.00414049669831588
-1.6809153029627428,1.0322999999997529,-1.3497905972250173,1.7501014180101555,-1.7806977475399555,1.6698866578920968,0.004369135423257172
-1.7300961759046725,1.0322999999997475,-1.3689245234022143,1.760649235314916,-1.8806977475399556,1.6713223153150576,0.004602279985014691
-1.7693285348236167,1.0322999999997426,-1.3855771037656075,1.7697875185987866,-1.9755088808302186,1.6726129047207,0.004840824344697553
-1.8007789735770525,1.0322999999997384,-1.4002166975883372,1.7776058648013762,-2.060392049218271,1.6737658889110993,0.005083420558790509
-1.8264432537950035,1.0322999999997347,-1.413100387037949,1.7842279854778211,-2.1328534248023083,1.6747955245257964,0.005328138451957916
-1.8479122464478177,1.0322999999997313,-1.424373696774114,1.7898018853570214,-2.19251721619393,1.6757196319144396,0.005573781210303492
-1.8663117294051101,1.0322999999997282,-1.4341434281248018,1.7944831889144643,-2.240535821435567,1.6765564718889288,0.005819933314363174
-1.8823559285094689,1.0322999999997255,-1.4425189852640998,1.7984202921541284,-2.2788773741473984,1.677322795408633,0.006066540077965651
-1.8964548335828328,1.032299999999723,-1.4496282211294018,1.8017442928766192,-2.309712497228383,1.6780326415313023,0.006313710875930448
-1.908830246878556,1.0322999999997209,-1.4556161208840952,1.804564264798526,-2.3349977205930466,1.6786970342377099,0.0065615504915774525
-1.9196126440653438,1.0322999999997189,-1.4606350672318038,1.8069672090875606,-2.356266547276027,1.6793241321296055,0.00681012285472068
-1.9289066949350844,1.032299999999717,-1.4648334033596377,1.8090207930772697,-2.3745876241187074,1.6799197982848295,0.007059377902123039
-1.9368260462279587,1.0322999999997156,-1.468346121720487,1.8107773779910685,-2.390628698522499,1.6804882949498507,0.007309265058203548
-1.943504015549726,1.0322999999997142,-1.4712894947198403,1.812278194773711,-2.404767728190762,1.681032823164638,0.007559715965397339
-1.9490895293814117,1.032299999999713,-1.473759487151628,1.813556885836988,-2.4172084045420625,1.6815560500279196,0.007810659423519956
-1.9537361981069856,1.0322999999997118,-1.475833087835769,1.8146420356401933,-2.428073500858446,1.6820604426020045,0.008062029133429528
-1.9575909970716971,1.032299999999711,-1.4775713097611545,1.8155587601777021,-2.4374664111923656,1.682548358576453,0.008313768393185228
-1.960785772585178,1.03229999999971,-1.4790227290271685,1.81632954228508,-2.4455023572291243,1.6830220210491644,0.008565832185818256
-1.9634327584433584,1.0322999999997093,-1.4802267953963502,1.8169745812819689,-2.45231664887696,1.6834834604105602,0.008818184307432714
-1.9656238026686428,1.0322999999997087,-1.4812164780717925,1.817511890471365,-2.458059273537951,1.6839344763067836,0.009070796380539814
-1.9674322316329518,1.032299999999708,-1.4820201284359016,1.8179573203914128,-2.462883487925088,1.6843766240445992,0.00932364583945937
-1.9689161052782578,1.0322999999997076,-1.4826626362096946,1.8183246119150538,-2.466934661213092,1.6848112260580639,0.00957671278019744
-1.970121802314949,1.0322999999997071,-1.4831660654439016,1.8186255135606815,-2.4703422275155758,1.6852393971378987,0.00982998014817266
-1.9710872243861686,1.0322999999997067,-1.4835499708287594,1.8188699692667116,-2.473215705028747,1.6856620737191275,0.010083433627303013
-1.9718442812990602,1.0322999999703633,-1.4838315569875684,1.8190663467143167,-2.475644328721322,1.686080044407078,0.010337060780767317
-1.9724205791838694,1.0322999998110702,-1.4840257996861521,1.819221673520873,-2.4776991676828026,1.6864939748627332,0.010590850798530189
-1.9728404423570158,1.0322999997492703,-1.484145589432211,1.8193418702802548,-2.4794364811833702,1.686904430743683,0.010844794543393054
-1.973125453825665,1.0322999997843596,-1.4842019154933854,1.819431955589549,-2.48090129534916,1.6873118930229312,0.011098883959441242
-1.973294720314465,1.0322999998679445,-1.4842040857804317,1.8194962149832983,-2.4821305374548723,1.6877167717911963,0.01135311214968423
-1.973365013799495,1.032299999956227,-1.4841599583350134,1.8195383289288156,-2.483155414383869,1.688119417015002,0.011607473281392144
-1.9733508927450871,1.032300000022683,-1.4840761628814492,1.8195614723325217,-2.4840030074368284,1.6885201282195847,0.011861962354609054
-1.9732648562608697,1.0323000000493556,-1.4839583168896984,1.8195683336080488,-2.484697221154684,1.6889191611446908,0.012116575210489563
-1.97311753930916,1.0323000000481382,-1.4838112064231266,1.8195611999004975,-2.48525927510106,1.6893167340102193,0.012371308351023824
-1.9729179393143097,1.0323000000345688,-1.4836389307405486,1.8195420583091908,-2.48570794103619,1.689713032951392,0.012626158777464064
-1.9726736486250935,1.032300000019708,-1.4834450112002668,1.819512646517418,-2.4860596764156937,1.6901082165426713,0.012881123949641438
-1.9723910780909546,1.0323000000073252,-1.4832324840990707,1.8194744829049665,-2.486328744798235,1.690502420097829,0.013136201684997831
-1.9720756649116253,1.032300000000961,-1.483003895312698,1.8194288832834642,-2.4865273762183704,1.6908957588274278,0.013391390127655006
-1.9717320476991183,1.0322999999987486,-1.4827614025547082,1.819376980109306,-2.4866659669042517,1.6912883309020452,0.013646687695162191
-1.9713642026658562,1.0322999999977427,-1.4825068800839565,1.8193197414154645,-2.4867533073661994,1.691680219945581,0.013902093036651854
-1.970975550669966,1.0322999999964884,-1.4822419776769995,1.819257992135147,-2.486796804299494,1.6920714973086481,0.014157604996740602
-1.9705690384063004,1.0322999999955347,-1.4819681427762486,1.8191924327087106,-2.4868027197848437,1.6924622237435678,0.014413222592904404
-1.9701471191713655,1.0322999999957254,-1.481686636849116,1.8191236580515266,-2.4867763740529663,1.692852451126762,0.014668944989569003
-1.9697118864218157,1.0322999999963476,-1.4813985480641778,1.8190521733571234,-2.486722311044584,1.6932422236934195,0.014924771474466149
-1.9692651664817935,1.032299999997242,-1.4811048065463137,1.8189784079699127,-2.486644428290075,1.6936315790693937,0.01518070144265817
-1.9688085659343824,1.032299999998054,-1.4808062025161468,1.818902727582524,-2.486546079296707,1.6940205491133988,0.015436734383837357
-1.9683434944582607,1.0322999999987095,-1.4805034050011365,1.818825443436463,-2.4864301481954554,1.6944091613865455,0.015692869854185977
-1.9678711788287233,1.0322999999989546,-1.4801969801044148,1.8187468213457636,-2.4862990245577534,1.694797439237271,0.015949107477780854
-1.9673926757657565,1.032299999999021,-1.4798874071998531,1.818667088239048,-2.486154757567541,1.695185402561249,0.016205446934777497
-1.9669088874055398,1.0322999999990365,-1.4795750929665283,1.8185864377217182,-2.48599914036113,1.695573068358671,0.016461887953155
-1.9664205791778164,1.0322999999991223,-1.4792603831625957,1.8185050348832588,-2.4858337513499147,1.6959604510766906,0.016718430301842155
-1.9659283985186538,1.0322999999992388,-1.4789435722952706,1.8184230204460514,-2.485659974251158,1.6963475628621028,0.01697507378471813
-1.9654328928382312,1.032299999999346,-1.478624911520697,1.8183405143395373,-2.4854790111603555,1.696734413991804,0.017231818235544486
-1.9649345256647224,1.032299999999424,-1.4783046151480288,1.818257618747366,-2.4852918959898243,1.6971210132681462,0.01748866351235756
-1.9644336904192792,1.0322999999994924,-1.4779828660401382,1.818174420717604,-2.485099510489362,1.6975073682837887,0.01774560949318508
-1.9639307218028659,1.0322999999995477,-1.4776598201618907,1.8180909944169308,-2.4849026023704415,1.6978934855468943,0.01800265607338397
-1.9634259050755527,1.0322999999995872,-1.477335610461812,1.8180074030632096,-2.484701804003542,1.6982793705970434,0.01825980316372673
-1.9629194836029784,1.0322999999996225,-1.4770103502001433,1.8179237005300224,-2.484497650147856,1.6986650281684574,0.018517050690248695
-1.962411665066018,1.0322999999996523,-1.476684135830244,1.8178399326721906,-2.484290593728271,1.6990504622995557,0.018774398590142467
-1.961902626748699,1.0322999999996771,-1.4763570495954552,1.817756138173288,-2.4840810194579532,1.6994356764415663,0.01903184678606563
-1.9613925198132869,1.0322999999996951,-1.476029161476799,1.8176723507234671,-2.483869254677004,1.6998206735805992,0.019289395224587447
-1.9608814730519601,1.0322999999997076,-1.4757005310145992,1.8175885993707281,-2.4836555783330936,1.7002054562734927,0.01954704387094539
-1.9603695961445895,1.0322999999997167,-1.4753712088815472,1.8175049086142923,-2.483440228361109,1.7005900266864742,0.019804792701899623
-1.9598569824836998,1.0322999999997235,-1.4750412382270894,1.8174212989135015,-2.4832234078011104,1.700974386646626,0.020062641700080118
-1.9593437117241246,1.0322999999997293,-1.4747106559968786,1.8173377874926544,-2.4830052901215254,1.7013585377861553,0.02032059080964363
-1.9588298515601952,1.0322999999997347,-1.4743794934552725,1.8172543891311306,-2.4827860230270375,1.701742481414335,0.020578640031645317
-1.9583154596064118,1.03229999999974,-1.474047777227148,1.8171711165044095,-2.4825657323261083,1.702126218608631,0.020836789365544953
-1.9578005850487719,1.0322999999997453,-1.4737155300426124,1.8170879805456273,-2.4823445254431533,1.7025097503229971,0.021095038812882976
-1.957285269788897,1.0322999999997509,-1.4733827713136585,1.8170049906146624,-2.482122493846547,1.7028930773898272,0.021353388360040026
-1.956769549290844,1.0322999999997555,-1.4730495174158615,1.8169221547251857,-2.481899714937098,1.7032762005264814,0.021611838013001084
-1.956253453593342,1.032299999999759,-1.472715782058609,1.8168394798127867,-2.4816762543105026,1.703659120137727,0.021870387828766484
-1.9557370081108816,1.0322999999997622,-1.47238157701235,1.816756971607242,-2.4814521673639782,1.7040418362288796,0.022129037799278346
-1.9552202351726098,1.0322999999997649,-1.472046912794036,1.8166746349934542,-2.4812275026794985,1.7044243494359268,0.02238778786002651
-1.954703154129711,1.032299999999767,-1.4717117986332442,1.8165924741025958,-2.4810023023053085,1.7048066604384582,0.022646637917412837
-1.9541857813090968,1.032299999999769,-1.4713762420713443,1.8165104926078997,-2.4807766018275945,1.7051887697182089,0.022905587972268215
-1.9536681305565868,1.0322999999997706,-1.4710402495431585,1.8164286935876466,-2.480550431410574,1.7055706776716235,0.0231646380124546
-1.9531502135543348,1.032299999999772,-1.4707038264790473,1.8163470796356387,-2.480323816507583,1.7059523845858333,0.023423788027402536
-1.9526320401449548,1.032299999999773,-1.4703669774330228,1.8162656529535406,-2.480096778575841,1.706333890646968,0.02368303801515789
-1.9521136186386931,1.0322999999997742,-1.4700297062254233,1.8161844154203473,-2.479869335744358,1.7067151959677052,0.02394238798212892
-1.9515949560818406,1.032299999999775,-1.469692016079423,1.8161033686429422,-2.4796415033925316,1.7070963006185038,0.024201837939010547
-1.951076058476224,1.0322999999997757,-1.4693539097357609,1.8160225139945534,-2.4794132946221876,1.7074772046524145,0.02446138789644249
-1.9505569309517292,1.0322999999997762,-1.469015389540905,1.8159418526463822,-2.4791847206297577,1.7078579081200431,0.024721037862254065
-1.9500375779006778,1.0322999999997766,-1.4686764575118845,1.815861385595238,-2.478955790998051,1.7082384110756885,0.024980787840568553
-1.9495180030843962,1.032299999999777,-1.468337115384223,1.8157811136882622,-2.47872651392931,1.7086187135775608,0.025240637832228262
-1.9489982097206844,1.0322999999997775,-1.4679973646491702,1.815701037644977,-2.47849689643747,1.7089988156851015,0.025500587835831815
-1.948478200558184,1.032299999999778,-1.4676572065846827,1.815621158076636,-2.4782669445119185,1.7093787174556583,0.025760637848835873
-1.9479579779411818,1.0322999999997782,-1.4673166422827062,1.8155414755029091,-2.47803666326004,1.7097584189417996,0.026020787868422636
-1.9474375438666625,1.0322999999997784,-1.4669756726738765,1.8154619903660523,-2.477806057032381,1.7101379201897422,0.026281037892041666
-1.9469169000500304,1.0322999999997786,-1.466634298627068,1.8153827029906164,-2.477575129535349,1.7105172213392488,0.02654138789491928
-1.946396047933573,1.0322999999997788,-1.466292520803547,1.815303613704621,-2.4773438839159043,1.7108963224474216,0.026801837878747372
-1.9458749887412399,1.032299999999779,-1.4659503397375062,1.815224722807901,-2.4771123228565606,1.7112752235031943,0.02706238785373036
-1.9453537235163507,1.0322999999997793,-1.4656077558809462,1.8151460305587186,-2.4768804486454403,1.7116539244744997,0.02732303782965793
-1.944832253149733,1.0322999999997795,-1.4652647696271166,1.8150675371717715,-2.4766482632330025,1.7120324253341677,0.02758378781251135
-1.9443105784018087,1.0322999999997797,-1.4649213813211266,1.814989242822829,-2.4764157682800136,1.7124107260697061,0.027844637804331735
-1.9437886999209644,1.03229999999978,-1.4645775912646093,1.8149111476558994,-2.4761829651992935,1.7127888266832518,0.028105587804463553
-1.9432666182594736,1.0322999999997802,-1.4642333997187005,1.8148332517902903,-2.4759498551923653,1.7131667271870716,0.028366637810977948
-1.9427443338875003,1.0322999999997802,-1.4638888069072797,1.8147555553263226,-2.475716439281419,1.713544427598246,0.028627787821722844
-1.942221847205349,1.0322999999997802,-1.463543813020904,1.8146780583494564,-2.475482718336787,1.7139219279344258,0.0288890378348846
-1.9416991585540249,1.0322999999997802,-1.463198418221145,1.814600760933095,-2.4752486931002085,1.7142992282112584,0.029150387849164412
-1.9411762682242062,1.0322999999997802,-1.4628526226448746,1.8145236631404877,-2.475014364204332,1.7146763284413302,0.029411837863732908
-1.940653176463793,1.0322999999997802,-1.4625064264081518,1.8144467650261091,-2.4747797321889977,1.715053228634149,0.029673387878100577
-1.9401298834842438,1.0322999999997802,-1.4621598296095488,1.814370066636764,-2.474544797514876,1.7154299287966732,0.02993503789198831
-1.9396063894659081,1.0322999999997802,-1.4618128323329054,1.814293568012556,-2.4743095605749716,1.7158064289340027,0.030196787905233308
-1.9390826945625532,1.0322999999997802,-1.4614654346495861,1.8142172691877712,-2.47407402170441,1.7161827290500058,0.030458637917734812
-1.9385587989052244,1.0322999999997802,-1.4611176366203433,1.8141411701916823,-2.4738381811888295,1.7165588291477798,0.030720587929428767
-1.9380347026055613,1.0322999999997804,-1.4607694382968772,1.8140652710492717,-2.473602039271592,1.7169347292299408,0.03098263794027876
-1.9375104057586476,1.0322999999997804,-1.4604208397231624,1.813989571781864,-2.473365596159996,1.7173104292987764,0.031244787950272766
-1.93698590844546,1.0322999999997804,-1.4600718409365876,1.8139140724076683,-2.473128852030612,1.7176859293563105,0.03150703795942054
-1.936461210734965,1.0322999999997804,-1.459722441968937,1.8138387729422412,-2.4728918070338484,1.718061229404326,0.03176938796774971
-1.9359363126859104,1.0322999999997804,-1.4593726428472322,1.8137636733988756,-2.4726544612978505,1.718436329444371,0.0320318379753009
-1.935411214348348,1.0322999999997804,-1.459022443594453,1.813688773788931,-2.4724168149318144,1.718811229477768,0.03229438798212273
-1.9348859157649285,1.0322999999997804,-1.4586718442301474,1.8136140741221138,-2.4721788680288053,1.7191859295056307,0.0325570379882675
-1.934360416972001,1.0322999999997804,-1.4583208447709493,1.8135395744067166,-2.471940620668147,1.7195604295288864,0.03281978799378804
-1.933834718000544,1.0322999999997804,-1.457969445231015,1.8134652746498232,-2.4717020729174544,1.7199347295483027,0.03308263799873585
-1.9333088188769596,1.0322999999997804,-1.457617645622393,1.8133911748574836,-2.47146322483436,1.7203088295645141,0.03334558800316032
-1.9327827196237484,1.0322999999997804,-1.4572654459553371,1.8133172750348652,-2.471224076467986,1.7206827295780462,0.033608638007108144
-1.932256420260084,1.0322999999997802,-1.456912846238572,1.813243575186382,-2.4709846278601986,1.7210564295893358,0.03387178801062333
-1.931729920802305,1.0322999999997802,-1.4565598464795209,1.8131700753158042,-2.470744879046676,1.7214299295987483,0.034135038013747204
-1.9312032212643326,1.0322999999997802,-1.456206446684498,1.8130967754263525,-2.4705048300578247,1.7218032296065897,0.03439838801651833
-1.930676321658028,1.0322999999997802,-1.4558526468588744,1.8130236755207785,-2.4702644809195546,1.7221763296131172,0.03466183801897245
-1.9301492219934981,1.0322999999997802,-1.4554984470072185,1.8129507756014327,-2.470023831653947,1.722549229618547,0.034925388021142555
-1.929621922279354,1.0322999999997802,-1.4551438471334166,1.8128780756703233,-2.4697828822798185,1.7229219296230605,0.03518903802305891
-1.9290944225229336,1.0322999999997802,-1.4547888472407746,1.812805575729166,-2.4695416328132054,1.7232944296268102,0.03545278802474913
-1.928566722730489,1.0322999999997802,-1.4544334473321043,1.8127332757794257,-2.4693000832677736,1.7236667296299235,0.03571663802623828
-1.9280388229073477,1.0322999999997802,-1.4540776474097985,1.8126611758223545,-2.46905823365517,1.7240388296325067,0.03598058802754898
-1.9275107230580495,1.0322999999997802,-1.4537214474758924,1.8125892758590216,-2.46881608398532,1.7244107296346487,0.036244638028701454
-1.926982423186463,1.0322999999997802,-1.4533648475321175,1.81251757589034,-2.468573634266683,1.7247824296364238,0.03650878802971386
-1.9264539232958844,1.0322999999997802,-1.4530078475799473,1.81244607591709,-2.468330884506468,1.7251539296378937,0.036773038030602445
-1.9259252233891226,1.0322999999997802,-1.4526504476206352,1.8123747759399378,-2.4680878347108197,1.72552522963911,0.037037388031381756
-1.9253963234685714,1.0322999999997802,-1.4522926476552476,1.8123036759594526,-2.467844484884974,1.725896329640115,0.037301838032064695
-1.9248672235362698,1.0322999999997802,-1.4519344476846916,1.8122327759761205,-2.467600835033393,1.7262672296409454,0.03756638803266268
-1.924337923593956,1.0322999999997804,-1.451575847709739,1.8121620759903567,-2.46735688515988,1.7266379296416303,0.03783103803318583
-1.9238084236431106,1.0322999999997806,-1.451216847731046,1.812091576002516,-2.467112635267676,1.7270084296421948,0.03809578803364324
-1.9232787236849953,1.0322999999997806,-1.4508574477491716,1.8120212760129013,-2.466868085359543,1.7273787296426595,0.03836063803404291
-1.9227488237206856,1.0322999999997806,-1.4504976477645903,1.8119511760217715,-2.4666232354378343,1.7277488296430414,0.038625588034391936
-1.9222187237510973,1.0322999999997806,-1.4501374477777065,1.8118812760293475,-2.466378085504557,1.728118729643355,0.03889063803469656
-1.921688423777011,1.0322999999997806,-1.449776847788864,1.811811576035818,-2.4661326355614195,1.728488429643612,0.03915578803496234
-1.9211579237990923,1.0322999999997806,-1.449415847798355,1.8117420760413443,-2.4658868856098795,1.7288579296438225,0.039421038035194096
-1.9206272238179078,1.0322999999997806,-1.4490544478064287,1.8116727760460642,-2.4656408356511785,1.7292272296439943,0.03968638803539602
-1.9200963238339406,1.0322999999997806,-1.4486926478132964,1.8116036760500955,-2.465394485686375,1.7295963296441346,0.03995183803557185
-1.9195652238476022,1.0322999999997806,-1.4483304478191386,1.8115347760535385,-2.4651478357163703,1.7299652296442487,0.04021738803572488
-1.9190339238592433,1.0322999999997806,-1.447967847824108,1.8114660760564791,-2.4649008857419332,1.7303339296443414,0.04048303803585804
-1.9185024238691628,1.0322999999997806,-1.4476048478283352,1.8113975760589907,-2.4646536357637183,1.7307024296444165,0.04074878803597388
-1.9179707238776151,1.0322999999997806,-1.447241447831931,1.8113292760611357,-2.4644060857822843,1.7310707296444772,0.0410146380360746
-1.9174388238848175,1.0322999999997806,-1.4468776478349898,1.8112611760629678,-2.4641582357981067,1.7314388296445262,0.04128058803616215
-1.9169067238909545,1.0322999999997806,-1.4465134478375918,1.8111932760645324,-2.463910085811591,1.7318067296445656,0.041546638036238225
-1.916374423896184,1.0322999999997806,-1.4461488478398052,1.8111255760658687,-2.4636616358230827,1.7321744296445971,0.04181278803630426
-1.9158419239006401,1.0322999999997806,-1.445783847841688,1.8110580760670099,-2.4634128858328763,1.7325419296446223,0.04207903803636154
-1.9153092239044371,1.0322999999997806,-1.4454184478432897,1.8109907760679844,-2.463163835841223,1.7329092296446422,0.042345388036411205
-1.9147763239076727,1.0322999999997806,-1.445052647844652,1.8109236760688168,-2.4629144858483363,1.7332763296446578,0.04261183803645433
-1.9142432239104297,1.0322999999997806,-1.4446864478458106,1.8108567760695276,-2.4626648358543983,1.7336432296446702,0.04287838803649174
-1.9137099239127788,1.0322999999997804,-1.444319847846796,1.8107900760701345,-2.4624148858595647,1.7340099296446798,0.043145038036524176
-1.9131764239147806,1.0322999999997804,-1.4439528478476342,1.810723576070653,-2.4621646358639677,1.734376429644687,0.04341178803655235
-1.9126427239164863,1.0322999999997804,-1.4435854478483474,1.8106572760710957,-2.46191408586772,1.7347427296446927,0.043678638036576796
-1.9121088239179398,1.0322999999997806,-1.4432176478489542,1.8105911760714737,-2.461663235870918,1.735108829644697,0.04394558803659793
-1.9115747239191783,1.0322999999997806,-1.4428494478494702,1.8105252760717965,-2.4614120858736435,1.7354747296447002,0.04421263803661623
-1.9110404239202337,1.0322999999997806,-1.4424808478499092,1.8104595760720723,-2.4611606358759657,1.7358404296447023,0.04447978803663208
-1.9105059239211328,1.0322999999997806,-1.4421118478502823,1.8103940760723078,-2.4609088858779447,1.7362059296447039,0.0447470380366458
-1.9099712239218989,1.0322999999997806,-1.4417424478505998,1.810328776072509,-2.4606568358796315,1.736571229644705,0.0450143880366577
-1.9094363239225518,1.0322999999997806,-1.4413726478508697,1.810263676072681,-2.460404485881069,1.7369363296447056,0.04528183803666798
-1.9089012239231082,1.0322999999997804,-1.4410024478510994,1.8101987760728278,-2.4601518358822942,1.737301229644706,0.04554938803667681
-1.9083659239235824,1.0322999999997804,-1.440631847851295,1.8101340760729532,-2.4598988858833386,1.7376659296447061,0.04581703803668442
-1.9078304239239863,1.0322999999997804,-1.4402608478514614,1.8100695760730603,-2.4596456358842285,1.738030429644706,0.04608478803669104
-1.9072947239243305,1.0322999999997804,-1.4398894478516029,1.8100052760731518,-2.459392085884987,1.7383947296447058,0.04635263803669683
-1.9067588239246238,1.0322999999997806,-1.4395176478517233,1.80994117607323,-2.4591382358856335,1.7387588296447054,0.046620588036701834
-1.9062227239248737,1.0322999999997806,-1.4391454478518257,1.8098772760732966,-2.4588840858861842,1.7391227296447052,0.0468886380367062
-1.9056864239250866,1.0322999999997806,-1.4387728478519126,1.8098135760733536,-2.4586296358866533,1.7394864296447046,0.047156788036709946
-1.905149923925268,1.0322999999997806,-1.4383998478519864,1.8097500760734022,-2.458374885887053,1.739849929644704,0.04742503803671317
-1.9046132239254225,1.0322999999997806,-1.4380264478520492,1.8096867760734439,-2.458119835887394,1.7402132296447037,0.047693388036715946
-1.9040763239255543,1.0322999999997806,-1.4376526478521028,1.8096236760734794,-2.457864485887684,1.7405763296447032,0.04796183803671832
-1.9035392239256665,1.0322999999997806,-1.4372784478521483,1.8095607760735097,-2.4576088358879318,1.7409392296447028,0.04823038803672038
-1.9030019239257623,1.0322999999997806,-1.436903847852187,1.8094980760735355,-2.457352885888143,1.7413019296447025,0.04849903803672219
-1.9024644239258437,1.0322999999997806,-1.4365288478522198,1.8094355760735576,-2.457096635888323,1.7416644296447024,0.04876778803672375
-1.9019267239259132,1.0322999999997806,-1.4361534478522477,1.8093732760735766,-2.456840085888476,1.742026729644702,0.049036638036725116
-1.9013888239259724,1.0322999999997806,-1.4357776478522715,1.8093111760735927,-2.4565832358886066,1.7423888296447019,0.049305588036726286
-1.9008507239260228,1.0322999999997806,-1.4354014478522918,1.8092492760736063,-2.456326085888718,1.7427507296447016,0.04957463803672728
-1.9003124239260658,1.0322999999997806,-1.435024847852309,1.809187576073618,-2.456068635888813,1.7431124296447014,0.04984378803672811
-1.8997739239261024,1.0322999999997806,-1.434647847852324,1.809126076073628,-2.455810885888894,1.743473929644701,0.05011303803672881
-1.8992352239261336,1.0322999999997806,-1.4342704478523365,1.8090647760736367,-2.455552835888963,1.7438352296447008,0.05038238803672942
-1.8986963239261603,1.0322999999997806,-1.4338926478523473,1.8090036760736439,-2.4552944858890218,1.7441963296447007,0.05065183803672994
-1.898157223926183,1.0322999999997806,-1.4335144478523565,1.80894277607365,-2.455035835889072,1.7445572296447007,0.05092138803673041
-1.8976179239262023,1.0322999999997806,-1.4331358478523644,1.8088820760736553,-2.4547768858891144,1.7449179296447006,0.051191038036730814
-1.8970784239262188,1.0322999999997806,-1.432756847852371,1.8088215760736597,-2.4545176358891507,1.7452784296447006,0.05146078803673122
