0.0,1.0323,0.0,0.8247,0.0,1.57,0.0
-0.07170250187535945,1.032299999999987,-0.0538346338978483,0.8606109770226291,-0.08974262777318838,1.5737527843925307,8.419831812832552e-05
-0.17170250187535946,1.03229999999997,-0.1538346338978483,0.9365646375156993,-0.1897426277731884,1.5816471696160492,0.00015288823888333358
-0.2717025018753595,1.0322999999999507,-0.2538346338978483,1.0365646375156994,-0.2897426277731884,1.592418920660916,0.0001510223360733987
-0.37170250187535947,1.0322999999999305,-0.3538346338978483,1.1365646375156995,-0.38974262777318835,1.6044157545364415,0.0002474121281221597
-0.47170250187535945,1.0322999999999103,-0.4538346338978483,1.2365646375156996,-0.48974262777318833,1.6160756462635615,0.00041802642688122747
-0.5717025018753594,1.0322999999998907,-0.5538346338978483,1.3303663960725312,-0.5897426277731883,1.6263666890027773,0.0006782371544373565
-0.6717025018753594,1.0322999999998723,-0.6538346338978482,1.4127539769153101,-0.6897426277731883,1.6349040475403205,0.00099193345392105
-0.7717025018753594,1.0322999999998552,-0.7538346338978482,1.4817895626480029,-0.7897426277731883,1.6417310479937903,0.0012813001053011313
-0.8717025018753594,1.0322999999998395,-0.8538346338978482,1.5378672845030725,-0.8897426277731882,1.647123506743211,0.001551537786169111
-0.9717025018753593,1.032299999999825,-0.9496804035088577,1.5827962977088141,-0.9897426277731882,1.6514150115430348,0.0018258835592195168
-1.0717025018753594,1.032299999999812,-1.0363126553164965,1.6188642013389072,-1.0897426277731883,1.6549385272749169,0.0021088434757599687
-1.1717025018753595,1.0322999999998002,-1.1110135199590203,1.6482550230567152,-1.1897426277731884,1.657941771410509,0.0024030749867235916
-1.2717025018753596,1.0322999999997897,-1.1732771023889854,1.6727623584726938,-1.2897426277731885,1.6605798408946197,0.0027018669908416403
-1.3717025018753597,1.0322999999997804,-1.2241341013092857,1.6936383890711448,-1.3897426277731886,1.6629590472708724,0.0029956318015575112
-1.4660682704019337,1.032299999999772,-1.2654083144681179,1.7116963106850873,-1.4897426277731887,1.6651103509619973,0.0032908939127843343
-1.550212170516685,1.0322999999997644,-1.2990970014551724,1.7274321363523373,-1.5897426277731888,1.6670362354156016,0.0035746281831055475
-1.6219725937453908,1.0322999999997577,-1.3269800254378084,1.7411422483073111,-1.6897426277731888,1.6687565543782628,0.0038521003400757933
-1.6813013324303805,1.0322999999997517,-1.3504506212389205,1.7530302831956204,-1.789742627773189,1.6702918093246415,0.004125644322421722
-1.7295382480149641,1.0322999999997464,-1.3705041317079867,1.7632652008040708,-1.889615438655116,1.6716609518096772,0.004397486719097269
-1.7686348664282587,1.0322999999997418,-1.3877993740714087,1.7720178287471071,-1.9830465973143219,1.6728809587449232,0.004665604603545247
-1.800587264493608,1.0322999999997375,-1.4027659091062092,1.7794627808753543,-2.0657492376531708,1.6739727773847952,0.004930816458067714
-1.8271072863742919,1.0322999999997338,-1.415696944028286,1.7857725358855954,-2.135907540011342,1.6749567585954412,0.005194634392574355
-1.8494956125079085,1.0322999999997304,-1.4268167041733613,1.7911114883424475,-2.1937401086895267,1.6758506730001208,0.005457413447198593
-1.8686570122394142,1.0322999999997273,-1.4363217004347664,1.7956290752213642,-2.240728035078863,1.6766696144091757,0.005719242047108468
-1.88518568516042,1.0322999999997247,-1.4443991425288651,1.7994556681489975,-2.2788719368767683,1.6774259478981675,0.005980102412406036
-1.899468431599871,1.0322999999997222,-1.451230773609644,1.8027015914305842,-2.3101518379441717,1.6781296498959763,0.0062399771486806276
-1.9117740292184904,1.03229999999972,-1.4569895306224956,1.805458154908526,-2.336227610273757,1.678788708478546,0.006498936155590639
-1.9223153916840408,1.032299999999718,-1.461834342555226,1.8078003524889525,-2.3583398231439854,1.679409619072904,0.006757043819269764
-1.9312846862269697,1.0322999999997162,-1.4659061402309912,1.809789883640254,-2.377340383681273,1.679997755190646,0.007014391392836334
-1.9388674935747332,1.0322999999997147,-1.4693261174849415,1.8114779827475358,-2.3937845074926285,1.6805576625260936,0.007271092503422623
-1.945244057444582,1.0322999999997133,-1.4721961928997194,1.812907756538571,-2.408034264764792,1.6810932508804148,0.007527267936851
-1.950584864242727,1.0322999999997122,-1.4746009632750117,1.8141159398163842,-2.420344945559318,1.681607894732002,0.0077830349273257625
-1.9550453700156394,1.0322999999997111,-1.4766104019674853,1.8151341359189028,-2.4309233472443412,1.6821045334362406,0.008038486276566316
-1.9587623562811967,1.0322999999997102,-1.4782826280750194,1.8159896529052617,-2.4399592602824542,1.6825857259221735,0.00829369324864356
-1.961852693356469,1.0322999999997093,-1.47966635525916,1.8167061000037699,-2.4476371212468484,1.6830536996985686,0.008548712097339727
-1.964414215168495,1.0322999999997087,-1.4808028552867505,1.8173038377191797,-2.4541358397728694,1.6835103798572653,0.008803587423022473
-1.9665279472447366,1.032299999999708,-1.4817274186668385,1.8178003560749847,-2.4596238973323774,1.683957420574183,0.009058355359096196
-1.968260892541802,1.0322999999997076,-1.4824704059433673,1.8182106194841614,-2.464254109412855,1.6843962334150329,0.00931304595259564
-1.9696687810725915,1.0322999999997071,-1.4830580004043223,1.8185473898606341,-2.4681602739089934,1.6848280180931692,0.009567684034296451
-1.9707984342516056,1.0322999999997067,-1.4835127701144941,1.8188215272961594,-2.471456268183004,1.6852537921179451,0.009822291149827233
-1.971689615424849,1.0322999999997062,-1.4838541183162655,1.8190422691122474,-2.474237175899176,1.6856744183891712,0.010076886018557458
-1.9723763924911335,1.0322999999997058,-1.484098672712057,1.8192174737238043,-2.4765816535460985,1.6860906298128884,0.010331485085339102
-1.9728881078692793,1.0322999999997056,-1.4842606387320056,1.8193538269925058,-2.4785547563068615,1.6865030492719555,0.010586102464129174
-1.9732500751896864,1.0322999999997053,-1.484352125156684,1.819457027314011,-2.480210656083491,1.686912206216745,0.01084075028988403
-1.9734841066328916,1.0322999999997051,-1.4843834382546566,1.8195319388924855,-2.481594938247852,1.6873185521695477,0.011095438966416803
-1.973608942819255,1.032299999999705,-1.4843633487994399,1.8195827190276463,-2.4827463777440126,1.6877224727510056,0.011350177328339796
-1.973640631774985,1.032299999999705,-1.4842993243282354,1.8196129211821233,-2.483698232256007,1.6881242970006667,0.011604972945334259
-1.973592874959402,1.0322999999997042,-1.484197724662939,1.8196255874707794,-2.4844791634857444,1.688524305258925,0.01185983221045475
-1.973477343796398,1.032300000001637,-1.4840639768074297,1.8196232816307387,-2.4851138984006234,1.6889227364587653,0.012114760515259285
-1.9733039716012764,1.0323000000072322,-1.483902715292169,1.8196081901196728,-2.485623738714049,1.6893197942976514,0.012369762444788181
-1.9730812131999382,1.0323000000126117,-1.4837179004030887,1.819582193199964,-2.486026978222326,1.6897156524644479,0.012624841895952345
-1.972816266098616,1.0323000000090536,-1.4835129169528645,1.819546911681318,-2.4863392757822984,1.6901104590024854,0.012880002178495558
-1.9725152628071851,1.0323000000066553,-1.4832906516555213,1.8195037393653781,-2.486573993383507,1.690504339937592,0.013135246127483347
-1.9721834374767604,1.0323000000049116,-1.4830535354087266,1.8194538718282884,-2.486742511329272,1.690897402570498,0.013390576158187355
-1.9718252594215964,1.032300000003289,-1.4828036458399214,1.819398331770198,-2.4868545138221316,1.6912897382680654,0.013645994329048635
-1.9714445481077179,1.0323000000011564,-1.4825427733186625,1.819337992274193,-2.48691824035396,1.691681425145431,0.013901502395631853
-1.9710445671440475,1.0322999999992724,-1.4822724624724748,1.819273596182075,-2.4869407042855287,1.6920725293909609,0.014157101858132785
-1.9706280937179526,1.0322999999984328,-1.4819940447560362,1.8192057755405084,-2.486927888380576,1.6924631077227732,0.014412793994774263
-1.9701974745728101,1.0322999999982736,-1.4817086635760959,1.8191350673814746,-2.4868848989262813,1.692853208250064,0.014668579889919956
-1.9697547172255552,1.032299999998701,-1.481417296628336,1.819061928540192,-2.4868160989328847,1.6932428719892938,0.014924460467904814
-1.9693015510829837,1.0322999999992961,-1.4811207770812826,1.8189867478726782,-2.4867252178352,1.6936321339541636,0.015180436519333556
-1.968839469221679,1.0322999999995253,-1.4808198135885202,1.8189098564626571,-2.4866154381634074,1.6940210240522267,0.015436508707570979
-1.9683697569342797,1.0322999999996112,-1.480515007671378,1.8188315365908847,-2.4864894611652364,1.6944095671306398,0.01569267761095202
-1.9678935177804084,1.0322999999996343,-1.4802068705254168,1.8187520280212721,-2.4863495758210856,1.6947977856742584,0.01594894371671965
-1.9674116950555016,1.0322999999996245,-1.479895836694389,1.8186715358406615,-2.4861977435722644,1.695185698683236,0.016205307436472218
-1.9669250921502222,1.0322999999995939,-1.4795822757866381,1.8185902355254684,-2.486035654745135,1.6955733216979683,0.01646176912297056
-1.9664343918179856,1.0322999999995697,-1.4792665024577956,1.8185082768340148,-2.4858647675353476,1.6959606677800958,0.016718329078098036
-1.9659401738043074,1.032299999999577,-1.4789487847788791,1.8184257873136223,-2.4856863370688824,1.696347748039109,0.016974987559773756
-1.9654429304871688,1.0322999999996048,-1.4786293512382116,1.8183428754505333,-2.4855014396020074,1.6967345720056217,0.017231744787644603
-1.9649430803871493,1.0322999999996383,-1.4783083966180466,1.8182596334735939,-2.485310994416264,1.6971211478895438,0.017488600948349642
-1.9644409795937856,1.032299999999669,-1.477986086939877,1.8181761396983407,-2.485115784244324,1.697507482756205,0.01774555620269682
-1.9639369313411486,1.0322999999996931,-1.4776625636746927,1.8180924614383485,-2.4849164742412686,1.69789358259827,0.018002610689153882
-1.963431194060978,1.0322999999997116,-1.4773379473653834,1.8180086554931056,-2.484713629337505,1.6982794525963407,0.01825976452647062
-1.9629239882363116,1.032299999999722,-1.477012340891407,1.817924768925891,-2.48450772976086,1.698665097363783,0.018517017779121084
-1.962415501762908,1.0322999999997278,-1.4766858317917406,1.8178408430344506,-2.484299183679641,1.6990505207437954,0.018774370521429412
-1.961905894741291,1.0322999999997302,-1.4763584945572967,1.8177569136953378,-2.4840883383377155,1.6994357259403001,0.019031822829927502
-1.961395303557524,1.0322999999997322,-1.4760303925877476,1.8176730116790947,-2.483875489394688,1.6998207156345368,0.019289374777233723
-1.9608838443854237,1.0322999999997358,-1.4757015798673956,1.8175891630243441,-2.4836608887672247,1.700205492086739,0.019547026426819974
-1.9603716161868578,1.0322999999997402,-1.4753721023845032,1.8175053893545667,-2.4834447512081512,1.7005900572159005,0.019804777831595607
-1.959858703382982,1.0322999999997444,-1.475041999520201,1.817421708781389,-2.483227260014862,1.700974412748839,0.020062628989537024
-1.9593451777593627,1.032299999999748,-1.4747113046015718,1.8173381368115191,-2.4830085712392043,1.701358560097876,0.020320579953139004
-1.9588311005148265,1.032299999999751,-1.4743800461353307,1.817254686685248,-2.4827888179470334,1.7017425004762472,0.020578630738230436
-1.958316523811271,1.0322999999997549,-1.4740482482688488,1.817171369920894,-2.4825681136503497,1.7021262348565724,0.020836781408462172
-1.9578014919508389,1.0322999999997586,-1.4737159315600297,1.8170881963624768,-2.4823465547361065,1.7025097641461533,0.021095032002538795
-1.95728604251909,1.0322999999997617,-1.4733831134603588,1.8170051744181013,-2.4821242229612195,1.702893089071706,0.021353382550099245
-1.9567702074101463,1.0322999999997642,-1.4730498086245212,1.8169223113769737,-2.4819011877551,1.703276210103108,0.021611833126486107
-1.956254013534437,1.0322999999997662,-1.4727160294670514,1.8168396133553668,-2.481677507663659,1.7036591274327788,0.02187038377883959
-1.955737484412499,1.032299999999768,-1.472381787141731,1.8167570854494461,-2.4814532337169144,1.7040418417164287,0.022129034449324514
-1.955220640511322,1.0322999999997695,-1.4720470914602042,1.816674731998654,-2.481228410270005,1.7044243536421628,0.022387785052948778
-1.9547034992134158,1.032299999999771,-1.4717119505661338,1.8165925568300558,-2.4810030750758076,1.704806663735898,0.02264663557918853
-1.9541860752647229,1.0322999999997724,-1.471376371380523,1.8165105631735203,-2.4807772601562004,1.7051887724151094,0.02290558601499251
-1.9536683810997624,1.0322999999997735,-1.471040359720914,1.8164287537637713,-2.480550992523096,1.7055706799786778,0.023164636355420022
-1.953150427180091,1.0322999999997744,-1.4707039204466568,1.8163471309282562,-2.48032429491908,1.705952386620422,0.02342378660778478
-1.952632222322182,1.0322999999997753,-1.4703670576193157,1.8162656966553317,-2.480097186526055,1.706333892458481,0.023683036789239737
-1.952113773988994,1.032299999999776,-1.4700297746565545,1.8161844526450843,-2.479869683590484,1.7067151975676558,0.02394238692095872
-1.951595088530366,1.0322999999997766,-1.4696920744612196,1.81610340034894,-2.4796417999379967,1.7070963020050427,0.02420183702261675
-1.9510761713716451,1.032299999999777,-1.4693539595193554,1.816022541003063,-2.479413547378715,1.7074772058254446,0.024461387109126716
-1.950557027159184,1.0322999999997775,-1.469015431970707,1.8159418756580628,-2.479184936022223,1.707857909087597,0.024721037189785296
-1.950037659874148,1.0322999999997777,-1.4686764936594325,1.8158614052057696,-2.4789559745259515,1.7082384118542664,0.024980787269053176
-1.9495180729247499,1.032299999999778,-1.4683371461725878,1.8157811304030806,-2.4787266702976587,1.7086187141893934,0.025240637348040645
-1.9489982692240717,1.0322999999997782,-1.4679973908718384,1.8157010518927605,-2.4784970296666122,1.7089988161546292,0.025500587426009347
-1.9484782512577434,1.0322999999997784,-1.467657228921491,1.8156211702212304,-2.4782670580322583,1.7093787178065714,0.025760637501531
-1.9479580211436573,1.0322999999997786,-1.467316661314147,1.815541485853564,-2.478036759994976,1.709758419195161,0.026020787573209136
-1.9474375806846973,1.0322999999997788,-1.4669756888942547,1.8154619991860266,-2.477806139471134,1.7101379203631826,0.02628103764002336
-1.9469169314369659,1.0322999999997788,-1.4666343124632224,1.81538271050284,-2.477575199809188,1.710517221421876,0.02654138767743591
-1.9463960747029414,1.0322999999997788,-1.46629253262184,1.8153036200976416,-2.4773439438425755,1.7108963224254745,0.026801837687734233
-1.9458750115829668,1.032299999999779,-1.4659503498464528,1.8152247282433536,-2.4771123739787058,1.7112752233833435,0.027062387683026694
-1.9453537430140238,1.0322999999997793,-1.4656077645382344,1.815146035175931,-2.476880492269533,1.7116539242784032,0.027323037675075733
-1.9448322697976315,1.0322999999997795,-1.4652647770489169,1.8150675410904074,-2.4766483004665982,1.7120324250852037,0.02758378767115274
-1.9443105926200908,1.0322999999997797,-1.4649213876909541,1.8149892461447994,-2.476415800064705,1.7124107257832968,0.027844637673804632
-1.9437887120681172,1.03229999999978,-1.4645775967400492,1.8149111504673583,-2.4761829923379834,1.7127888263642426,0.02810558768240846
-1.94326662864199,1.03229999999978,-1.464233404435677,1.8148332541639467,-2.4759498783709293,1.7131667268327555,0.0283666376950018
-1.9427443427673272,1.03229999999978,-1.4638888109824992,1.8147555573238916,-2.475716459085782,1.713544427203773,0.028627787709613377
-1.9422218548058452,1.03229999999978,-1.463543816553437,1.8146780600239145,-2.4754827352667617,1.713921927497615,0.028889037724897957
-1.941699165065062,1.03229999999978,-1.4631984212939602,1.814600762330468,-2.4752487075812586,1.7142992277351292,0.02915038774021444
-1.9411762738067948,1.03229999999978,-1.4628526253267395,1.8145236643010694,-2.4750143765980024,1.7146763279340715,0.029411837755402275
-1.9406531812543713,1.03229999999978,-1.4625064287559124,1.814446765985177,-2.4747797428023293,1.7150532281072366,0.029673387770487277
-1.940129887598587,1.03229999999978,-1.46215983167054,1.8143700674249705,-2.4745448066088387,1.71542992826224,0.029935037785461048
-1.9396063930025667,1.03229999999978,-1.461812834147169,1.814293568656192,-2.4743095683718237,1.715806428402471,0.030196787800185216
-1.9390826976057354,1.03229999999978,-1.4614654362516455,1.8142172697090562,-2.47407402839392,1.7161827285286047,0.030458637814404457
-1.9385588015271196,1.03229999999978,-1.4611176380404294,1.8141411706091595,-2.4738381869333765,1.7165588286401312,0.030720587827820126
-1.9380347048681588,1.03229999999978,-1.4607694395616488,1.8140652713783088,-2.4736020442102804,1.7169347287365369,0.03098263784017433
-1.937510407715158,1.03229999999978,-1.4604208408560626,1.8139895720352073,-2.473365600411965,1.7173104288179848,0.031244787851309113
-1.9369859101414555,1.03229999999978,-1.4600718419580083,1.8139140725959852,-2.473128855697749,1.7176859288855126,0.03150703786118732
-1.9364612122093439,1.03229999999978,-1.4597224428963433,1.813838773074589,-2.4728918102030906,1.7180612289408792,0.031769387869877964
-1.9359363139717536,1.03229999999978,-1.4593726436953427,1.8137636734830649,-2.4726544640431967,1.7184363289862274,0.03203183787751973
-1.9354112154737089,1.03229999999978,-1.459022444375508,1.8136887738317764,-2.4724168173161316,1.7188112290237192,0.03229438788427848
-1.9348859167535637,1.03229999999978,-1.4586718449542553,1.8136140741295907,-2.472178870105452,1.7191859290552483,0.03255703789031135
-1.934360417844035,1.03229999999978,-1.4583208454464653,1.813539574384052,-2.4719406224824234,1.7195604290822823,0.03281978789574441
-1.9338347187730582,1.03229999999978,-1.4579694458649066,1.8134652746015527,-2.471702074507869,1.7199347291058316,0.03308263790066506
-1.9333088195644952,1.03229999999978,-1.457617646220553,1.8133911747874987,-2.471463226233712,1.7203088291265147,0.03334558790512584
-1.9327827202387218,1.03229999999978,-1.4572654465228254,1.8133172749464666,-2.4712240777042704,1.7206827291446747,0.033608637909155366
-1.9322564208131237,1.03229999999978,-1.4569128467797847,1.8132435750823435,-2.4709846289573463,1.7210564291605024,0.0338717879127707
-1.931729921302519,1.03229999999978,-1.4565598469982977,1.8131700751984454,-2.470744880025162,1.721429929174139,0.03413503791598765
-1.9312032217195245,1.03229999999978,-1.4562064471841867,1.8130967752976144,-2.470504830935162,1.72180322918574,0.03439838791882719
-1.930676322074874,1.03229999999978,-1.4558526473423739,1.813023675382294,-2.4702644817107102,1.722176329195502,0.03466183792131776
-1.9301492223776966,1.03229999999978,-1.4554984474770127,1.8129507754545882,-2.4700238323716914,1.7225492292036602,0.03492538792349402
-1.9296219226357583,1.03229999999978,-1.4551438475916114,1.812878075516307,-2.469782882935032,1.7229219292104676,0.03518903792539386
-1.9290944228556683,1.03229999999978,-1.4547888476891393,1.8128055755690038,-2.4695416334151457,1.7232944292161707,0.035452787927054766
-1.928566723043057,1.03229999999978,-1.4544334477721188,1.8127332756140075,-2.4693000838243124,1.7236667292209877,0.035716637928511014
-1.9280388232027235,1.03229999999978,-1.4540776478426998,1.812661175652451,-2.469058234173001,1.7240388292250968,0.0359805879297918
-1.9275107233387612,1.0322999999997802,-1.4537214479027194,1.812589275685298,-2.4688160844701392,1.7244107292286326,0.03624463793092092
-1.926982423454663,1.0322999999997804,-1.45336484795375,1.8125175757133667,-2.468573634723342,1.7247824292316918,0.03650878793191721
-1.9264539235534088,1.0322999999997804,-1.453007847997136,1.812446075737353,-2.468330884939105,1.7251539292343412,0.0367730379327956
-1.9259252236375397,1.0322999999997804,-1.4526504480340259,1.8123747757578488,-2.468087835122967,1.7255252292366292,0.03703738793356839
-1.9253963237092215,1.0322999999997804,-1.4522926480653975,1.812303675775359,-2.4678444852796484,1.7258963292385938,0.03730183793424619
-1.9248672237702993,1.0322999999997804,-1.4519344480920822,1.8122327757903156,-2.4676008354131715,1.7262672292402694,0.03756638793483885
-1.924337923822344,1.0322999999997804,-1.4515758481147842,1.812162075803089,-2.467356885526963,1.7266379292416898,0.03783103793535558
-1.9238084238666926,1.0322999999997804,-1.4512168481341006,1.8120915758139964,-2.4671126356239403,1.7270084292428887,0.03809578793580529
-1.9232787239044837,1.0322999999997804,-1.4508574481505365,1.81202127582331,-2.4668680857065883,1.7273787292438991,0.03836063793619639
-1.9227488239366863,1.0322999999997802,-1.4504976481645206,1.8119511758312634,-2.466623235777024,1.7277488292447518,0.03862558793653653
-1.9222187239641262,1.03229999999978,-1.4501374481764175,1.8118812758380556,-2.4663780858370505,1.7281187292454745,0.038890637936832596
-1.921688423987507,1.03229999999978,-1.449776848186537,1.811811575843857,-2.466132635888205,1.72848842924609,0.03915578793709057
-1.9211579240074284,1.03229999999978,-1.4494158481951436,1.811742075848813,-2.4658868859317984,1.7288579292466169,0.03942103793731554
-1.920627224024402,1.03229999999978,-1.4490544482024625,1.8116727758530466,-2.4656408359689475,1.7292272292470692,0.039686387937511856
-1.9200963240388638,1.03229999999978,-1.4486926482086862,1.8116036758566636,-2.4653944860006045,1.729596329247458,0.03995183793768309
-1.9195652240511856,1.03229999999978,-1.4483304482139785,1.8115347758597535,-2.465147836027582,1.7299652292477923,0.04021738793783236
-1.9190339240616843,1.03229999999978,-1.4479678482184795,1.811466075862393,-2.4649008860505712,1.7303339292480784,0.04048303793796231
-1.9185024240706299,1.03229999999978,-1.4476048482223076,1.8113975758646477,-2.4646536360701625,1.7307024292483226,0.040748787938075307
-1.9179707240782524,1.03229999999978,-1.447241448225564,1.811329275866573,-2.464406086086859,1.7310707292485303,0.04101463793817339
-1.9174388240847475,1.03229999999978,-1.446877648228334,1.8112611758682173,-2.4641582361010874,1.7314388292487064,0.041280587938258395
-1.916906724090282,1.03229999999978,-1.4465134482306905,1.8111932758696214,-2.4639100861132133,1.7318067292488555,0.04154663793833203
-1.9163744240949978,1.03229999999978,-1.4461488482326952,1.8111255758708205,-2.4636616361235473,1.7321744292489818,0.04181278793839584
-1.915841924099016,1.03229999999978,-1.4457838482344005,1.8110580758718446,-2.463412886132354,1.7325419292490891,0.04207903793845114
-1.91530922410244,1.03229999999978,-1.445418448235851,1.8109907758727193,-2.4631638361398593,1.7329092292491808,0.04234538793849911
-1.9147763241053575,1.0322999999997802,-1.4450526482370847,1.8109236758734664,-2.4629144861462553,1.733276329249259,0.042611837938540724
-1.9142432241078433,1.0322999999997804,-1.4446864482381339,1.8108567758741043,-2.462664836151706,1.733643229249326,0.04287838793857685
-1.9137099241099613,1.0322999999997804,-1.444319848239026,1.8107900758746494,-2.4624148861563504,1.7340099292493834,0.04314503793860827
-1.913176424111766,1.0322999999997804,-1.4439528482397848,1.810723575875115,-2.4621646361603085,1.7343764292494324,0.043411787938635586
-1.9126427241133035,1.0322999999997806,-1.44358544824043,1.8106572758755126,-2.4619140861636817,1.7347427292494741,0.04367863793865927
-1.9121088241146136,1.0322999999997806,-1.4432176482409789,1.8105911758758522,-2.4616632361665562,1.7351088292495098,0.04394558793867974
-1.91157472411573,1.0322999999997806,-1.4428494482414458,1.8105252758761423,-2.461412086169006,1.7354747292495403,0.044212637938697424
-1.9110404241166812,1.0322999999997806,-1.4424808482418428,1.81045957587639,-2.4611606361710936,1.7358404292495662,0.04447978793871269
-1.9105059241174918,1.0322999999997806,-1.4421118482421804,1.8103940758766015,-2.4609088861728727,1.7362059292495882,0.04474703793872588
-1.9099712241181823,1.0322999999997806,-1.4417424482424677,1.810328775876782,-2.460656836174389,1.736571229249607,0.045014387938737285
-1.9094363241187708,1.0322999999997806,-1.441372648242712,1.8102636758769364,-2.460404486175681,1.736936329249623,0.04528183793874713
-1.9089012241192722,1.0322999999997806,-1.44100244824292,1.8101987758770681,-2.4601518361767822,1.7373012292496366,0.04554938793875566
-1.9083659241196995,1.0322999999997806,-1.4406318482430969,1.8101340758771807,-2.459898886177721,1.7376659292496481,0.045817037938763024
-1.9078304241200634,1.0322999999997806,-1.4402608482432473,1.810069575877277,-2.4596456361785206,1.738030429249658,0.0460847879387694
-1.9072947241203735,1.0322999999997806,-1.4398894482433753,1.810005275877359,-2.4593920861792022,1.7383947292496664,0.04635263793877492
-1.9067588241206377,1.0322999999997806,-1.439517648243484,1.809941175877429,-2.459138236179783,1.7387588292496736,0.04662058793877971
-1.906222724120863,1.0322999999997806,-1.4391454482435764,1.809877275877489,-2.458884086180278,1.7391227292496798,0.04688863793878387
-1.905686424121055,1.0322999999997806,-1.438772848243655,1.8098135758775402,-2.4586296361806994,1.739486429249685,0.04715678793878742
-1.9051499241212184,1.0322999999997806,-1.438399848243722,1.809750075877584,-2.458374886181059,1.7398499292496894,0.04742503793879049
-1.9046132241213578,1.0322999999997806,-1.4380264482437788,1.8096867758776212,-2.458119836181365,1.740213229249693,0.04769338793879313
-1.9040763241214766,1.0322999999997806,-1.4376526482438272,1.809623675877653,-2.457864486181626,1.740576329249696,0.0479618379387954
-1.9035392241215778,1.0322999999997806,-1.4372784482438683,1.8095607758776802,-2.457608836181848,1.7409392292496988,0.048230387938797345
-1.903001924121664,1.0322999999997806,-1.4369038482439034,1.8094980758777035,-2.4573528861820377,1.7413019292497012,0.04849903793879905
-1.9024644241217374,1.0322999999997806,-1.4365288482439331,1.8094355758777234,-2.4570966361821993,1.7416644292497032,0.04876778793880055
-1.9019267241218,1.0322999999997806,-1.4361534482439584,1.8093732758777403,-2.456840086182337,1.742026729249705,0.04903663793880189
-1.9013888241218533,1.0322999999997806,-1.43577764824398,1.809311175877755,-2.456583236182454,1.7423888292497065,0.04930558793880307
-1.9008507241218986,1.0322999999997806,-1.4354014482439983,1.8092492758777672,-2.456326086182554,1.7427507292497078,0.04957463793880413
-1.9003124241219373,1.0322999999997806,-1.4350248482440138,1.8091875758777776,-2.4560686361826396,1.7431124292497089,0.04984378793880503
-1.8997739241219704,1.0322999999997806,-1.434647848244027,1.8091260758777865,-2.455810886182712,1.74347392924971,0.05011303793880576
-1.8992352241219985,1.0322999999997806,-1.4342704482440383,1.809064775877794,-2.455552836182774,1.7438352292497108,0.05038238793880637
-1.8986963241220225,1.0322999999997806,-1.433892648244048,1.8090036758778005,-2.4552944861828268,1.7441963292497116,0.05065183793880685
-1.898157224122043,1.0322999999997806,-1.433514448244056,1.808942775877806,-2.455035836182872,1.7445572292497122,0.050921387938807246
-1.8976179241220605,1.0322999999997806,-1.433135848244063,1.8088820758778108,-2.4547768861829105,1.744917929249713,0.051191037938807644
-1.8970784241220753,1.0322999999997806,-1.432756848244069,1.808821575877815,-2.4545176361829433,1.7452784292497134,0.05146078793880796
