0.0,0.0,0.0,0.0,0.0,0.0,0.0
-42.80615046274452,-8.797165196133565e-12,-32.12917225981678,21.447576950910406,-53.61144113599645,2.2177902138656482,0.033219772104557704
-100.0,-1.2873036481687515e-11,-78.46631536659035,52.365379552839926,-100.0,5.416458848622348,0.09451801224916381
-100.0,-1.648496691466691e-11,-100.0,82.81565880429191,-100.0,8.570724298927438,0.14623321742858936
-100.0,-1.866241227408539e-11,-100.0,100.0,-100.0,10.983012009294772,0.18285715824983528
-100.0,-1.9546451268371957e-11,-100.0,100.0,-100.0,12.23073369691437,0.23033252071048083
-100.0,-1.9486289750226122e-11,-100.0,100.0,-100.0,12.313664732795807,0.28402324124371264
-100.0,-1.8821718141653913e-11,-100.0,97.40785331790715,-100.0,11.337222702507683,0.33688606979553093
-100.0,-1.7802296391340088e-11,-100.0,88.40812285242251,-100.0,9.634142341548577,0.36714384674314415
-100.0,-1.655612521239856e-11,-100.0,74.99794123059945,-100.0,7.5744243993356255,0.3560054144242501
-100.0,-1.5226008698356194e-11,-100.0,59.49026942582951,-100.0,5.517084883738314,0.32930757969519925
-100.0,-1.3882569069963959e-11,-97.21199894899233,44.057716061584244,-100.0,3.7138701859333247,0.2957981845231947
-100.0,-1.2571186709917776e-11,-89.03806880713555,30.411507310129778,-100.0,2.314769179263185,0.2619306955921881
-100.0,-1.134157556430362e-11,-76.9322948614508,19.604563741080604,-100.0,1.3630705818121822,0.23286667877911596
-100.0,-1.0192542950717148e-11,-62.75809002517518,12.049886671277717,-100.0,0.8442104088468344,0.21868229089973212
-100.0,-9.115500212467982e-12,-48.37149242293145,7.617899227939184,-100.0,0.674618079620345,0.21583904921159278
-94.9184530731804,-8.146604470412031e-12,-35.30394490987706,5.773345961860221,-100.0,0.7508786591852294,0.22472409371650204
-84.90729870319342,-7.281175677792822e-12,-24.574829783755295,5.778893125472291,-100.0,0.9733816971905864,0.2355771385443109
-71.65680405001987,-6.487853174660341e-12,-16.659698610287343,6.828371850983835,-100.0,1.2286975068884014,0.24461884308306636
-57.091629119981896,-5.787356885557184e-12,-11.544718390977515,8.213855609688258,-100.0,1.4427557499697707,0.25093123009487883
-42.978794913216916,-5.153634726901186e-12,-8.845280999770614,9.392104681254803,-100.0,1.5701885540202836,0.2523674958200665
-30.667621012900806,-4.589939970329037e-12,-7.952739720475947,10.03176284585192,-94.61171430471283,1.5949646136445248,0.252274574764305
-20.966705235954567,-4.084849185249456e-12,-8.18792951704519,10.001255799293412,-84.35632394500897,1.5251985598286815,0.25128380980231896
-14.148632510985026,-3.633661141857179e-12,-8.91864606763645,9.331769248148017,-70.96485246515392,1.3828014742638168,0.24996784009094275
-10.033061882868452,-3.246222084786327e-12,-9.63744086163772,8.169370942218547,-56.369711684859865,1.1977081215025105,0.24923364172573656
-8.125145196028814,-2.8940425492167156e-12,-10.010723104883596,6.717144292370972,-42.32549995688494,0.9998592606682016,0.2493245007620779
-7.768192487880707,-2.582248104968807e-12,-9.877993887698524,5.185972896797876,-30.1527124256713,0.8171098520871103,0.24964658151386535
-8.283500056505048,-2.2958311319066134e-12,-9.227181142737882,3.757763252146127,-20.629135956113267,0.6666857147403503,0.25021102403218465
-9.075973206674629,-2.0440627162816056e-12,-8.154788149919376,2.5600859423958973,-13.99536521393288,0.5569016819164908,0.25085760405623736
-9.699827388169995,-1.8213591454815616e-12,-6.817946805913607,1.6596466627286812,-10.046128189881102,0.4885014186291635,0.25152379977772477
-9.889290109398534,-1.6243637025953295e-12,-5.3914684593887685,1.0669996380696323,-8.27056269596896,0.45626768830863246,0.25187105175128316
-9.546232550306993,-1.4493970620585085e-12,-4.035000476878277,0.7480500504767509,-8.004776605712877,0.4513150019936111,0.2520556515546586
-8.707903300533495,-1.2946711521520964e-12,-2.864788524930555,0.6406307657562619,-8.570376426195251,0.4632863704611758,0.2522094687072154
-7.5017671812987246,-1.151031411141235e-12,-1.947662180715136,0.6707780241677774,-9.378790002996642,0.4825414272835807,0.252370168934071
-6.09856485599639,-1.021243952457416e-12,-1.3020550616294484,0.767100091368237,-9.993455369884602,0.49943280865485296,0.25255259441918865
-4.670933919419024,-9.024157413760397e-13,-0.906472209813779,0.8702829892411907,-10.159347508735406,0.5095946026537241,0.25276200023355766
-3.366674987952951,-7.978938045619232e-13,-0.7123733725914759,0.9379998281167415,-9.788299669458365,0.5111719709586853,0.252926974170482
-2.2838211362114857,-7.070980022224847e-13,-0.6581221201125672,0.9493336219289197,-8.925066025087665,0.5044297680808191,0.2530696746360001
-1.4696454499221367,-6.269166701356004e-13,-0.6817102819097447,0.9004753889684316,-7.701960127848025,0.4911385778432316,0.25322914593993273
-0.925162286148854,-5.548045765048475e-13,-0.7291545769548509,0.8004804489405448,-6.291815978042239,0.47382991805008795,0.2533933755145215
-0.6159649828588256,-4.959848262915781e-13,-0.7585853221022338,0.6661284663867919,-4.867017699972959,0.4552174675649765,0.25355402620761147
-0.4860123105573566,-4.424462666690277e-13,-0.7483389775397691,0.5169412925351612,-3.5734659886158466,0.4383508631161511,0.25370822215688704
-0.4713514788980363,-3.9635020542666427e-13,-0.6917071574548326,0.37243794746491277,-2.506337003730761,0.42536128533613393,0.25385283238942324
-0.5119100754829364,-3.518561703469807e-13,-0.5936616092015904,0.24602690725735676,-1.7098885884819388,0.4163381442061663,0.2539873509553881
-0.5585105747992325,-3.1143368975097314e-13,-0.46663515889414253,0.14582600674037555,-1.1824913781770312,0.4106664358827087,0.25411326320032473
-0.5754433154204777,-2.7851899479738825e-13,-0.3262839370663667,0.0746169063113603,-0.8878000550976473,0.40729722317762035,0.25423489058334525
-0.5472605928161529,-2.5242293357114753e-13,-0.19026100250551845,0.030680925123883825,-0.7686690261055209,0.40517959415243615,0.2543508683310677
-0.4725430412528084,-2.2577564828271765e-13,-0.06959079742448625,0.009144870831370513,-0.7608461357640192,0.40353122839466193,0.2544643619688641
-0.3600483873963899,-2.0314712859571407e-13,0.028785659905407532,0.0034913551676446506,-0.804614440849055,0.40199157248140704,0.25457612470274027
-0.22430495512320142,-1.8246954435483177e-13,0.10220904542133777,0.007109999940188074,-0.85153728448755,0.4004715168802905,0.25468653712144435
-0.08149973800300492,-1.6339128001188875e-13,0.15174299143500256,0.0137703505897896,-0.8669081253024878,0.3989905465549904,0.2547951511980949
0.05140439154455437,-1.413802147780463e-13,0.18114978678801869,0.017712168541898308,-0.8362734794242236,0.39759374958023075,0.2549025608613505
0.16484886244086877,-1.205055002050437e-13,0.19568938056379814,0.016962198604315862,-0.7590536132821568,0.39631498112921815,0.2550096092471095
0.2536892380436304,-1.0131898709429151e-13,0.20066485229906628,0.011096895314330762,-0.644600067575844,0.39516843536142154,0.2551156744819086
0.3170105377901537,-8.780011527668515e-14,0.20150722304500854,0.0008630003707919085,-0.5077654138862486,0.3941531631478655,0.25522106937182065
0.35729856230828266,-7.960330478815258e-14,0.2043163808487916,-0.012283265615320577,-0.36481412642454436,0.3932582590898572,0.25532565673705765
0.3792657987253034,-7.453536865279917e-14,0.210875754581961,-0.02662386948388843,-0.2326297727184013,0.3924688646420459,0.2554294900732262
0.3886203674324526,-7.119856332119971e-14,0.22113535063893708,-0.04014782486826966,-0.1205182829711653,0.3917694952590385,0.25553265005540693
0.39066627970595325,-6.898343609680094e-14,0.23414924663044087,-0.05108324739276384,-0.03332737899466362,0.3911459833011026,0.2556352613259719
0.3910300459333754,-6.755441603781756e-14,0.24763958666754365,-0.059108906949222814,0.02831022877366699,0.3905861444766279,0.255737413901409
0.3948664516461875,-6.669914373695433e-14,0.26012307215215547,-0.06466568738525973,0.06710429415084858,0.39007987006371947,0.25583922275996995
0.40279024874711283,-6.617605119609285e-14,0.27100993050290095,-0.06836344311734664,0.08791107849779099,0.389618805343783,0.2559407903689046
0.4143192004736288,-4.52600457667256e-09,0.2801412649862635,-0.07091050129787518,0.09649973664739277,0.3891960967405495,0.25604215353361753
0.4279202722347932,-4.012923916426933e-09,0.2876456347116064,-0.07286639480859274,0.09817861819001628,0.3888060183442987,0.2561433274573969
0.44131633433702244,6.102508186103427e-10,0.29379043576084224,-0.07453299556382913,0.09878731820216007,0.388443776702697,0.2562443351363841
0.4533584598123482,2.0553146326489286e-09,0.2988700868210255,-0.07602011974862455,0.10295699587668271,0.38810529451471093,0.2563451813247996
0.46358586388870565,2.3580796650324245e-09,0.30314182160862274,-0.07735188835116852,0.11121414672299296,0.3877871081407136,0.25644589757073205
0.47197494871585033,1.7872361538942655e-09,0.30680184671958616,-0.07852482458683599,0.12301516098278376,0.38748626819421994,0.25654650711778026
0.47875401306073134,7.682221008578805e-10,0.30998634215478876,-0.07953528990864073,0.13672333262011327,0.3872002231031121,0.25664702415546403
0.4842451110933734,1.3845482093177754e-10,0.31278503650551864,-0.08038750264646975,0.15007623757017993,0.3869267725180882,0.2567474618225201
0.48876098653002303,-1.1637434807051951e-10,0.31525739412038295,-0.08109178623829666,0.1620423663772743,0.38666411119081295,0.2568478363414336
0.49255305023234625,-1.4573248129230208e-10,0.31744505280487023,-0.08166381539088496,0.17220162742143852,0.38641061138019367,0.2569481552884272
0.4958005396640629,-9.378754271494611e-11,0.31938122986188355,-0.08212051761741263,0.1805506685698048,0.3861649540904664,0.2570484274173511
0.49862096446316007,-3.8093529332283786e-11,0.32109549342277327,-0.08247874300203925,0.18732308602079709,0.385926006796083,0.25714865995716985
0.50108841973142,4.7100498829166235e-11,0.3226156830931533,-0.0827532039069106,0.19283750446004538,0.3856928691708569,0.2572488587835181
0.503250895359398,1.15379049410797e-10,0.3239679810526718,-0.08295695344619436,0.197398094776866,0.38546464268621267,0.25734903001303056
0.5051434747288098,1.6077319563674127e-10,0.3251765995126865,-0.08310088023207467,0.20124899914205924,0.38524055946295865,0.25744917726878996
0.5067958632781367,1.6323289992729918e-10,0.32626314260218314,-0.08319445313192947,0.20456366563156558,0.3850201875595988,0.25754929594406983
0.5082362046622189,1.4616270758577512e-10,0.32724651824843576,-0.08324485911888302,0.20745634881141117,0.3848025883394752,0.2576493992971956
0.509491521731472,1.206409930250361e-10,0.32814270278241553,-0.08325855010680269,0.2099989934891267,0.3845876942995617,0.2577494840880355
0.5105876520401342,9.541016173829033e-11,0.328965222644103,-0.0832405490161051,0.2122392757852527,0.38437501498409077,0.2578495570831096
0.5115481428827229,7.440815778417731e-11,0.3297252279656984,-0.0831957497937678,0.21421197788048538,0.3841645136710524,0.25794960405697115
0.512393898371308,5.68966065504207e-11,0.3304322614221862,-0.08312808888537093,0.21594722468532743,0.3839551688149084,0.25804966931714857
0.5131427727739278,4.530095648511493e-11,0.3310940881470876,-0.08304130619433377,0.21747275376093148,0.38374700794619426,0.258149738621642
0.5138098262954229,3.728888416278622e-11,0.33171728642106263,-0.08293827008920888,0.21881538238537723,0.38353996796431006,0.2582498018566714
0.5144077001972077,3.103523116085863e-11,0.33230744105050974,-0.08282133150625294,0.22000078967424896,0.3833343003494261,0.25834983189892025
0.514946836956153,2.627275023072565e-11,0.3328694950625048,-0.08269228676486658,0.2210520873119172,0.3831293173847982,0.25844987297485594
0.5154358948729681,2.2814229719309228e-11,0.3334074439799172,-0.08255284375934442,0.2219897812924219,0.3829251008408709,0.2585498930937544
0.5158822777571119,2.012406027162899e-11,0.3339249010962285,-0.0824044250069736,0.22283164751077014,0.38272155466360014,0.25864990922953557
0.5162922422459498,1.777200379457368e-11,0.33442491753262754,-0.08224830995059308,0.22359264539826748,0.38251854353919146,0.25874992551435255
0.5166712905852742,1.544667916624278e-11,0.3349103404238076,-0.08208552685752157,0.22428554497909167,0.3823157249796056,0.25884999877036663
0.5170243262214445,1.3387209841366784e-11,0.3353834833991478,-0.08191717803026029,0.22492148924267183,0.38211281752795295,0.2589501093741957
0.5173546933864932,1.1669806607766688e-11,0.3358456720193233,-0.08174421542683051,0.22550801234786785,0.3819104374596253,0.25905016342295784
0.5176654084676835,1.018483861162347e-11,0.33629827702043746,-0.0815673429921877,0.2260517014905732,0.381708693647335,0.2591501374303183
0.51795948965116,8.794219803607474e-12,0.3367430072045634,-0.08138698344107465,0.22655895461372072,0.38150728669525213,0.25925012095027117
0.5182394250031291,7.50015528398699e-12,0.33718099348396646,-0.08120369739923328,0.2270351559040016,0.38130620646074787,0.2593500980045499
0.5185073910577971,6.39957632768045e-12,0.3376132615811712,-0.08101794237050598,0.2274850218836614,0.3811053740391512,0.2594500668192927
0.5187652514491328,5.389626382828171e-12,0.338040714311221,-0.08083008934057336,0.22791260697157806,0.3809047034355494,0.2595500337611603
0.5190145716817186,4.5410476069457e-12,0.33846411818731886,-0.08064044376914953,0.2283213357740154,0.38070412999563535,0.25965000652444015
0.5192566518621614,3.867018418960213e-12,0.3388841055124967,-0.08044926363176337,0.22871406932303623,0.3805036157226028,0.2597499897861135
0.5194925702266244,3.3255709913571372e-12,0.33930119150354016,-0.08025677117110269,0.2290931924398707,0.3803031436408239,0.25984998417725536
0.5197232272316363,2.822156852524173e-12,0.33971579819308434,-0.08006315931907743,0.22946070284846928,0.38010270942921726,0.25994998738499675
0.5199493831090807,2.4205834123600313e-12,0.34012827721003247,-0.07986859516367005,0.22981828836835008,0.37990231434376415,0.26004999586632666
0.5201716864229501,2.0993244020739434e-12,0.3405389274130731,-0.07967322234272986,0.23016738713737123,0.37970196065870804,0.2601500062319322
0.5203906944056947,1.825622679698218e-12,0.34094800678115517,-0.07947716332446716,0.230509231937952,0.3795016494197354,0.2602500159922518
0.5206068872299267,1.5561975707302514e-12,0.341355739773513,-0.07928052185226774,0.23084488241661877,0.3793013797891354,0.2603500237410789
0.5208206784465008,1.321740490936859e-12,0.3417623218382575,-0.07908338548471051,0.23117524928804914,0.3791011492580233,0.26045002899197583
0.5210324232779463,1.1378841257681733e-12,0.34216792248064026,-0.0788858280589705,0.2315011137244819,0.37890095419543235,0.2605500318756425
0.5212424257890205,9.327010291978974e-13,0.3425726877964835,-0.07868791192951849,0.2318231439498309,0.3787007904242736,0.26065003283986954
0.5214509454135727,7.463199520304894e-13,0.34297674290855346,-0.07848968989820099,0.23214191006583137,0.3785006536822453,0.2607500324225984
0.5216582076981484,6.308403550458335e-13,0.34338016566695795,-0.07829123239249144,0.23245792218880346,0.3783006871371669,0.2608500209416601
0.5218644015663665,6.278520989333767e-13,0.3437830891164869,-0.07809254461060144,0.2327715764867168,0.37810075143073885,0.26095001254173156
0.5220696806762761,6.038547497065185e-13,0.3441855956149044,-0.07789365128951972,0.23308320719535794,0.37790077819563955,0.2610500102426627
0.5222741754564613,5.646694302079684e-13,0.3445877416033419,-0.07769458411389767,0.233393104280271,0.3777007494167927,0.26115001218776784
0.5224779994828339,4.606975540455791e-13,0.34498957258279045,-0.077495373572735,0.23370152193185742,0.3775006752990423,0.2612500155626146
0.5226812522550675,3.445074880428533e-13,0.3453911299088812,-0.07729604519497293,0.2340086821364419,0.3773005765178719,0.2613500183915592
0.5228840202580983,2.639006727691979e-13,0.3457924524086498,-0.07709661888701869,0.23431477649736537,0.3771004729713988,0.2614500199024933
0.5230863776151236,2.477013768376481e-13,0.3461935756661267,-0.0768971098804203,0.23461996815053915,0.37690037855135383,0.261550020190896
0.523288386991047,1.9259583211934054e-13,0.346594530933383,-0.07669753012469906,0.23492439446277102,0.376700300188006,0.2616500197210547
0.5234901008924355,1.5550933188349186e-13,0.34699534460624054,-0.07649788946487539,0.23522817042905486,0.37650023922610726,0.2617500189511669
0.5236915632136663,1.4778881950236102e-13,0.3473960384320709,-0.07629819638373973,0.23553139232767653,0.3763001935853951,0.2618500181596643
0.5238928107924437,1.4708392019726596e-13,0.34779663021152,-0.07609845835737607,0.23583414116681264,0.3761001597506031,0.2619500174323956
0.5240938747834885,1.276840230436136e-13,0.3481971346625453,-0.0758986819750573,0.2361364856139406,0.37590013416400353,0.26205001673167083
0.5242947817571667,9.198959180552664e-14,0.34859756419691,-0.07569887296794707,0.23643848429866027,0.3757001139623999,0.2621500159791936
0.5244955545191801,1.4324703047680622e-14,0.34899792949053526,-0.07549903623707084,0.236740187534275,0.3755000971969672,0.26225001511517615
0.5246962127035582,6.699808746832058e-18,0.3493982398424087,-0.07529917591654345,0.2370416385883471,0.37530008273490595,0.2623500141235682
0.5248967732084482,5.0198549953570657e-14,0.3497985033746955,-0.07509929547010182,0.2373428746449369,0.3751000700241141,0.26245001302939924
0.5250972505383298,1.926890541961852e-15,0.35019872714471073,-0.07489939780287791,0.2376439275811682,0.3749000588465709,0.26255001188244076
0.5252976570956522,-6.049190471380276e-14,0.3505989172257369,-0.07469948536835493,0.23794482463652886,0.3747000491251972,0.2626500107378104
0.5254980034466569,-9.815289463352686e-14,0.3509990787900959,-0.07449956025817588,0.23824558901830667,0.37450004080434035,0.262750009641994
0.5256982985687022,-9.142160989083766e-14,0.3513992162051867,-0.07429962427091961,0.2385462404562242,0.3743000337958468,0.2628500086255804
0.5258985500787877,-3.893373493317983e-14,0.3517993331409086,-0.07409967896103066,0.23884679570703618,0.37410002796949743,0.2629500077025773
0.5260987644398132,2.281336711124852e-14,0.3521994326779246,-0.07389972567383764,0.23914726900368544,0.3739000231665117,0.26305000687438906
0.5262989471409053,8.192960513619636e-14,0.35259951740907447,-0.0736997655705132,0.2394476724453237,0.3737000192205003,0.263150006134154
0.5264991028510686,4.418028639949244e-14,0.3529995895262847,-0.07349979964958789,0.23974801632982412,0.3735000159751506,0.26325000547153427
0.5266992355476929,2.7053034625490003e-14,0.3533996508916794,-0.07329982876570315,0.24004830943203914,0.37330001329542317,0.26335000487637616
0.5268993486230827,3.046261521276227e-14,0.3537997030936559,-0.07309985364760178,0.24034855923593093,0.37310001107122875,0.2634500043398358
0.5270994449723567,1.3142133304521854e-14,0.3541997474904901,-0.07289987491519616,0.2406487721274081,0.3729000092162459,0.2635500038552604
0.5272995270665082,-3.4927805180730438e-15,0.35459978524379443,-0.07269989309558425,0.2409489535555269,0.3727000076643373,0.26365000341778283
0.5274995970138832,1.615433612771629e-14,0.35499981734616637,-0.07249990863741268,0.24124910816907855,0.37250000636450575,0.2637500030237538
0.527699656612255,7.028007291746746e-14,0.3553998446442378,-0.07229992192309759,0.2415492399321889,0.3723000052766647,0.26385000267016406
0.5278997073941959,-6.995493839680441e-15,0.3557998678592405,-0.07209993327905859,0.24184935222428086,0.37210000436781887,0.2639500023540651
0.5280997506651205,-7.16028507312699e-14,0.35619988760390436,-0.07189994298459274,0.24214944792455292,0.3719000036105271,0.26405000207265933
0.5282997875368884,-4.037261066891267e-14,0.35659990439835687,-0.07169995127873242,0.24244952948605158,0.37170000298112754,0.26415000182294784
0.5284998189563779,-6.7398253337640874e-15,0.3569999186841806,-0.07149995836631767,0.24274959899837592,0.371500002459155,0.2642500016018715
0.5286998457299708,2.7668116756847474e-14,0.3573999308364234,-0.07129996442267256,0.24304965824190758,0.37130000202696484,0.2643500014065885
0.5288998685446752,1.0328169244954823e-15,0.3577999411737087,-0.0710999695978387,0.2433497087336669,0.3711000016694311,0.26445000123431034
0.5290998879856817,-1.2319946931252014e-14,0.35819994996680055,-0.07089997402013848,0.24364975176626372,0.3709000013739407,0.2645500010824284
0.5292999045517138,1.5807078989707426e-14,0.35859995744600914,-0.07069997779914282,0.24394978844134443,0.37070000112965984,0.26465000094855895
0.5294999186678413,1.0939648480541293e-14,0.3589999638074482,-0.07049998102855927,0.24424981969793813,0.3705000009277132,0.2647500008305802
0.5296999306962601,3.542270636627971e-14,0.3593999692179061,-0.07029998378833838,0.24454984633649068,0.3703000007607911,0.26485000072670245
0.5298999409456765,5.3258681566390476e-14,0.3597999738195509,-0.07009998614682068,0.24484986903922895,0.3701000006228927,0.26495000063536844
0.5300999496792607,6.798560862265392e-14,0.36019997773334145,-0.06989998816229807,0.24514988838774723,0.36990000050901234,0.2650500005551548
0.5302999571210979,4.377372536302796e-14,0.36059998106197266,-0.06969998988471304,0.24544990487755505,0.36970000041521267,0.26515000048474807
0.5304999634623525,-2.024798800656028e-14,0.36099998389307414,-0.06949999135656995,0.2457499189311064,0.36950000033793623,0.2652500004229933
0.5306999688659054,-1.4289654805940615e-14,0.3613999863009959,-0.0692999926142539,0.24604993090838911,0.36930000027431187,0.26535000036900114
0.5308999734703456,-1.1493515535107442e-14,0.36179998834912963,-0.0690999936889525,0.2463499411161721,0.3691000002220995,0.2654500003217159
0.5310999773938117,1.425242084571083e-14,0.3621999900910084,-0.06889999460730768,0.246649949815815,0.3689000001793626,0.265550000280373
0.5312999807370014,5.526234594446349e-14,0.36259999157242606,-0.06869999539206463,0.2469499572300679,0.3687000001445282,0.2656500002441283
0.5314999835857848,1.2825292244174646e-13,0.3629999928324106,-0.068499996062651,0.24724996354890275,0.368500000116066,0.2657500002125102
0.5316999860132812,1.3281715635491136e-13,0.36339999390401573,-0.0682999966356754,0.24754996893419898,0.368300000092932,0.26585000018486354
0.5318999880817646,1.1120984708348781e-13,0.36379999481553194,-0.06809999712534691,0.2478499735238573,0.3681000000740686,0.26595000016080406
0.5320999898443337,3.459457775691977e-14,0.36419999559076754,-0.06789999754372143,0.24814997743541914,0.3679000000587453,0.2660500001397987
0.5322999913462805,-5.1655796315721626e-15,0.3645999962501615,-0.06769999790121849,0.24844998076916505,0.36770000004623893,0.2661500001215309
0.5324999926260905,-1.2596704689170697e-14,0.36499999681093737,-0.06749999820666779,0.24874998361037798,0.36750000003611605,0.26625000010557287
0.5326999937165803,-1.6216704320602815e-15,0.36539999728778694,-0.06729999846773924,0.24904998603182185,0.36730000002808966,0.26635000009164195
0.5328999946458185,1.4580415772344414e-14,0.3657999976933553,-0.06709999869080632,0.24934998809552594,0.36710000002168036,0.2664500000795831
0.5330999954375972,-4.3384790874590644e-14,0.366199998038283,-0.06689999888150192,0.24964998985433298,0.36690000001660594,0.2665500000690618
0.5332999961123189,-7.616404421844673e-14,0.3665999983316898,-0.06669999904430825,0.2499499913532926,0.3667000000124879,0.26665000005989925
0.5334999966872923,-6.778587432544904e-14,0.3669999985811382,-0.06649999918338391,0.25024999263072634,0.36650000000923527,0.26675000005196825
0.5336999971772899,-5.499278714603667e-15,0.36739999879331525,-0.06629999930225075,0.2505499937193991,0.3663000000066679,0.26685000004509746
0.5338999975948082,6.149007828190416e-15,0.3677999989737852,-0.06609999940385858,0.2508499946472296,0.36610000000463117,0.26695000003909247
0.5340999979504565,-2.484313060642831e-14,0.36819999912731555,-0.06589999949073136,0.25114999543803757,0.36590000000307676,0.2670500000338281
0.5342999982535624,-3.952927264698237e-14,0.3685999992578583,-0.06569999956489052,0.2514499961120689,0.36570000000193487,0.26715000002930783
0.5344999985118563,-2.2135871182604834e-14,0.3689999993688923,-0.06549999962824632,0.2517499966865091,0.3655000000010829,0.2672500000253991
0.5346999987319353,-3.3430523234392155e-14,0.36939999946334545,-0.06529999968235291,0.25204999717605314,0.365300000000365,0.26735000002199366
0.5348999989194896,-1.1921483184001345e-14,0.36979999954368314,-0.06509999972858241,0.2523499975932893,0.3650999999997737,0.26745000001906344
0.5350999990793205,-1.0271968755783225e-13,0.37019999961198674,-0.06489999976807072,0.25264999794891363,0.36489999999931855,0.26755000001649587
0.5352999992154488,-1.4485172364725235e-13,0.37059999966998275,-0.06469999980187334,0.2529499982518936,0.3646999999991057,0.2676500000142754
0.5354999993314987,-1.352005054658579e-13,0.37099999971931624,-0.06449999983071827,0.2532499985101335,0.3644999999989594,0.26775000001229543
0.535699999430348,-4.6285674635545025e-14,0.3713999997612401,-0.06429999985540662,0.253549998730289,0.36429999999883067,0.2678500000106198
0.5358999995145517,4.6999862587007506e-14,0.3717999997969769,-0.06409999987646106,0.25384999891796595,0.3640999999987352,0.2679500000092212
0.5360999995863105,1.0033607036711675e-13,0.3721999998274227,-0.06389999989440116,0.2541499990778791,0.36389999999872435,0.2680500000079736
0.536299999647463,5.0417585013372146e-14,0.37259999985324965,-0.06369999990978498,0.25444999921408334,0.36369999999878566,0.2681500000068774
0.5364999996995863,-2.4154785545364737e-14,0.37299999987524113,-0.0634999999229231,0.2547499993301998,0.36349999999880056,0.26825000000589605
0.5366999997440328,-2.0123588476403834e-15,0.37339999989394457,-0.06329999993415115,0.2550499994291379,0.3632999999988961,0.26835000000513
0.5368999997819311,1.617191551431852e-14,0.3737999999097748,-0.06309999994374324,0.2553499995134903,0.363099999998982,0.2684500000044328
0.5370999998142085,5.73120038082931e-14,0.3741999999232826,-0.0628999999518783,0.25564999958535833,0.3628999999989777,0.2685500000038816
0.5372999998416982,6.274647025223051e-14,0.3745999999347141,-0.06269999995881496,0.25594999964657317,0.3626999999990536,0.2686500000034151
0.5374999998650891,1.2092402156661004e-13,0.37499999994445105,-0.062499999964817525,0.2562499996987413,0.36249999999916704,0.2687500000029664
0.5376999998850568,1.20941199255549e-13,0.3753999999527217,-0.06229999996998799,0.2565499997432739,0.3622999999993042,0.2688500000026031
0.5378999999021168,2.193291654726451e-14,0.3757999999597959,-0.06209999997439326,0.2568499997812745,0.3620999999993728,0.2689500000021807
0.5380999999165754,-4.934762740251277e-14,0.3761999999657432,-0.06189999997819672,0.25714999981359093,0.36189999999945194,0.2690500000018086
0.5382999999288449,-7.5885588324219e-14,0.37659999997084154,-0.06169999998138899,0.25744999984116357,0.3616999999995078,0.26915000000157807
0.53849999993933,-5.801084954745257e-14,0.37699999997520706,-0.06149999998412017,0.2577499998646132,0.36149999999958304,0.2692500000013387
0.5386999999483627,-7.978927450324628e-14,0.3773999999789571,-0.06129999998641281,0.25804999988457555,0.36129999999959544,0.26935000000117293
0.5388999999560162,-8.0126751336293e-14,0.3777999999821571,-0.061099999988407774,0.2583499999016069,0.36109999999964615,0.2694500000010395
0.539099999962488,-1.238482168336531e-13,0.3781999999848303,-0.06089999999013698,0.25864999991606863,0.36089999999966355,0.26955000000091084
0.5392999999680406,-8.597030010159199e-14,0.3785999999871355,-0.06069999999154499,0.2589499999284605,0.3606999999996213,0.26965000000078315
0.5394999999727081,-4.937523761776292e-14,0.3789999999890081,-0.06049999999275799,0.2592499999389836,0.3604999999996598,0.26975000000061633
