0.0,1.0323,0.0,0.8247,0.0,1.57,0.0
-0.035065600111614956,1.032299999999992,-0.02631415612714531,0.8422447482516903,-0.043858703525806036,1.5718121966871132,4.5428845384770596e-05
-0.1240270575481968,1.032299999999978,-0.09306593824906759,0.8867618406906514,-0.14385870352580604,1.5764066448168796,0.00015016749400100404
-0.2240270575481968,1.0322999999999611,-0.1930659382490676,0.9601973232280812,-0.24385870352580605,1.583993286999923,0.0003375407409593451
-0.32402705754819683,1.0322999999999425,-0.29306593824906757,1.0584944577674626,-0.34385870352580605,1.5941581392217263,0.0005971464950693978
-0.4240270575481968,1.0322999999999232,-0.39306593824906755,1.1584944577674627,-0.44385870352580603,1.6060759721029372,0.0009312395176782715
-0.5240270575481968,1.0322999999999039,-0.4930659382490675,1.2584944577674628,-0.543858703525806,1.618720082860075,0.0013077308160747453
-0.6240270575481968,1.0322999999998852,-0.5930659382490675,1.358494457767463,-0.643858703525806,1.6310408556964078,0.0016874506416579243
-0.7240270575481967,1.0322999999998677,-0.6930659382490675,1.4537475302321894,-0.743858703525806,1.6421553303599015,0.002050022330915611
-0.8240270575481967,1.0322999999998512,-0.7930659382490675,1.5385578930819734,-0.8438587035258059,1.651422306680788,0.002377383985614955
-0.9240270575481967,1.0322999999998361,-0.8930659382490674,1.6089534514085841,-0.9438587035258059,1.6585174328608197,0.002657055015408545
-1.0240270575481967,1.0322999999998224,-0.9930659382490674,1.6629933366284975,-1.043858703525806,1.663407805945929,0.002889475731266521
-1.1240270575481968,1.0322999999998097,-1.0882160119138204,1.700709619726087,-1.143858703525806,1.6663046844713438,0.003088879849556513
-1.2240270575481969,1.0322999999997984,-1.1735182739812409,1.7237935684040373,-1.2438587035258062,1.6675956467972168,0.0032637769097132734
-1.324027057548197,1.0322999999997882,-1.2453905375136982,1.7351098633759514,-1.3438587035258063,1.6677688631372751,0.003429594844854062
-1.424027057548197,1.032299999999779,-1.3019840540262486,1.7381423197364707,-1.4438587035258064,1.667328934495688,0.0036038182929083343
-1.5229024182281365,1.0322999999997708,-1.3431896138878683,1.7364417416436915,-1.5438587035258065,1.66672572497728,0.0037926508065064418
-1.6150413474399068,1.0322999999997635,-1.3704054915271897,1.7331958820279085,-1.6438587035258065,1.6663160213952841,0.004003785732171277
-1.6958659131232146,1.0322999999997569,-1.386122396083083,1.7308987602965218,-1.7438587035258066,1.6663361029108965,0.004234895314537182
-1.7623702798313288,1.032299999999751,-1.3934363941239105,1.7311959066357194,-1.8438587035258067,1.6668921653305881,0.004485071294028121
-1.8133256037203047,1.0322999999997458,-1.3955764918220392,1.7348595354753404,-1.9438587035258068,1.6679794723423436,0.004747187408916555
-1.8491947294347215,1.032299999999741,-1.3954896414922833,1.741879330512805,-2.0419858168635137,1.6695067949217333,0.005015659529661492
-1.8718157274039462,1.0322999999997369,-1.3955470580787126,1.7516444775073106,-2.13273365039634,1.6713270804149998,0.00528500323846276
-1.883957088342186,1.032299999999733,-1.3973758218852763,1.7631633190251377,-2.2117166866070854,1.6732718465922138,0.005550678597302263
-1.8888248957502822,1.0322999999997298,-1.4018211525018587,1.7752900728214254,-2.2761639070895057,1.6751780280873763,0.005809798443980166
-1.88960051132802,1.0322999999997269,-1.4090155541861802,1.7869238370416511,-2.3250821362435827,1.676911169127966,0.0060630743094823745
-1.889065557164129,1.0322999999997242,-1.4185241190275615,1.797160940972852,-2.3591365164462847,1.6783785548833214,0.006312572937924258
-1.8893486472870575,1.032299999999722,-1.4295403019814876,1.8053889229753657,-2.380311924685899,1.6795346324605775,0.006560563134751385
-1.8918046274573117,1.03229999999972,-1.4410870260196442,1.8113211587611073,-2.3914570749735287,1.6803785034561736,0.006808238527790599
-1.8970169098752354,1.0322999999997182,-1.4521989373747168,1.8149812641149043,-2.395792375771851,1.6809486121911748,0.0070567922975165445
-1.9048951183818816,1.0322999999997167,-1.4620636635918236,1.8166443799131935,-2.3964576317893806,1.6813074749176877,0.007306599164341836
-1.9148485190696547,1.0322999999997151,-1.4701138098544304,1.8167566778463542,-2.396152210431146,1.6815294409844215,0.0075572943337582
-1.9259849759347107,1.0322999999997138,-1.47606569175351,1.8158473742412722,-2.396899891613749,1.6816889961224648,0.007808625470566022
-1.9373086426705444,1.0322999999997127,-1.4799107317289204,1.8144458824451872,-2.3999457263336375,1.6818510673024505,0.008060404248192052
-1.9478901552326897,1.0322999999997116,-1.481873847677562,1.8130149424850102,-2.405773150719765,1.6820646120862155,0.00831253186352532
-1.9569922671238584,1.0322999999997107,-1.4823406847547804,1.8119051564217912,-2.414213297207148,1.6823595913125733,0.008564844765337773
-1.9641430574642715,1.0322999999997098,-1.4817802337967936,1.8113331820238787,-2.424623374952077,1.6827470555622832,0.008817387283645792
-1.9691570450878468,1.0322999999997091,-1.4806706996677594,1.8113819639324065,-2.436087174004941,1.68321949324924,0.00907012859741187
-1.9721162618599135,1.0322999999997085,-1.4794381180346277,1.8120165151876721,-2.447609820847104,1.68375817179628,0.009323061437380027
-1.97331047745732,1.0322999999997078,-1.4784133517704943,1.813116100486614,-2.458282732355533,1.6843379298655456,0.009576202496785627
-1.9731639704153878,1.0322999999997073,-1.4778100163915193,1.8145091310386674,-2.4674021404234168,1.6849319994658307,0.00982953700725396
-1.9721578780251872,1.032299999999707,-1.4777222977350235,1.8160079424358209,-2.474534939550827,1.6855161045224774,0.010083080009098414
-1.9707593696461077,1.0322999999997065,-1.4781349663766477,1.8174385732930771,-2.4795332692026415,1.6860713275548604,0.010336786319288263
-1.9693660716221721,1.032299999999706,-1.4789530976078702,1.8186626781782058,-2.482510517295963,1.686585700259306,0.010590651169987638
-1.9682701956853692,1.0322999999997058,-1.4800325908670595,1.8195901357604523,-2.483778342513596,1.6870543139942704,0.010844665941141137
-1.9676434613125917,1.0322999999997056,-1.4812109975655112,1.8201823992613926,-2.4837722556628887,1.6874811275640507,0.011098791245665733
-1.96754088174751,1.0322999999997053,-1.4823345241094616,1.8204502477953808,-2.4829743806449374,1.6878742222946286,0.011353033225498464
-1.967915751255245,1.0322999999997051,-1.4832783374191323,1.8204412414641027,-2.481844395247677,1.688243979712213,0.01160739959164551
-1.9686517596281825,1.032299999999705,-1.4839587776215142,1.8202266872955368,-2.4807665230682736,1.6886013193865066,0.011861895720447171
-1.9695942932316952,1.0322999999997047,-1.4843371575092095,1.8198878959522051,-2.4800165471389577,1.688956190999288,0.012116518434551861
-1.970580456407009,1.0322999999997045,-1.4844205813690547,1.8195037331640234,-2.47974976801764,1.6893164825560218,0.012371258635224817
-1.9714640673578732,1.0322999999997042,-1.4842489938973245,1.8191408941816267,-2.4800062182779192,1.6896874523932435,0.01262611410898521
-1.972133275589891,1.0322999999997042,-1.4838840204653685,1.8188476887742782,-2.4807277162974684,1.6900701378525187,0.012881082121822358
-1.9725199127498054,1.0322999999997042,-1.4833970033188346,1.8186515615417422,-2.4817907787671665,1.6904630544059611,0.013136162809119204
-1.972600667659223,1.0322999999997042,-1.4828580154530153,1.8185596029732358,-2.4830379814626533,1.6908636207395933,0.01339135541765188
-1.9723958130024526,1.0322999999997042,-1.4823271415656945,1.8185603576913199,-2.4843074581124887,1.6912687195650586,0.013646656911331307
-1.9719548777819202,1.0322999999997042,-1.4818487698789506,1.818631042338553,-2.485456960975417,1.6916752227762366,0.013902065573157296
-1.9713448734262917,1.0322999999997042,-1.481449068856939,1.8187429976753386,-2.486380341130328,1.6920804132429417,0.014157580491511277
-1.970638407918796,1.0322999999997042,-1.4811365058229704,1.8188668355026583,-2.4870157610922434,1.6924822680196747,0.014413200595400388
-1.969903316962038,1.0322999999997042,-1.4809012238541466,1.8189766499115165,-2.487346081287447,1.69287963111404,0.014668925428549305
-1.9691949186423177,1.0322999999997042,-1.4807237138088614,1.819052913992572,-2.487396339592888,1.6932721433161466,0.01492475381013209
-1.9685514260066566,1.0322999999997042,-1.4805794951663345,1.8190839318895213,-2.4872192516339995,1.6936604989247268,0.015180685649594456
-1.9679928355052911,1.0322999999997042,-1.4804435227967256,1.8190658579457977,-2.486883304061601,1.6940461571064318,0.015436721014216023
-1.9675210598878234,1.0322999999997042,-1.48029378178378,1.8190035211329314,-2.4864609928798123,1.694430546703529,0.015692859091831674
-1.9671217319564718,1.0322999999997042,-1.4801137496429022,1.8189061944582938,-2.486018771691807,1.6948146870240373,0.01594909911720829
-1.966772467083077,1.0322999999997042,-1.4798936200146904,1.818785545487628,-2.485609734065485,1.695199128559655,0.016205440829587314
-1.9664476002036777,1.0322999999997042,-1.4796302328138533,1.818653659358189,-2.485269481963682,1.6955840494084644,0.01646188358054807
-1.9661224091742386,1.0322999999997042,-1.4793294978438825,1.818521388306438,-2.4850154341375412,1.6959694059079644,0.01671842710787939
-1.9657763631002874,1.0322999999997042,-1.4790003671442302,1.8183971845388478,-2.484844689805536,1.6963550994904948,0.016975071287059967
-1.9653951481487952,1.0322999999997042,-1.4786531292756704,1.8182864809697326,-2.484742423788917,1.6967410001345884,0.017231816184519418
-1.964971239144897,1.0322999999997042,-1.4782978466316472,1.818190902034818,-2.484686399521505,1.697126969391468,0.017488661684245285
-1.9645064704209185,1.0322999999997042,-1.4779431219899455,1.818108688099267,-2.4846515677054333,1.6975128796519063,0.0177456077983111
-1.9640076323425435,1.0322999999997042,-1.477595294065803,1.8180366634881793,-2.484614114633913,1.6978986277253696,0.018002654515544614
-1.9634840311244466,1.0322999999997042,-1.4772582860662147,1.8179709425703277,-2.4845545308844894,1.6982841418549455,0.01825980174887819
-1.9629458309580665,1.0322999999997042,-1.4769314065814565,1.8179075916235448,-2.4844594778055864,1.6986693815949168,0.01851704943164369
-1.9624025960693574,1.0322999999997042,-1.476611456230139,1.817843167136068,-2.4843221415458348,1.6990543361889254,0.018774397479368505
-1.9618621912427383,1.0322999999997042,-1.476294990218102,1.8177750816314047,-2.484145567816632,1.6994390406023616,0.01903184581929906
-1.9613301201291886,1.0322999999997042,-1.4759788161792415,1.8177017823022212,-2.4839366378088132,1.6998235393076266,0.019289394412327594
-1.960809569882199,1.0322999999997042,-1.4756607323717252,1.8176227460664558,-2.483704489634815,1.7002078672918377,0.01954704321248075
-1.9602983264563218,1.0323000000013218,-1.475339848072205,1.817538848740197,-2.4834589339752524,1.7005920440807247,0.019804792202336
-1.9597930489581756,1.032300000005324,-1.475016142823016,1.8174519246997998,-2.483209079041949,1.7009760752199572,0.020062641343960397
-1.9592903431305582,1.0323000000078284,-1.4746900421650244,1.8173637060925159,-2.4829623131400305,1.7013599566435265,0.02032059060871
-1.9587872127652093,1.0323000000102662,-1.4743620973199696,1.817275464815254,-2.4827237113678198,1.7017436792484448,0.020578639986349626
-1.958282049115745,1.0323000000116604,-1.4740327991806959,1.817187941744091,-2.482495973733681,1.7021272339122318,0.020836789454488698
-1.9577743119982114,1.0323000000131524,-1.4737025028849895,1.8171014230049045,-2.482276505801048,1.7025106132557775,0.021095038998298874
-1.9572641645154683,1.0323000000142744,-1.4733714254022516,1.8170158957367561,-2.4820620197767638,1.7028938118485624,0.021353388608820228
-1.9567520857357266,1.0323000000137748,-1.4730396779353825,1.8169312704953313,-2.481849281317157,1.7032768258439401,0.021611838278845406
-1.956238602538019,1.0323000000123486,-1.4727073064555969,1.816847407805412,-2.4816356658494123,1.703659652495665,0.021870388005929813
-1.9557241477686584,1.0323000000104572,-1.4723743257444242,1.8167641463875701,-2.4814199458750696,1.7040422897551035,0.022129037791529464
-1.955209016496354,1.0323000000085418,-1.4720407421833244,1.8166813270997297,-2.4812017821051278,1.704424736058774,0.022387787620603623
-1.9546933785266525,1.0323000000068552,-1.4717065648267678,1.8165988122657613,-2.480981374277529,1.70480699014031,0.02264663746708089
-1.9541773136102634,1.0323000000054954,-1.471371808243974,1.816516498138289,-2.4807591515136873,1.705189050869851,0.022905587332766812
-1.9536608507010071,1.0323000000044638,-1.4710364918851397,1.816434319354552,-2.4805355628137886,1.705570917315621,0.02316463721903531
-1.9531439973764502,1.0323000000036944,-1.4707006374002103,1.81635224298329,-2.480310971193994,1.7059525885708509,0.02342378713918573
-1.9526267583068797,1.0323000000031086,-1.470364266365532,1.8162702652924039,-2.4800856222984784,1.7063340639489388,0.023683037069827495
-1.9521091420620469,1.0323000000026437,-1.4700273978293759,1.8161884297568918,-2.4798596579033534,1.7067153427386417,0.02394238705349166
-1.951591163708026,1.0323000000022557,-1.4696900482803605,1.8161067917101077,-2.4796331487792647,1.7070964244649847,0.024201837082185575
-1.951072842290521,1.03230000000192,-1.4693522310996128,1.8160253945530787,-2.479406125234638,1.7074773091152375,0.02446138715806956
-1.9505541984818202,1.0323000000016238,-1.469013957246156,1.8159442624243145,-2.4791786011916535,1.707857996402472,0.024721037260051766
-1.9500352520973383,1.0323000000013614,-1.4686752356121822,1.8158634019858764,-2.4789505876241873,1.7082384859149051,0.024980787359551716
-1.9495160205175905,1.0323000000011304,-1.4683360733614028,1.8157828102493778,-2.47872209819478,1.7086187772126982,0.025240637443756993
-1.9489965181842508,1.0323000000009293,-1.4679964763202134,1.8157024803367863,-2.478493150228152,1.7089988698698906,0.02550058752512261
-1.9484767567523014,1.0323000000007563,-1.4676564493604785,1.8156224022642924,-2.47826376344947,1.7093787635655815,0.025760637626776002
-1.94795674556958,1.0323000000006088,-1.4673159967090335,1.815542564584321,-2.4780339580362276,1.709758458097318,0.02602078775898449
-1.9474364921499256,1.032300000000484,-1.4669751220419394,1.815462955957155,-2.4778037527971666,1.7101379533204284,0.026281037923669235
-1.9469160026959658,1.0323000000003788,-1.4666338286216276,1.8153835664452533,-2.4775731642653134,1.7105172491507699,0.02654138810476259
-1.946395282383028,1.0323000000002898,-1.4662921192400036,1.8153043878031625,-2.4773422062638715,1.7108963455208204,0.026801838294230947
-1.9458743356779749,1.0323000000002145,-1.4659499963775975,1.8152254141698865,-2.4771108901738934,1.7112752424056208,0.027062388467070857
-1.9453531664512569,1.0323000000001505,-1.4656074621744197,1.8151466423508984,-2.4768792252520484,1.7116539397998054,0.02732303859863446
-1.9448317780363813,1.0323000000000961,-1.4652645184220392,1.8150680715334246,-2.4766472189994597,1.712032437683462,0.027583788674988827
-1.9443101732957908,1.0323000000000495,-1.4649211666390467,1.8149897033203923,-2.476414877549226,1.7124107359923781,0.02784463868137004
-1.9437883546067638,1.0323000000000098,-1.4645774079807359,1.8149115402100358,-2.476182205890733,1.7127888346264197,0.02810558863459271
-1.9432663239782326,1.0322999999999758,-1.464233243380143,1.814833584099111,-2.4759492082252668,1.7131667335002934,0.028366638559783906
-1.942744083128763,1.0322999999999467,-1.4638886736314205,1.8147558357998623,-2.4757158881796935,1.7135444325537554,0.028627788478563645
-1.9422216335293425,1.0322999999999218,-1.4635436994169324,1.814678295205569,-2.475482248909642,1.7139219317413084,0.028889038408751046
-1.9416989764269055,1.0322999999999007,-1.4631983213047395,1.814600961788375,-2.4752482931428577,1.7142992310178393,0.029150388369696623
-1.9411761128621206,1.0322999999998828,-1.4628525397760648,1.814523834801406,-2.475014023185881,1.7146763304384167,0.02941183837601689
-1.9406530437739082,1.0322999999998677,-1.462506355302595,1.8144469132331944,-2.474779441120201,1.7150532299970285,0.029673388429018545
-1.9401297699997664,1.0322999999998548,-1.4621597683399468,1.8143701959605867,-2.474544548792065,1.715429929660982,0.02993503851859444
-1.9396062922719624,1.032299999999844,-1.4618127793088884,1.8142936818933353,-2.4743093478042266,1.7158064293939952,0.030196788628587334
-1.9390826112184372,1.0322999999998346,-1.4614653885806046,1.814217370084505,-2.4740738395222786,1.7161827291689264,0.030458638741704343
-1.9385587273694382,1.0322999999998266,-1.4611175964699326,1.8141412597955366,-2.473838025094312,1.7165588289722091,0.03072058884282992
-1.9380346411674725,1.0322999999998197,-1.4607694032344394,1.8140653505168085,-2.473601905477326,1.7169347288021566,0.03098263892101281
-1.9375103529783955,1.032299999999814,-1.4604208090770634,1.8139896419517711,-2.473365481464954,1.7173104286637653,0.0312447889704873
-1.9369858631212395,1.032299999999809,-1.4600718141870441,1.8139141339329354,-2.4731287537425173,1.7176859285898245,0.03150703898206533
-1.9364611718574107,1.0322999999998048,-1.4597224187064397,1.8138388264024035,-2.472891722877338,1.718061228606975,0.031769388952545885
-1.935936279388012,1.0322999999998013,-1.4593726227141908,1.8137637194108251,-2.472654389320102,1.7184363287135465,0.03203183888961963
-1.9354111858638077,1.0322999999997982,-1.4590224262365432,1.8136888130875901,-2.4724167534243,1.718811228877401,0.03229438881008199
-1.934885891413146,1.0322999999997955,-1.4586718292943675,1.8136141075276133,-2.4721788154919433,1.7191859290613827,0.03255703872873101
-1.9343603961534541,1.0322999999997933,-1.4583208319199756,1.8135396027534552,-2.4719405757934867,1.719560429236637,0.03281978865468663
-1.9338347001890779,1.0322999999997913,-1.4579694341482572,1.813465298745599,-2.4717020345665235,1.7199347293813076,0.033082638593989744
-1.9333088036127182,1.0322999999997895,-1.4576176360156607,1.8133911954555866,-2.4714631920196357,1.7203088294815332,0.03334558855018406
-1.9327827065084418,1.032299999999788,-1.4572654375628458,1.8133172928079704,-2.4712240483384127,1.7206827295331537,0.033608638523937064
-1.9322564089530345,1.0322999999997868,-1.4569128388344819,1.8132435907067403,-2.4709846036888177,1.7210564295409247,0.0338717885133356
-1.931729911016302,1.032299999999786,-1.4565598398772996,1.8131700890444515,-2.4707448582188314,1.7214299295161213,0.03413503851458934
-1.931203212760829,1.032299999999785,-1.4562064407373598,1.8130967877122623,-2.470504812059157,1.721803229473445,0.0343983885229045
-1.930676314241583,1.0322999999997844,-1.455852641457276,1.8130236866093008,-2.470264465323565,1.7221763294279828,0.0346618385333469
-1.93014921550562,1.0322999999997837,-1.4554984420738926,1.8129507856501506,-2.470023818109273,1.7225492293927227,0.0349253885415703
-1.9296219165920545,1.032299999999783,-1.4551438426167205,1.8128780847696984,-2.4697828704976126,1.7229219293768994,0.035189038544335215
-1.929094417532374,1.0322999999997826,-1.454788843107272,1.8128055839250585,-2.4695416225551,1.723294429385236,0.03545278853978554
-1.9285667183510993,1.0322999999997822,-1.4544334435592796,1.8127332830947223,-2.469300074334943,1.7236667294180048,0.03571663852748732
-1.9280388190667386,1.032299999999782,-1.4540776439796734,1.812661182275423,-2.469058225878907,1.724038829471729,0.03598058850826382
-1.9275107196905357,1.0322999999997817,-1.4537214443652957,1.8125892814901274,-2.4688160772157937,1.7244107295374242,0.03624463848508295
-1.9269824202307064,1.0322999999997815,-1.4533648447106977,1.8125175807678866,-2.468573628368113,1.7247824296051761,0.03650878846116567
-1.926453920695255,1.0322999999997813,-1.4530078450132056,1.812446080128933,-2.468330879356567,1.7251539296675926,0.036773038438767426
-1.9259252210926137,1.0322999999997813,-1.4526504452737323,1.8123747795807141,-2.4680878302012315,1.7255252297207508,0.03703738841901519
-1.925396321430985,1.0322999999997813,-1.4522926454950658,1.8123036791217446,-2.4678444809207476,1.725896329763282,0.03730183840236882
-1.9248672217176634,1.0322999999997813,-1.4519344456801777,1.8122327787468078,-2.4676008315314646,1.7262672297950752,0.03756638838907217
-1.9243379219593975,1.032299999999781,-1.451575845832657,1.8121620784472248,-2.4673568820481164,1.726637929817074,0.03783103837906974
-1.9238084221625522,1.0322999999997808,-1.451216845956786,1.8120915782116676,-2.4671126324841834,1.7270084298309896,0.03809578837200867
-1.9232787223331191,1.0322999999997806,-1.450857446057346,1.8120212780273048,-2.466868082852004,1.727378729838974,0.03836063836730544
-1.9227488224766331,1.0322999999997806,-1.4504976461392678,1.8119511778810595,-2.466623233162738,1.7277488298433008,0.03862558836424873
-1.9222187225980547,1.0322999999997806,-1.4501374462072412,1.8118812777607838,-2.46637808342626,1.7281187298460827,0.038890638362110604
-1.9216884227016655,1.0322999999997806,-1.4497768462653702,1.811811577656199,-2.466132633651068,1.728488429849056,0.039155788360243755
-1.9211579227910047,1.0322999999997806,-1.4494158463169329,1.8117420775595048,-2.4658868838442403,1.7288579298534439,0.03942103835815152
-1.9206272228688608,1.0322999999997806,-1.449054446364267,1.8116727774656238,-2.465640834011467,1.729227229859905,0.03968638835552467
-1.920096322937319,1.0322999999997806,-1.4486926464087804,1.8116036773720987,-2.465394484157161,1.7295963298685584,0.039951838352245826
-1.9195652229978528,1.0322999999997806,-1.448330446451067,1.8115347772787058,-2.465147834284629,1.7299652298790729,0.04021738834836666
-1.9190339230511153,1.0322999999997806,-1.4479678464904244,1.8114660771886395,-2.4649008843957843,1.7303339298903981,0.040483038344233155
-1.9185024230975245,1.0322999999997806,-1.4476048465259774,1.8113975771056217,-2.464653634492051,1.730702429901412,0.04074878834020957
-1.9179707231375698,1.0322999999997806,-1.4472414465572456,1.8113292770321867,-2.4644060845748426,1.7310707299113124,0.041014638336540045
-1.9174388231718662,1.0322999999997806,-1.446877646584214,1.8112611769692681,-2.46415823464566,1.7314388299197139,0.041280588333334034
-1.9169067232010608,1.0322999999997806,-1.446513446607116,1.811193276916696,-2.463910084705969,1.731806729926528,0.041546638330623255
-1.9163744232257403,1.0322999999997806,-1.4461488466262196,1.8111255768738561,-2.46366163475707,1.732174429931802,0.041812788328417574
-1.9158419232464672,1.0322999999997806,-1.445783846641879,1.8110580768397249,-2.463412884800166,1.732541929935696,0.04207903832669398
-1.9153092232637945,1.0322999999997806,-1.445418446654542,1.8109907768129696,-2.4631638348363922,1.73290922993845,0.04234538832539637
-1.9147763232782604,1.0322999999997806,-1.4450526466647247,1.8109236767920849,-2.4629144848668174,1.733276329940349,0.042611838324443416
-1.9142432232903743,1.0322999999997804,-1.4446864466729674,1.8108567767755412,-2.462664834892428,1.7336432299416853,0.0428783883237406
-1.9137099233005983,1.0322999999997802,-1.444319846679787,1.8107900767619243,-2.4624148849141068,1.7340099299427272,0.043145038323193385
-1.9131764233093316,1.03229999999978,-1.4439528466856348,1.810723576750043,-2.4621646349326145,1.7343764299436946,0.0434117883227185
-1.912642723316901,1.03229999999978,-1.4435854466908677,1.8106572767390008,-2.4619140849485794,1.7347427299447438,0.04367863832225183
-1.9121088233235572,1.03229999999978,-1.443217646695735,1.810591176728222,-2.461663234962495,1.7351088299459623,0.04394558832175251
-1.9115747233294798,1.03229999999978,-1.4428494467003792,1.8105252767174373,-2.4614120849747296,1.7354747299473727,0.04421263832120314
-1.911040423334785,1.03229999999978,-1.4424808467048507,1.810459576706638,-2.4611606349855446,1.7358404299489436,0.0444797883206068
-1.9105059233394992,1.0322999999997802,-1.4421118467090452,1.8103940766962272,-2.460908884995052,1.7362059299505548,0.04474703832000284
-1.9099712233436321,1.0322999999997804,-1.441742446712849,1.810328776686647,-2.460656835003328,1.7365712299520817,0.04501438831943104
-1.9094363233472091,1.0322999999997804,-1.441372646716199,1.8102636766781894,-2.4604044850104643,1.7369363299534382,0.045281838318916745
-1.9089012233502758,1.0322999999997804,-1.4410024467190885,1.8101987766709562,-2.460151835016574,1.737301229954587,0.0455493883184698
-1.9083659233528836,1.0322999999997804,-1.440631846721539,1.8101340766649259,-2.4598988850217727,1.737665929955523,0.045817038318092015
-1.9078304233550814,1.0322999999997804,-1.4402608467235771,1.8100695766600243,-2.459645635026167,1.738030429956257,0.046084788317782774
-1.9072947233569177,1.0322999999997804,-1.43988944672524,1.8100052766561294,-2.459392085029857,1.7383947299568117,0.04635263831753778
-1.9067588233584432,1.0322999999997804,-1.4395176467265776,1.8099411766530835,-2.459138235032943,1.7387588299572185,0.04662058831734903
-1.9062227233597082,1.0322999999997804,-1.439145446727647,1.8098772766507096,-2.458884085035521,1.7391227299575136,0.046888638317205855
-1.905686423360762,1.0322999999997804,-1.438772846728509,1.809813576648829,-2.4586296350376817,1.7394864299577333,0.04715678831709623
-1.9051499233616491,1.0322999999997804,-1.4383998467292216,1.8097500766472772,-2.4583748850395066,1.7398499299579107,0.04742503831700837
-1.9046132233624085,1.0322999999997804,-1.438026446729835,1.8096867766459166,-2.458119835041067,1.7402132299580724,0.04769338831693195
-1.9040763233630713,1.0322999999997804,-1.4376526467303885,1.8096236766446452,-2.4578644850424203,1.7405763299582375,0.04796183831685915
-1.903539223363661,1.0322999999997804,-1.4372784467309094,1.809560776643398,-2.4576088350436107,1.740939229958417,0.04823038831678491
-1.903001923364193,1.0322999999997804,-1.4369038467314124,1.8094980766421462,-2.4573528850446698,1.7413019299586139,0.048499038316706974
-1.902464423364677,1.0322999999997804,-1.4365288467319017,1.8094355766408898,-2.4570966350456183,1.741664429958825,0.04876778831662529
-1.901926723365112,1.0322999999997804,-1.4361534467323636,1.8093732766396784,-2.4568400850464607,1.7420267299590368,0.04903663831654446
-1.901388823365496,1.0322999999997804,-1.4357776467327836,1.8093111766385646,-2.4565832350471983,1.742388829959235,0.04930558831646889
-1.9008507233658296,1.0322999999997804,-1.435401446733154,1.8092492766375823,-2.4563260850478366,1.74275072995941,0.04957463831640136
-1.900312423366116,1.0322999999997804,-1.4350248467334736,1.8091875766367433,-2.4560686350483834,1.7431124299595582,0.049843788316342855
-1.8997739233663589,1.0322999999997804,-1.434647846733744,1.809126076636046,-2.455810885048848,1.743473929959679,0.0501130383162935
-1.8992352233665626,1.0322999999997804,-1.4342704467339678,1.8090647766354817,-2.455552835049239,1.7438352299597741,0.05038238831625311
-1.8986963233667316,1.0322999999997804,-1.433892646734149,1.8090036766350364,-2.4552944850495653,1.7441963299598464,0.05065183831622112
-1.8981572233668704,1.0322999999997804,-1.4335144467342935,1.8089427766346913,-2.455035835049836,1.7445572299598997,0.050921388316196387
-1.8976179233669843,1.0322999999997804,-1.4331358467344077,1.808882076634425,-2.45477688505006,1.7449179299599387,0.051191038316177495
-1.8970784233670783,1.0322999999997804,-1.4327568467344989,1.808821576634216,-2.4545176350502467,1.7452784299599677,0.05146078831616296
