0.0,0.0,0.0,0.0,0.0,0.0,0.0
-29.67324113487429,-7.549800818309107e-12,-22.260541072357363,14.853655058791942,-37.13525096871473,1.530988485225855,0.024722504496955178
-77.29600437591233,-1.3211527588623742e-11,-57.99130749722219,38.698055982527954,-96.74453267535748,3.9962360522699436,0.07136190095703873
-100.0,-1.6055087836129597e-11,-98.4980001448709,65.73103677168389,-100.0,6.800971938692395,0.13430898450658182
-100.0,-1.8064201558563666e-11,-100.0,90.8547983196114,-100.0,9.412313960097435,0.21409660552817517
-100.0,-1.8914421534837647e-11,-100.0,100.0,-100.0,11.43849191391977,0.2685456263842874
-100.0,-1.898828662290649e-11,-100.0,100.0,-100.0,12.612438182197096,0.3110898681916297
-100.0,-1.847222441059467e-11,-100.0,100.0,-100.0,12.83587595243786,0.3378490352221404
-100.0,-1.7606394253108695e-11,-100.0,99.4049316100883,-100.0,12.141666283779216,0.35331425954052376
-100.0,-1.6524299621027676e-11,-100.0,92.66786989069392,-100.0,10.686775690862692,0.3495083512287966
-100.0,-1.531091795454917e-11,-100.0,80.81042566526068,-100.0,8.676592120817688,0.32692155547852364
-100.0,-1.4064320368510301e-11,-100.0,65.41023132810949,-100.0,6.3736815990614115,0.3003821943184934
-100.0,-1.2832017820875757e-11,-98.50457336274029,48.27358868544887,-100.0,4.0455468362378735,0.27436112646410044
-100.0,-1.1646181903232174e-11,-91.62406974653685,31.21666856524346,-100.0,1.9358836834580475,0.24360898877519205
-100.0,-1.0511453451994573e-11,-80.21930037167947,15.82405521494257,-100.0,0.2199144413008789,0.22251323152320163
-100.0,-9.464542914845731e-12,-65.65623052889634,3.298660290061946,-100.0,-0.9897863411486874,0.20689408616014895
-100.0,-8.496054316895028e-12,-49.53875096011107,-5.6297427552779205,-100.0,-1.6521555482933952,0.2026013382539077
-96.88381542207213,-7.59980190877634e-12,-33.48617643300747,-10.725593528675653,-100.0,-1.8050299965687506,0.20702667950719086
-88.51514720822559,-6.790877483458011e-12,-18.930444225737645,-12.2076631664133,-100.0,-1.5289923553114144,0.21733207356117573
-75.94290266092702,-6.061974225427636e-12,-6.962730174420765,-10.646798232644969,-100.0,-0.9382996820276581,0.22868130552724478
-60.645943220273935,-5.402035492166642e-12,1.7375224173998731,-6.862238393756545,-100.0,-0.16669247442842616,0.23971347677955998
-44.27721564927499,-4.8137273174279325e-12,6.937821742793545,-1.7897222390278769,-100.0,0.6532569070039127,0.24757444517701366
-28.440549577347547,-4.289619889239866e-12,8.812236500142998,3.6478582782196236,-95.8633581032383,1.4023951370963044,0.25361179155108554
-14.490705325593654,-3.815069920559714e-12,7.867974442294523,8.637605321504346,-86.56704971543037,1.9936621536676058,0.25738901415756876
-3.411514122129798,-3.3855443813202316e-12,4.83605207209404,12.55956931424533,-73.28420769047129,2.372647938884984,0.2583205887419778
4.252036511945695,-3.0195131568870514e-12,0.5574683131477576,15.025483367102126,-57.56712898605234,2.518712947393879,0.2576623510338368
8.397324019520674,-2.6840276776869226e-12,-4.128746512076004,15.888112185750423,-41.09532345505275,2.442617723583159,0.25668203258273176
9.313352987176133,-2.3963668192955436e-12,-8.478860417359627,15.219980130903117,-25.45442322228405,2.180944254945424,0.2559358632741805
7.5933289801386135,-2.1273804434011602e-12,-11.920272073398221,13.270248121136209,-11.947867763424073,1.7868814515915197,0.25545116189137274
4.022701886775418,-1.8930614872263588e-12,-14.088435266042778,10.408712957072268,-1.4835546134550928,1.321406178373574,0.2547631502323377
-0.5386060836995261,-1.6805248001540825e-12,-14.835331147579822,7.062490669127877,5.479825495634068,0.8463552951789479,0.25437230178768466
-5.264521507354515,-1.485576202806535e-12,-14.21275900067293,3.6573258826465875,8.923816331029544,0.41705820860642645,0.2541501528068542
-9.449342454463249,-1.3126093560464296e-12,-12.434618452111618,0.5681953113413978,9.210853528254354,0.07357125629459649,0.2537564942802632
-12.576678737577094,-1.1573069706456782e-12,-9.826232505082292,-1.9212221504435818,6.989048749757904,-0.159844200245062,0.25353567013177564
-14.34571495554423,-1.0265886687380449e-12,-6.768427829716849,-3.6365459453544653,3.0765303653815432,-0.27515832483560365,0.253517210869975
-14.672072845913549,-9.079920548814815e-13,-3.6435599828764955,-4.5170222527603565,-1.657040445728971,-0.2790146248097296,0.25347293296148804
-13.663726522852226,-8.037303125279759e-13,-0.7930829352105349,-4.605907111692849,-6.396257843133807,-0.1898060886525083,0.2535659195080171
-11.577727412732266,-7.106641784615668e-13,1.5242634076527337,-4.030072438545554,-10.462331573255778,-0.03377382854879227,0.2537564211708538
-8.76662342595167,-6.286200463397485e-13,3.1469418315725384,-2.972833893159732,-13.376819967349826,0.15938443421551152,0.25403551729599744
-5.6211826410995664,-5.558345217042108e-13,4.015631159499193,-1.6441649621098708,-14.881609369292061,0.3597360369567325,0.25416654768866664
-2.522536759373916,-4.916795630854106e-13,4.1647649607654245,-0.25273422261410894,-14.934241333458264,0.5394115312720985,0.2542483369786346
0.21007154717879528,-4.340125822048916e-13,3.7052393139219535,1.0168148723279038,-13.67879420222623,0.6796892240809608,0.25418962964110137
2.3438522961154566,-3.8565050684366023e-13,2.8000020993414623,2.0252933954059795,-11.399592611406753,0.7694595460807927,0.25424320276314283
3.7473121856991813,-3.4023638341127663e-13,1.6371304646872833,2.6863617191374667,-8.465685981016446,0.8051956017445604,0.25436439462887367
4.390797828066263,-2.991508740703271e-13,0.40511012629843157,2.9682808794022684,-5.273502826775429,0.7903748780360482,0.25446410277121395
4.335036980070239,-2.6590861806744103e-13,-0.726295097210591,2.889451888692691,-2.199706351394725,0.733925302373661,0.25450350446442893
3.7108166532809004,-2.338989196667604e-13,-1.6301284303875487,2.5084836927482757,0.4488745541637127,0.6483895254985255,0.25461294695306624
2.6934754861639942,-2.070813667625725e-13,-2.2264995196481854,1.9111748247180054,2.4570665462586216,0.5476075948820887,0.254738889255057
1.4755420798207632,-1.84407449931731e-13,-2.4846306146048542,1.1961471342793448,3.713275273950942,0.44559437692560677,0.25482415076760123
0.2426718866980413,-1.643973052930349e-13,-2.4189508864791938,0.4617923921851348,4.207515745030053,0.35651457718287644,0.25486229754066714
-0.8440481456596807,-1.4176684849984304e-13,-2.0804578702620375,-0.20406289891828555,4.01748548057934,0.28833357739334514,0.2549023676056846
-1.6702823707785397,-1.2059848922165416e-13,-1.5450962439340286,-0.7365465297571331,3.286821640070486,0.24540636861780854,0.25497553755788266
-2.1706194929767504,-1.0168814046722549e-13,-0.9008330466335334,-1.0958572162019202,2.1985015548402735,0.22854011081342068,0.25506112152439553
-2.3287293972128253,-8.812296838722725e-14,-0.2359977840391152,-1.2681661641330066,0.9475014634374244,0.23541625871780042,0.2551585542402324
-2.171710573416699,-7.990682352934283e-14,0.36816556061841,-1.2633828949250279,-0.27930017293535414,0.26132635356933487,0.2552676123295341
-1.7602673424356212,-7.535746611051763e-14,0.8533169021903808,-1.1104195813203046,-1.3317595405426554,0.3000838974867077,0.25537276624545185
-1.1764056130129634,-7.197547838813987e-14,1.183456874379183,-0.8509863379783433,-2.104092042360313,0.3451576313275983,0.25546961626052034
-0.510241172667038,-6.91868625347251e-14,1.3458247856174368,-0.532630822829482,-2.5404321480326204,0.3875778425512808,0.2555611237937025
0.14755574873848543,-6.77810589917092e-14,1.3489328038281874,-0.20282295652864174,-2.633672588936881,0.4228814314013849,0.2556500950499527
0.7246849593735725,-6.724230379733806e-14,1.2183923266475198,0.0953257751008274,-2.418837305221459,0.4480834931156515,0.25574950966549903
1.1687702136601426,-6.645788773639641e-14,0.9913703459353782,0.33108395615679903,-1.9624962899709408,0.4618287862990139,0.2558497717915832
1.4505472965180275,-6.592031028990304e-14,0.7102180439059906,0.48574654752882396,-1.3501150140755935,0.46429317011222043,0.25594953604949316
1.5638488767515433,-6.586020231859498e-14,0.41756867519337487,0.5530007648394033,-0.6727968967855437,0.45693949205393186,0.25604946600971107
1.5228865452686549,-6.547839061170653e-14,0.1540937772399264,0.537786907519522,-0.020029951021695025,0.4421495318695085,0.25615273734081323
1.3575446953016612,-6.513303954944896e-14,-0.053167826872776464,0.45401375960825824,0.5388319378131484,0.4228115057193547,0.2562543885563322
1.1075434684784864,-6.527844757543874e-14,-0.18791253514659714,0.3215661280058052,0.9554749936363189,0.4018364155515112,0.2563544020350264
0.8160301721305722,-6.5337258534736e-14,-0.24485349309077536,0.1629124861960112,1.2051736547308853,0.3838369675265195,0.2564555871842324
0.5283373485097334,-6.536388561121877e-14,-0.2286705472186497,0.0005879374343656651,1.2861686959128964,0.3707224670458751,0.25655376639785193
0.2782178731997577,-6.525591231378183e-14,-0.15194884435695727,-0.14420952685352206,1.2164459146421966,0.36303742038322756,0.2566521001474752
0.08985116836789214,-6.513594307938938e-14,-0.0325073382957671,-0.25754626840090017,1.0286888441143578,0.36063842588445344,0.25674811801283226
-0.023536426994681156,-6.514984149346148e-14,0.10979049255192988,-0.33122819626289923,0.7642563780213592,0.3628097781576993,0.2568468439146827
-0.05955792173152751,-6.504575505447238e-14,0.25465556112904464,-0.3628986380630063,0.46675468596906,0.36804770666264797,0.2569472803647642
-0.025303540322162234,-6.503489359225666e-14,0.38167218849023415,-0.3554400184383789,0.18095764204317322,0.3735010545396281,0.2570483836383036
0.06492836906929292,-6.51546907407947e-14,0.47928309890462406,-0.3158499427754395,-0.06081460365970437,0.3784132544448839,0.2571494724482304
0.19240140700512862,-6.523674426249126e-14,0.5410483674088828,-0.25380398800494064,-0.2363519036123623,0.38237736278506546,0.25724967463952086
0.33711265366678517,-6.511330538520669e-14,0.565634579683858,-0.17996472440945055,-0.33462187494697226,0.38517448686330913,0.25734951281404267
0.476022527456449,-6.50960481340773e-14,0.5562109162308262,-0.10690497203153924,-0.3553651427617326,0.3867444096460173,0.2574499868974053
0.5943614103896079,-6.512134818200352e-14,0.5194027964168152,-0.0429489939047545,-0.3074938629422687,0.38717007209715354,0.2575508263090677
0.6819230360666121,-6.516624387039698e-14,0.46400138900197097,0.005890851752340505,-0.20665581855264872,0.3866623464276369,0.2576507252144553
0.7335811017883991,-6.515191249097191e-14,0.399308635400971,0.036270310187605605,-0.07237898359147318,0.38550021768126586,0.2577503047519441
0.7491313897100491,-6.516198465190413e-14,0.338286713617527,0.04750384201553415,0.07511029656863968,0.3839760291177507,0.25785004815114476
0.7325805978337445,-6.520821435012898e-14,0.287344080706245,0.04124513076770574,0.21301964764909442,0.38233371337403227,0.25794978927652584
0.691046772556366,-6.51504132830319e-14,0.25077034220641636,0.020940719977365175,0.3272737292815586,0.38099063358174984,0.2580497514467521
0.6334613626644554,-6.515019392360997e-14,0.23054974835410158,-0.008843869818117786,0.40861779409287957,0.38022575285042826,0.25814977375208964
0.5690062005158446,-6.514778097362233e-14,0.2264733978746727,-0.04328371171960863,0.45298418243998406,0.37999690410629405,0.25825001710191753
0.5101433577485244,-6.517476195329687e-14,0.23649218495095345,-0.07688324991167306,0.46119321334809166,0.38012574536309895,0.2583501546780152
0.46269771413918837,-6.517074045019434e-14,0.25723203267509726,-0.10454650442816017,0.43812775066261006,0.38042062802874504,0.25845016714560526
0.4303082794893521,-6.517315330753126e-14,0.2846521175675152,-0.12410611800645532,0.3915539165917375,0.3807359274964763,0.2585501440681537
0.4143285689363174,-6.511751262972175e-14,0.31389017298830146,-0.13464590890406858,0.3307797439500035,0.38101150852220694,0.2586501646387545
0.4140088280440782,-6.514368034191065e-14,0.33843995738169025,-0.13642281749367205,0.2652478110104005,0.38122261768368837,0.25875020023205736
0.4269003575740552,-6.510443784908917e-14,0.35653003807182926,-0.13066162515894889,0.20709639336889063,0.3813536545346225,0.25885017423495243
0.4493937587241213,-6.509288658028851e-14,0.36736867030279885,-0.11926893140852589,0.16180508092104698,0.38139885850896244,0.2589501204950959
0.4775947079159665,-6.510955506323462e-14,0.3710952173170365,-0.10435218414013202,0.13255087569622023,0.381361676264431,0.25905009776184995
0.5046253387752674,-6.513627517032528e-14,0.3686261941093376,-0.09026140398172482,0.1201815607519855,0.38125284717116964,0.2591500815246304
0.5266914699292063,-6.51304085704564e-14,0.36143657600070267,-0.07834281243319645,0.123462694180871,0.3810880940561096,0.2592500733560788
0.5422998833004122,-6.512276934532749e-14,0.3511195077288683,-0.0695047280573996,0.13953361400662945,0.3808851556897309,0.2593500484568066
0.5508987222127387,-6.5117496909946e-14,0.34227395300999924,-0.06417471908683474,0.16448602726165518,0.3806594984464923,0.2594500238736658
0.552806034413311,-6.512502851304086e-14,0.3364349674791324,-0.06231965330844321,0.1942741845317745,0.3804414747840611,0.2595500120150354
0.549043988993145,-6.51193313548812e-14,0.3336089660146716,-0.06351802853186146,0.22087990386779982,0.3802497811964103,0.2596500036893425
0.5411179142797665,-6.511585006487839e-14,0.33318261563189466,-0.06706579252036854,0.24205124793642005,0.38008355047064396,0.2597500033912567
0.5309797706245825,-9.745006779152152e-10,0.3341300180337616,-0.07209974889306493,0.2564686422209014,0.3799334023820162,0.25985000234451083
0.5230005066330564,-5.059885163785002e-09,0.3356623450411703,-0.07774200010399256,0.26376464944002503,0.3797888129369181,0.25995000866499324
0.5180141551809735,-4.3150092558531885e-09,0.33724511843947047,-0.08272082533503532,0.2644274278898672,0.3796417655541507,0.260050009353222
0.5158807197623225,-1.3568473755830034e-09,0.3386047664091536,-0.08577990255887297,0.259619965195313,0.37948723236715093,0.2601500073855096
0.5156218008300505,-9.055163756918742e-11,0.33966293271454434,-0.08694519696968418,0.2509430262129164,0.37932399201862127,0.2602500040506697
0.5164354399862038,1.0946836596539506e-09,0.34045400213225313,-0.08675433062737178,0.24100779838216366,0.37915317276118377,0.26035000300441546
0.5176553333766984,2.138664414477607e-09,0.34105736332634196,-0.0857125270733059,0.23358066723196586,0.37897645137453184,0.26045000461163353
0.5188538938366583,1.7906456107177302e-09,0.34155357614939547,-0.08433032917417002,0.22915277004434648,0.3787953111300155,0.2605500125941507
0.5198290926957099,1.3840200349274664e-09,0.3420032408138177,-0.08295450610027305,0.22746459406792952,0.37861088278785776,0.26065001933203297
0.5205380265383374,9.092645600290218e-10,0.34244248778695763,-0.08167099824963961,0.22750840959359764,0.3784239769739104,0.2607500176920339
0.5210246939124583,6.442536425098463e-10,0.342887620919428,-0.08054615031356216,0.2284739188348586,0.37823503212591164,0.2608500324529062
0.5213623903673461,4.957411376751081e-10,0.3433411361566786,-0.07962181093556636,0.22976284749647372,0.37804448210151503,0.26095002312550497
0.5216198102146316,4.1999219805495385e-10,0.34379953115105494,-0.07891179202164317,0.23100131040964825,0.3778525977748233,0.2610499895936692
0.5218463631849615,3.8223285232074125e-10,0.34425762277970473,-0.07840526062038525,0.23201828154028678,0.37765960089225886,0.2611499317179626
0.5220703791105525,3.552036174703637e-10,0.3447112662315414,-0.07807305901417538,0.23278504318261073,0.37746560747257074,0.2612498733043214
0.5223030618017155,3.249382780385122e-10,0.3451581994993951,-0.07787358042349614,0.2333484969908564,0.3772707006529418,0.26134984806870337
0.5225449399100798,2.890173957559207e-10,0.34559773956700063,-0.07775974617232628,0.23377850676975206,0.37707501233172347,0.26144986804732284
0.5227913797600018,2.5074841948382697e-10,0.34603015614342497,-0.07769240525054852,0.23413939920691906,0.3768788197805589,0.26154986676783765
0.5230387124382859,2.1370366479585664e-10,0.34645798899046676,-0.07763299550593222,0.23447686953831715,0.37668178640129474,0.2616501575409188
0.523281628383073,1.8034194783146576e-10,0.3468802459629395,-0.07750859070857155,0.2348102822476252,0.3764842197274108,0.2617503083084381
0.5235183602164536,1.5020251643758517e-10,0.3472983186016753,-0.07729645933140579,0.23514915024619548,0.37628653929807987,0.2618503684547858
0.5237485435682199,1.259765589420396e-10,0.3477131680469105,-0.07701469107068935,0.23549390046028087,0.37608866416955195,0.2619503528516621
0.5239728818293954,1.0580631778566063e-10,0.3481256186788975,-0.07669466390231988,0.23584124238122917,0.37589054756616636,0.2620502988035158
0.5241924013379204,8.970795425533102e-11,0.34853614777162406,-0.0763649798196025,0.23618717743386092,0.37569206103522773,0.26215021630942476
0.5244086130016844,7.650770280593608e-11,0.3489457107521642,-0.0760402875167552,0.2365293661773328,0.3754931320535183,0.2622502502584551
0.5246221067668561,6.550315239121359e-11,0.3493540634572029,-0.07572650822406547,0.23686580481749442,0.3752939897276578,0.26235030486296107
0.5248333706321613,5.614540314334518e-11,0.3497610651613974,-0.07542833909170076,0.23719593121081084,0.37509465754311666,0.26245031312308037
0.5250429433263585,4.808999964351831e-11,0.35016695839762185,-0.07514918452139939,0.2375204470973617,0.3748952304675222,0.2625502974415523
0.5252510099549641,4.1105710326062764e-11,0.35057165552201974,-0.0748892159928008,0.2378400937466256,0.37469577501886725,0.2626502066708924
0.5254579393891964,3.512719033627616e-11,0.35097555901807725,-0.07464782530396578,0.2381561332133995,0.3744963016944701,0.26275010624943246
0.5256639466219191,2.996163872581787e-11,0.3513789064492737,-0.07442272853391496,0.2384695219758524,0.3742968013481248,0.26285002651566675
0.5258691719501076,2.5487660214189205e-11,0.3517818519367112,-0.07421071989958829,0.23878093217471372,0.3740972299099754,0.26294998214649207
0.5260740398404784,2.1678757711901765e-11,0.35218508113134106,-0.07400931085763482,0.23909132130853789,0.37389747003711504,0.2630501185519274
0.5262785107389408,1.8454809367671445e-11,0.3525883970300149,-0.07381503144195398,0.23940077527494266,0.3736975795288193,0.2631503687526747
0.5264819074039683,1.5753383332926598e-11,0.35299046849711563,-0.07362253572480701,0.23970827381109325,0.3734980663441928,0.26325040005844874
0.5266843738199876,1.3591257600198456e-11,0.3533914399910614,-0.07342558917553622,0.24001407303063427,0.37329889488564316,0.2633502330393049
0.5268863577551738,1.1714380983429444e-11,0.35379206875541097,-0.07322105401980991,0.24031887683609618,0.37309966911245734,0.26345004293584884
0.5270880798716858,1.0077277672649252e-11,0.35419268187332853,-0.07301017880190451,0.24062304021930733,0.3729002106030096,0.2635499004084844
0.5272896261924183,8.605919923263222e-12,0.35459336232027316,-0.07279579216361631,0.24092671520943823,0.37270048764942526,0.26364981770193335
0.527491020338496,7.380334009617096e-12,0.35499408881321937,-0.07258062614094425,0.24122996163508667,0.3725005529708032,0.26374978292309303
0.5276923699707655,6.291698779314242e-12,0.3553950184349596,-0.0723660062946265,0.24153296901094065,0.3723003801490042,0.263849829591957
0.5278936312825097,5.3518656045000715e-12,0.35579602436982893,-0.07215281484838124,0.24183569464771057,0.3721001071898318,0.26394992203377415
0.5280947414015608,4.532215913482127e-12,0.356196948346398,-0.07194168073606831,0.2421380657512848,0.37189985641112644,0.26405001727626465
0.5282956686044301,3.863289537676483e-12,0.35659769768392163,-0.07173289719669293,0.24244005448197203,0.3716996703243968,0.2641500890278168
0.5284964149405686,3.3213451285065816e-12,0.3569982499517141,-0.07152643541017409,0.24274168121128376,0.37149957513921705,0.2642501288294583
0.5286970006602885,2.8656597357526553e-12,0.3573986217974554,-0.07132201460935435,0.24304299095778287,0.37129957855368284,0.26435013828556303
0.5288974488161707,2.4720036562908577e-12,0.3577988382433498,-0.07111919905909674,0.24334403043632968,0.3710996442822855,0.2644501214067373
0.5290977810899112,2.1114112796046165e-12,0.3581989244142869,-0.07091749730769707,0.243644842107713,0.37089974671850323,0.2645500825479093
0.5292980213223529,1.8104085443975034e-12,0.35859891237121916,-0.0707164404546184,0.2439454699302112,0.3706998684179274,0.26465002808710314
0.5294981910018776,1.5554373854036194e-12,0.35899883192585913,-0.0705156501387755,0.2442459529206293,0.3705000038017154,0.2647499641052918
0.5296982963721922,1.3207187147495695e-12,0.3593986846907765,-0.0703148985678906,0.24454630604083452,0.3703001731768068,0.2648498898760412
0.5298984058951783,1.1204115055556947e-12,0.35979859776297324,-0.07011386153204649,0.24484663711657953,0.370100310576057,0.2649498361532097
0.530098546677135,9.749712799299653e-13,0.36019861746414433,-0.06991248714050112,0.24514699099532308,0.3699003816532624,0.26504981369729963
0.5302987116192954,8.492554353546816e-13,0.3605987232527139,-0.06971091037714824,0.2454473604543818,0.36970038913751185,0.2651498167124278
0.5304988833614515,7.398865345966019e-13,0.36099887513210127,-0.06950930731443779,0.24574772234174527,0.36950035282771704,0.26524983464901775
0.530699058809978,6.307540966329552e-13,0.3613990623451361,-0.0693077549569977,0.24604807453759825,0.3693002810811692,0.265349864339852
0.5308992313101418,5.571013000490236e-13,0.3617992676599902,-0.06910631509089638,0.2463484092271407,0.36910018755051693,0.26544990106627064
0.5310993910944586,4.640193161886523e-13,0.36219946814997633,-0.06890504252426688,0.2466487136281461,0.368900089913745,0.26554993874140587
0.5312995290437641,3.5775319050743907e-13,0.362599642624626,-0.06870397663082772,0.24694897568107946,0.3687000048181415,0.265649971758522
0.5314996389419647,2.900150586675259e-13,0.3629997760799936,-0.06850313667843118,0.24724918746517477,0.36849994443284734,0.265749996097521
0.5316997183807862,2.3198158438712846e-13,0.3633998614679313,-0.06830252082866278,0.2475493465814079,0.3682999148475211,0.26585000976289125
0.5318997686763696,1.959149758810812e-13,0.36379989949584357,-0.06810210825354804,0.24784945604794636,0.3680999160549906,0.26595001273019864
0.5320997941603419,1.391656108806324e-13,0.36419989717876583,-0.06790186354694346,0.24814952325525316,0.36789994304798984,0.2660500065809738
0.5322998011429623,7.154894048785518e-14,0.36459986573493625,-0.06770174248279522,0.24844955842873787,0.3676999875335665,0.266149993973239
0.5324997967771699,7.219426085530005e-14,0.3649998182831885,-0.06750169816660098,0.2487495729416373,0.36750003983021284,0.26624997806273437
0.5326997879980546,7.600831967025537e-14,0.36539976769202176,-0.06730168671999906,0.2490495777408432,0.3673000906093744,0.2663499619618011
0.5328997814861953,1.4370863928893844e-13,0.3657997264767156,-0.06710166753541556,0.2493495833068557,0.3671001312790352,0.2664499487109388
0.5330997867087068,1.3160543346368301e-13,0.36619971285455244,-0.06690158688962444,0.24964960423036517,0.3669001504438358,0.2665499427895436
0.5332998027231055,1.5731762575863264e-13,0.36659972433932464,-0.06670144530732453,0.24994963942488518,0.36670014906792925,0.2666499435132575
0.5334998249693865,1.3188324401933922e-13,0.3669997513015083,-0.06650126683942456,0.2502496823279378,0.366500133743333,0.2667499484212649
0.533699848977236,1.5819795699306247e-13,0.3673997843645153,-0.06630107894704299,0.2505497264713831,0.36630011197235546,0.2668499551239323
0.5338998729610512,1.4896014615771202e-13,0.36779981958245295,-0.06610089617581877,0.2508497693807726,0.3661000882170106,0.26694996259561166
0.5340998960848566,8.001710473131531e-14,0.36819985496146745,-0.06590072637085048,0.2511498099773129,0.36590006509969564,0.26704997030415895
0.5342999172620456,5.981124731805387e-14,0.36859988805198585,-0.06570057641996206,0.25144984678120985,0.36570004469676215,0.26714997760834885
0.5344999354880655,3.056234804503354e-14,0.3689999166086087,-0.0655004512441943,0.2517498784141708,0.3655000284070628,0.2672499839221916
0.5346999500755523,1.2803504619025318e-14,0.36939993905443086,-0.06530035324287,0.2520499039552109,0.36530001692088493,0.26734998883019945
0.5348999607701288,-2.2470734169610413e-14,0.36979995470798,-0.0651002821876109,0.2523499231164712,0.36510001026874034,0.2674499921439738
0.5350999677563416,-3.9108094179371495e-16,0.370199963791249,-0.0649002355020395,0.25264993625484256,0.36490000793112115,0.26754999390378126
0.5352999715828148,-3.727481824678566e-14,0.37059996727634004,-0.06470020882575736,0.2529499442614808,0.36470000898944294,0.26764999433939174
0.5354999730387787,-3.8125948218904636e-14,0.37099996663471047,-0.0645001967405091,0.25324994837795356,0.3645000122989692,0.26774999380758324
0.5356999730140829,-6.96593350351153e-14,0.3713999635555907,-0.0643001935356801,0.2535499499887011,0.3643000166619301,0.2678499927211058
0.535899972368549,-9.802076992402052e-14,0.37179995968134305,-0.06410019390452955,0.253849950425519,0.36410002098186395,0.2679499914825416
0.5360999720112275,-6.462841501395754e-14,0.37219995676401596,-0.06390019252504671,0.25414995108761446,0.36390002416510386,0.26804999052296574
0.5362999729956014,-1.4668407761973394e-14,0.3725999568544631,-0.06370018346429115,0.2544499535857001,0.3637000249780345,0.26814999034923837
0.5364999751895636,-8.821687613962617e-15,0.37299995964074006,-0.06350016705279123,0.25474995774766757,0.3635000235902114,0.2682499908783453
0.5366999780589987,-2.7274635920647928e-14,0.3733999640139873,-0.06330014626959932,0.2550499627944691,0.36330002078441004,0.26834999182884384
0.5368999810894295,5.906296258353288e-14,0.37379996891051315,-0.06310012440528219,0.25534996797329507,0.36310001741785375,0.2684499929313246
0.5370999840860667,5.2385523352351876e-14,0.3741999739111961,-0.0629001031574894,0.25564997300796366,0.3629000139720535,0.2685499940777053
0.537299986954971,7.486557349370544e-15,0.3745999788026994,-0.06270008345014672,0.25594997777141837,0.3627000107211812,0.26864999521210914
0.5374999895702486,1.1538497332892251e-14,0.374999983311893,-0.06250006608810961,0.2562499820866494,0.3625000078819156,0.2687499962640494
0.537699991815893,1.6960047142518128e-14,0.37539998718810846,-0.06230005164036569,0.2565499857896861,0.36230000559789416,0.2688499971688496
0.5378999936141748,-9.662609728222383e-14,0.37579999026019395,-0.06210004037712941,0.2568499887722535,0.3621000039348203,0.26894999788201707
0.5380999949389924,-1.9596767400328345e-13,0.3761999924627839,-0.061900032259529246,0.25714999100266955,0.36190000288499385,0.2690499983858941
0.5382999958163497,-1.9598269481345503e-13,0.3765999938364821,-0.06170002697451348,0.2574499925261259,0.36170000237858235,0.2691499986894369
0.5384999963147485,-1.6920856881960987e-13,0.3769999945084163,-0.06150002400260235,0.25774999345041083,0.36150000230093005,0.2692499988234199
0.538699996529908,-5.659589944638634e-14,0.3773999946615693,-0.061300022704178316,0.2580499939236961,0.36130000251242267,0.2693499988327495
0.5388999965680499,3.652986538027825e-14,0.3777999945015879,-0.061100022409624984,0.25834999410927434,0.3611000028685615,0.2694499987681282
0.5390999965308888,9.748205419448391e-14,0.37819999422592515,-0.060900022500416325,0.25864999416296036,0.36090000323791016,0.26954999867822255
0.539299996530875,1.3932463924776388e-13,0.3785999940542868,-0.06070002232899498,0.25894999425628384,0.36070000348354053,0.2696499986173615
0.5394999966832015,1.586128920479427e-13,0.37899999421267505,-0.06050002124676964,0.25924999456444947,0.36050000346823624,0.26974999864165594
